Tam.: (1820, 4760)
(1016, 295)
(1016, 296)
(1016, 297)
(1016, 298)
(1016, 299)
(1016, 300)
(1016, 301)
(1016, 302)
(1015, 303)
(1015, 304)
(1016, 305)
(1016, 306)
(1016, 307)
(1016, 308)
(1015, 309)
(1015, 310)
(1016, 311)
(1016, 312)
(1016, 313)
(1016, 314)
(1016, 315)
(1016, 316)
(1016, 317)
(1016, 318)
(1016, 319)
(1016, 320)
(1016, 321)
(1016, 322)
(1016, 323)
(1016, 324)
(1016, 325)
(1016, 326)
(1016, 327)
(1016, 328)
(1016, 329)
(1016, 330)
(1016, 331)
(1016, 332)
(1016, 333)
(1016, 334)
(1016, 335)
(1016, 336)
(1016, 337)
(1016, 338)
(1016, 339)
(1016, 340)
(1016, 341)
(1016, 342)
(1016, 343)
(1016, 344)
(1016, 345)
(1016, 346)
(1016, 347)
(1016, 348)
(1015, 349)
(1016, 350)
(1016, 351)
(1016, 352)
(1016, 353)
(1016, 354)
(1016, 355)
(1016, 356)
(1016, 357)
(1016, 358)
(1015, 359)
(1015, 360)
(1015, 361)
(1015, 362)
(1015, 363)
(1015, 364)
(1015, 365)
(1015, 366)
(1015, 367)
(1015, 368)
(1015, 369)
(1015, 370)
(1015, 371)
(1016, 372)
(1016, 373)
(1016, 374)
(1016, 375)
(1016, 376)
(1016, 377)
(1016, 378)
(1016, 379)
(1016, 380)
(1016, 381)
(1016, 382)
(1016, 383)
(1016, 384)
(1016, 385)
(1016, 386)
(1016, 387)
(1016, 388)
(1016, 389)
(1016, 390)
(1016, 391)
(1016, 392)
(1016, 393)
(1016, 394)
(1016, 395)
(1016, 396)
(1016, 397)
(1016, 398)
(1016, 399)
(1016, 400)
(1016, 401)
(1016, 402)
(1015, 403)
(1015, 404)
(1015, 405)
(1015, 406)
(1015, 407)
(1015, 408)
(1015, 409)
(1015, 410)
(1015, 411)
(1015, 412)
(1016, 413)
(1016, 414)
(1016, 415)
(1016, 416)
(1016, 417)
(1016, 418)
(1016, 419)
(1016, 420)
(1016, 421)
(1016, 422)
(1016, 423)
(1016, 424)
(1016, 425)
(1016, 426)
(1015, 427)
(1015, 428)
(1015, 429)
(1016, 430)
(1016, 431)
(1016, 432)
(1016, 433)
(1016, 434)
(1016, 435)
(1016, 436)
(1016, 437)
(1016, 438)
(1016, 439)
(1016, 440)
(1015, 474)
(1016, 475)
(1016, 476)
(1016, 477)
(1016, 478)
(1016, 479)
(1016, 480)
(1016, 481)
(1016, 482)
(1016, 483)
(1016, 484)
(1015, 485)
(1016, 486)
(1016, 487)
(1016, 488)
(1016, 489)
(1016, 490)
(1015, 491)
(1015, 492)
(1016, 493)
(1016, 494)
(1016, 495)
(1016, 496)
(1015, 497)
(1015, 498)
(1015, 499)
(1015, 500)
(1015, 501)
(1015, 502)
(1015, 503)
(1015, 504)
(1016, 505)
(1016, 506)
(1016, 507)
(1016, 508)
(1016, 509)
(1016, 510)
(1016, 511)
(1016, 512)
(1016, 513)
(1016, 514)
(1016, 515)
(1016, 516)
(1016, 517)
(1016, 518)
(1016, 519)
(1016, 520)
(1016, 521)
(1016, 522)
(1016, 523)
(1016, 524)
(1016, 525)
(1016, 526)
(1016, 527)
(1016, 528)
(1016, 529)
(1016, 530)
(1016, 531)
(1016, 532)
(1016, 533)
(1016, 534)
(1015, 535)
(1015, 536)
(1015, 537)
(1015, 538)
(1016, 539)
(1016, 540)
(1015, 541)
(1015, 542)
(1015, 543)
(1015, 544)
(1016, 545)
(1016, 546)
(1015, 547)
(1015, 548)
(1015, 549)
(1015, 550)
(1015, 551)
(1015, 552)
(1015, 553)
(1015, 554)
(1015, 555)
(1015, 556)
(1015, 557)
(1015, 558)
(1015, 559)
(1016, 560)
(1016, 561)
(1016, 562)
(1016, 563)
(1016, 564)
(1016, 565)
(1016, 566)
(1016, 567)
(1016, 568)
(1016, 569)
(1016, 570)
(1016, 571)
(1016, 572)
(1015, 573)
(1015, 574)
(1015, 575)
(1016, 576)
(1016, 577)
(1016, 578)
(1016, 579)
(1016, 580)
(1016, 581)
(1016, 582)
(1016, 583)
(1015, 584)
(1015, 585)
(1015, 586)
(1016, 587)
(1016, 588)
(1016, 589)
(1016, 590)
(1015, 591)
(1015, 592)
(1015, 593)
(1016, 594)
(1015, 595)
(1015, 596)
(1015, 597)
(1015, 598)
(1015, 599)
(1016, 600)
(1016, 601)
(1015, 602)
(1015, 603)
(1016, 604)
(1015, 605)
(1015, 606)
(1015, 607)
(1015, 608)
(1015, 609)
(1015, 610)
(1015, 611)
(1015, 612)
(1015, 613)
(1015, 614)
(1015, 615)
(1015, 616)
(1016, 617)
(1016, 618)
(1016, 619)
(1015, 620)
(1015, 621)
(1015, 622)
(1016, 623)
(1016, 629)
(1016, 630)
(1016, 631)
(1015, 632)
(1016, 633)
(1016, 634)
(1016, 635)
(1016, 636)
(1016, 637)
(1016, 638)
(1016, 639)
(1016, 640)
(1016, 641)
(1016, 642)
(1016, 643)
(1016, 651)
(1016, 652)
(1016, 653)
(1016, 654)
(1016, 655)
(1016, 656)
(1016, 657)
(1015, 658)
(1015, 659)
(1015, 660)
(1015, 661)
(1015, 662)
(1015, 663)
(1015, 664)
(1015, 665)
(1015, 666)
(1015, 667)
(1015, 668)
(1015, 669)
(1015, 670)
(1016, 671)
(1016, 672)
(1016, 673)
(1015, 674)
(1015, 675)
(1015, 676)
(1015, 677)
(1015, 678)
(1015, 679)
(1015, 680)
(1015, 681)
(1015, 682)
(1016, 683)
(1016, 684)
(1015, 685)
(1015, 686)
(1015, 687)
(1015, 688)
(1015, 689)
(1015, 690)
(1015, 691)
(1015, 692)
(1015, 693)
(1015, 694)
(1015, 695)
(1015, 696)
(1015, 697)
(1015, 698)
(1015, 699)
(1015, 700)
(1015, 701)
(1015, 702)
(1015, 703)
(1015, 704)
(1015, 705)
(1015, 706)
(1015, 707)
(1015, 708)
(1015, 709)
(1015, 710)
(1015, 711)
(1015, 712)
(1015, 713)
(1015, 714)
(1015, 715)
(1015, 716)
(1015, 717)
(1016, 718)
(1016, 719)
(1015, 720)
(1015, 721)
(1015, 722)
(1015, 723)
(1015, 724)
(1015, 725)
(1015, 726)
(1015, 727)
(1015, 728)
(1015, 729)
(1016, 730)
(1016, 731)
(1016, 732)
(1015, 733)
(1015, 734)
(1015, 735)
(1015, 736)
(1015, 737)
(1015, 738)
(1015, 739)
(1015, 740)
(1015, 741)
(1016, 742)
(1016, 743)
(1016, 744)
(1016, 745)
(1015, 746)
(1015, 747)
(1015, 748)
(1015, 749)
(1015, 750)
(1015, 751)
(1015, 752)
(1016, 753)
(1016, 754)
(1016, 755)
(1016, 756)
(1016, 757)
(1015, 758)
(1015, 759)
(1015, 760)
(1016, 761)
(1016, 762)
(1016, 763)
(1016, 764)
(1016, 765)
(1016, 766)
(1016, 767)
(1016, 768)
(1016, 769)
(1016, 770)
(1015, 771)
(1015, 772)
(1015, 773)
(1015, 774)
(1015, 775)
(1016, 776)
(1016, 777)
(1016, 778)
(1016, 779)
(1016, 780)
(1016, 781)
(1015, 782)
(1015, 783)
(1015, 784)
(1015, 785)
(1015, 786)
(1015, 787)
(1015, 788)
(1015, 789)
(1015, 790)
(1015, 791)
(1015, 792)
(1015, 793)
(1015, 794)
(1015, 795)
(1015, 796)
(1016, 797)
(1016, 798)
(1016, 799)
(1015, 800)
(1015, 801)
(1015, 802)
(1016, 803)
(1015, 804)
(1015, 805)
(1015, 806)
(1016, 807)
(1016, 808)
(1016, 812)
(1016, 813)
(1016, 814)
(1016, 815)
(1016, 816)
(1016, 817)
(1016, 818)
(1016, 819)
(1016, 820)
(1016, 821)
(1015, 822)
(1016, 823)
(1016, 824)
(1016, 825)
(1016, 829)
(1016, 830)
(1016, 831)
(1016, 832)
(1016, 833)
(1016, 834)
(1016, 835)
(1015, 836)
(1015, 837)
(1016, 838)
(1016, 839)
(1016, 840)
(1016, 841)
(1015, 842)
(1015, 843)
(1016, 844)
(1015, 845)
(1015, 846)
(1015, 847)
(1015, 848)
(1015, 849)
(1015, 850)
(1015, 851)
(1015, 852)
(1015, 853)
(1015, 854)
(1016, 855)
(1016, 856)
(1016, 857)
(1016, 858)
(1015, 859)
(1015, 860)
(1015, 861)
(1016, 862)
(1016, 863)
(1016, 864)
(1015, 865)
(1015, 866)
(1015, 867)
(1015, 868)
(1015, 869)
(1015, 870)
(1015, 871)
(1015, 872)
(1015, 873)
(1015, 874)
(1015, 875)
(1015, 876)
(1016, 877)
(1016, 878)
(1015, 879)
(1015, 880)
(1015, 881)
(1015, 882)
(1015, 883)
(1015, 884)
(1015, 885)
(1015, 886)
(1015, 887)
(1015, 888)
(1015, 889)
(1015, 890)
(1015, 891)
(1015, 892)
(1015, 893)
(1015, 894)
(1015, 895)
(1015, 896)
(1015, 897)
(1015, 898)
(1015, 899)
(1015, 900)
(1015, 901)
(1015, 902)
(1016, 903)
(1016, 904)
(1016, 905)
(1016, 906)
(1015, 907)
(1015, 908)
(1015, 909)
(1015, 910)
(1015, 911)
(1016, 912)
(1016, 913)
(1016, 914)
(1016, 915)
(1016, 916)
(1016, 917)
(1015, 918)
(1015, 919)
(1016, 920)
(1016, 921)
(1016, 922)
(1016, 923)
(1016, 924)
(1016, 925)
(1016, 926)
(1015, 927)
(1015, 928)
(1016, 929)
(1015, 930)
(1015, 931)
(1015, 932)
(1015, 933)
(1015, 934)
(1015, 935)
(1015, 936)
(1015, 937)
(1015, 938)
(1016, 939)
(1016, 940)
(1015, 941)
(1015, 942)
(1016, 943)
(1015, 944)
(1015, 945)
(1015, 946)
(1015, 947)
(1015, 948)
(1015, 949)
(1015, 950)
(1015, 951)
(1015, 952)
(1015, 953)
(1015, 954)
(1016, 955)
(1016, 956)
(1016, 957)
(1016, 958)
(1016, 959)
(1016, 960)
(1016, 961)
(1016, 962)
(1016, 963)
(1015, 964)
(1015, 965)
(1015, 966)
(1015, 967)
(1015, 968)
(1016, 969)
(1015, 970)
(1015, 971)
(1015, 972)
(1015, 973)
(1015, 974)
(1015, 975)
(1015, 976)
(1015, 977)
(1015, 978)
(1015, 979)
(1015, 980)
(1015, 981)
(1016, 982)
(1015, 983)
(1015, 984)
(1015, 985)
(1015, 986)
(1015, 987)
(1015, 988)
(1016, 989)
(1016, 990)
(1016, 991)
(1015, 996)
(1016, 997)
(1016, 998)
(1016, 999)
(1016, 1000)
(1016, 1001)
(1016, 1004)
(1016, 1005)
(1016, 1006)
(1016, 1007)
(1016, 1018)
(1016, 1019)
(1016, 1020)
(1016, 1021)
(1015, 1022)
(1016, 1023)
(1016, 1024)
(1016, 1025)
(1016, 1026)
(1015, 1027)
(1015, 1028)
(1015, 1029)
(1015, 1030)
(1015, 1031)
(1015, 1032)
(1015, 1033)
(1015, 1034)
(1015, 1035)
(1015, 1036)
(1015, 1037)
(1015, 1038)
(1015, 1039)
(1015, 1040)
(1015, 1041)
(1016, 1042)
(1016, 1043)
(1016, 1044)
(1015, 1045)
(1015, 1046)
(1015, 1047)
(1015, 1048)
(1016, 1049)
(1016, 1050)
(1016, 1051)
(1016, 1052)
(1015, 1053)
(1015, 1054)
(1015, 1055)
(1015, 1056)
(1015, 1057)
(1015, 1058)
(1015, 1059)
(1015, 1060)
(1015, 1061)
(1015, 1062)
(1015, 1063)
(1015, 1064)
(1015, 1065)
(1015, 1066)
(1015, 1067)
(1015, 1068)
(1015, 1069)
(1015, 1070)
(1015, 1071)
(1015, 1072)
(1016, 1073)
(1016, 1074)
(1016, 1075)
(1016, 1076)
(1016, 1077)
(1016, 1078)
(1016, 1079)
(1015, 1080)
(1015, 1081)
(1015, 1082)
(1015, 1083)
(1015, 1084)
(1016, 1085)
(1016, 1086)
(1016, 1087)
(1016, 1088)
(1015, 1089)
(1015, 1090)
(1015, 1091)
(1015, 1092)
(1015, 1093)
(1015, 1094)
(1016, 1095)
(1016, 1096)
(1016, 1097)
(1016, 1098)
(1015, 1099)
(1015, 1100)
(1015, 1101)
(1015, 1102)
(1015, 1103)
(1015, 1104)
(1015, 1105)
(1015, 1106)
(1016, 1107)
(1016, 1108)
(1015, 1109)
(1016, 1110)
(1016, 1111)
(1015, 1112)
(1016, 1113)
(1015, 1114)
(1015, 1115)
(1015, 1116)
(1015, 1117)
(1015, 1118)
(1015, 1119)
(1015, 1120)
(1015, 1121)
(1016, 1122)
(1015, 1123)
(1015, 1124)
(1015, 1125)
(1015, 1126)
(1015, 1127)
(1015, 1128)
(1015, 1129)
(1015, 1130)
(1015, 1131)
(1015, 1132)
(1015, 1133)
(1015, 1134)
(1015, 1135)
(1015, 1136)
(1015, 1137)
(1015, 1138)
(1015, 1139)
(1015, 1140)
(1015, 1141)
(1015, 1142)
(1015, 1143)
(1015, 1144)
(1015, 1145)
(1015, 1146)
(1015, 1147)
(1016, 1148)
(1015, 1149)
(1015, 1150)
(1015, 1151)
(1015, 1152)
(1015, 1153)
(1016, 1154)
(1015, 1155)
(1015, 1156)
(1015, 1157)
(1015, 1158)
(1015, 1159)
(1015, 1160)
(1015, 1161)
(1015, 1162)
(1015, 1163)
(1015, 1164)
(1015, 1165)
(1015, 1166)
(1015, 1167)
(1015, 1168)
(1015, 1169)
(1015, 1170)
(1015, 1171)
(1015, 1172)
(1015, 1173)
(1015, 1174)
(1016, 1175)
(1015, 1179)
(1015, 1180)
(1015, 1181)
(1015, 1182)
(1015, 1183)
(1016, 1184)
(1016, 1185)
(1016, 1186)
(1016, 1187)
(1015, 1188)
(1015, 1189)
(1015, 1190)
(1015, 1191)
(1015, 1192)
(1015, 1193)
(1015, 1194)
(1015, 1195)
(1015, 1196)
(1015, 1197)
(1016, 1198)
(1015, 1199)
(1015, 1200)
(1015, 1201)
(1016, 1202)
(1016, 1203)
(1016, 1204)
(1016, 1205)
(1016, 1206)
(1015, 1207)
(1015, 1208)
(1015, 1209)
(1015, 1210)
(1015, 1211)
(1015, 1212)
(1015, 1213)
(1015, 1214)
(1015, 1215)
(1015, 1216)
(1015, 1217)
(1015, 1218)
(1015, 1219)
(1015, 1220)
(1015, 1221)
(1015, 1222)
(1015, 1223)
(1015, 1224)
(1015, 1225)
(1015, 1226)
(1015, 1227)
(1015, 1228)
(1015, 1229)
(1015, 1230)
(1015, 1231)
(1015, 1232)
(1015, 1233)
(1015, 1234)
(1015, 1235)
(1016, 1236)
(1015, 1237)
(1015, 1238)
(1015, 1239)
(1015, 1240)
(1015, 1241)
(1015, 1242)
(1015, 1243)
(1015, 1244)
(1015, 1245)
(1015, 1246)
(1015, 1247)
(1015, 1248)
(1015, 1249)
(1015, 1250)
(1015, 1251)
(1015, 1252)
(1016, 1253)
(1016, 1254)
(1016, 1255)
(1015, 1256)
(1015, 1257)
(1015, 1258)
(1015, 1259)
(1015, 1260)
(1015, 1261)
(1015, 1262)
(1015, 1263)
(1015, 1264)
(1015, 1265)
(1015, 1266)
(1015, 1267)
(1015, 1268)
(1015, 1269)
(1015, 1270)
(1015, 1271)
(1015, 1272)
(1015, 1273)
(1015, 1274)
(1015, 1275)
(1015, 1276)
(1015, 1277)
(1015, 1278)
(1015, 1279)
(1015, 1280)
(1015, 1281)
(1015, 1282)
(1015, 1283)
(1015, 1284)
(1015, 1285)
(1015, 1286)
(1015, 1287)
(1015, 1288)
(1015, 1289)
(1016, 1290)
(1016, 1291)
(1015, 1292)
(1015, 1293)
(1015, 1294)
(1015, 1295)
(1015, 1296)
(1015, 1297)
(1015, 1298)
(1015, 1299)
(1015, 1300)
(1015, 1301)
(1015, 1302)
(1015, 1303)
(1015, 1304)
(1015, 1305)
(1016, 1306)
(1015, 1307)
(1015, 1308)
(1015, 1309)
(1015, 1310)
(1015, 1311)
(1015, 1312)
(1015, 1313)
(1015, 1314)
(1015, 1315)
(1015, 1316)
(1015, 1317)
(1015, 1318)
(1015, 1319)
(1015, 1320)
(1015, 1321)
(1015, 1322)
(1014, 1323)
(1014, 1324)
(1015, 1325)
(1015, 1326)
(1015, 1327)
(1015, 1328)
(1015, 1329)
(1015, 1330)
(1015, 1331)
(1015, 1332)
(1015, 1333)
(1015, 1334)
(1015, 1335)
(1015, 1336)
(1015, 1337)
(1015, 1338)
(1015, 1339)
(1015, 1340)
(1015, 1341)
(1015, 1342)
(1015, 1343)
(1015, 1344)
(1015, 1345)
(1015, 1346)
(1015, 1347)
(1015, 1348)
(1015, 1349)
(1015, 1350)
(1015, 1351)
(1015, 1352)
(1015, 1353)
(1015, 1354)
(1015, 1355)
(1015, 1356)
(1015, 1357)
(1015, 1358)
(1016, 1359)
(1016, 1363)
(1016, 1364)
(1016, 1365)
(1015, 1366)
(1016, 1367)
(1016, 1368)
(1016, 1369)
(1016, 1370)
(1016, 1371)
(1016, 1372)
(1016, 1373)
(1016, 1374)
(1016, 1375)
(1016, 1376)
(1016, 1377)
(1016, 1378)
(1016, 1379)
(1016, 1380)
(1015, 1381)
(1015, 1382)
(1015, 1383)
(1016, 1384)
(1016, 1385)
(1016, 1386)
(1016, 1387)
(1016, 1388)
(1016, 1389)
(1016, 1390)
(1016, 1391)
(1016, 1392)
(1015, 1393)
(1016, 1394)
(1016, 1395)
(1016, 1396)
(1015, 1397)
(1015, 1398)
(1015, 1399)
(1015, 1400)
(1015, 1401)
(1015, 1402)
(1015, 1403)
(1015, 1404)
(1015, 1405)
(1015, 1406)
(1015, 1407)
(1015, 1408)
(1015, 1409)
(1015, 1410)
(1016, 1411)
(1016, 1412)
(1016, 1413)
(1016, 1414)
(1016, 1415)
(1016, 1416)
(1016, 1417)
(1016, 1418)
(1016, 1419)
(1016, 1420)
(1016, 1421)
(1016, 1422)
(1016, 1423)
(1016, 1424)
(1016, 1425)
(1016, 1426)
(1016, 1427)
(1015, 1428)
(1015, 1429)
(1015, 1430)
(1015, 1431)
(1015, 1432)
(1015, 1433)
(1015, 1434)
(1016, 1435)
(1016, 1436)
(1016, 1437)
(1016, 1438)
(1016, 1439)
(1016, 1440)
(1015, 1441)
(1015, 1442)
(1015, 1443)
(1016, 1444)
(1016, 1445)
(1015, 1446)
(1015, 1447)
(1015, 1448)
(1015, 1449)
(1015, 1450)
(1016, 1451)
(1016, 1452)
(1016, 1453)
(1016, 1454)
(1016, 1455)
(1016, 1456)
(1016, 1457)
(1016, 1458)
(1016, 1459)
(1015, 1460)
(1015, 1461)
(1016, 1462)
(1016, 1463)
(1016, 1464)
(1016, 1465)
(1016, 1466)
(1016, 1467)
(1016, 1468)
(1016, 1469)
(1016, 1470)
(1016, 1471)
(1016, 1472)
(1016, 1473)
(1015, 1474)
(1015, 1475)
(1015, 1476)
(1015, 1477)
(1015, 1478)
(1016, 1479)
(1016, 1480)
(1015, 1481)
(1015, 1482)
(1015, 1483)
(1015, 1484)
(1015, 1485)
(1015, 1486)
(1015, 1487)
(1015, 1488)
(1015, 1489)
(1015, 1490)
(1015, 1491)
(1015, 1492)
(1015, 1493)
(1015, 1494)
(1015, 1495)
(1015, 1496)
(1015, 1497)
(1015, 1498)
(1015, 1499)
(1015, 1500)
(1016, 1501)
(1016, 1502)
(1015, 1503)
(1015, 1504)
(1015, 1505)
(1016, 1506)
(1016, 1507)
(1016, 1508)
(1016, 1509)
(1016, 1510)
(1016, 1511)
(1016, 1512)
(1016, 1513)
(1015, 1514)
(1015, 1515)
(1015, 1516)
(1015, 1517)
(1016, 1518)
(1016, 1519)
(1016, 1520)
(1016, 1521)
(1016, 1522)
(1015, 1523)
(1015, 1524)
(1015, 1525)
(1015, 1526)
(1016, 1527)
(1015, 1528)
(1015, 1529)
(1015, 1530)
(1015, 1531)
(1015, 1532)
(1015, 1533)
(1015, 1534)
(1015, 1535)
(1015, 1536)
(1015, 1537)
(1015, 1538)
(1015, 1539)
(1015, 1540)
(1015, 1541)
(1015, 1542)
(1015, 1547)
(1016, 1548)
(1015, 1549)
(1015, 1550)
(1015, 1551)
(1015, 1552)
(1015, 1553)
(1016, 1554)
(1016, 1555)
(1016, 1556)
(1016, 1557)
(1015, 1558)
(1015, 1559)
(1015, 1560)
(1015, 1561)
(1015, 1562)
(1015, 1563)
(1015, 1564)
(1015, 1565)
(1015, 1566)
(1015, 1567)
(1015, 1568)
(1015, 1569)
(1015, 1570)
(1015, 1571)
(1015, 1572)
(1015, 1573)
(1015, 1574)
(1015, 1575)
(1016, 1576)
(1015, 1577)
(1015, 1578)
(1015, 1579)
(1015, 1580)
(1015, 1581)
(1015, 1582)
(1015, 1583)
(1015, 1584)
(1015, 1585)
(1015, 1586)
(1015, 1587)
(1015, 1588)
(1015, 1589)
(1015, 1590)
(1015, 1591)
(1015, 1592)
(1015, 1593)
(1015, 1594)
(1015, 1595)
(1015, 1596)
(1015, 1597)
(1015, 1598)
(1015, 1599)
(1015, 1600)
(1015, 1601)
(1015, 1602)
(1015, 1603)
(1015, 1604)
(1015, 1605)
(1015, 1606)
(1015, 1607)
(1015, 1608)
(1015, 1609)
(1015, 1610)
(1015, 1611)
(1015, 1612)
(1015, 1613)
(1015, 1614)
(1015, 1615)
(1015, 1616)
(1016, 1617)
(1015, 1618)
(1015, 1619)
(1015, 1620)
(1015, 1621)
(1015, 1622)
(1015, 1623)
(1015, 1624)
(1015, 1625)
(1015, 1626)
(1015, 1627)
(1015, 1628)
(1015, 1629)
(1015, 1630)
(1015, 1631)
(1015, 1632)
(1015, 1633)
(1015, 1634)
(1015, 1635)
(1015, 1636)
(1015, 1637)
(1015, 1638)
(1015, 1639)
(1015, 1640)
(1015, 1641)
(1015, 1642)
(1015, 1643)
(1015, 1644)
(1015, 1645)
(1015, 1646)
(1015, 1647)
(1015, 1648)
(1015, 1649)
(1015, 1650)
(1015, 1651)
(1015, 1652)
(1015, 1653)
(1015, 1654)
(1015, 1655)
(1015, 1656)
(1015, 1657)
(1015, 1658)
(1015, 1659)
(1015, 1660)
(1015, 1661)
(1015, 1662)
(1015, 1663)
(1015, 1664)
(1015, 1665)
(1015, 1666)
(1015, 1667)
(1015, 1668)
(1015, 1669)
(1015, 1670)
(1015, 1671)
(1015, 1672)
(1015, 1673)
(1015, 1674)
(1015, 1675)
(1015, 1676)
(1015, 1677)
(1015, 1678)
(1015, 1679)
(1015, 1680)
(1015, 1681)
(1015, 1682)
(1015, 1683)
(1015, 1684)
(1015, 1685)
(1015, 1686)
(1015, 1687)
(1015, 1688)
(1015, 1689)
(1015, 1690)
(1015, 1691)
(1015, 1692)
(1015, 1693)
(1015, 1694)
(1015, 1695)
(1015, 1696)
(1015, 1697)
(1015, 1698)
(1015, 1699)
(1015, 1700)
(1015, 1701)
(1015, 1702)
(1015, 1703)
(1015, 1704)
(1015, 1705)
(1015, 1706)
(1015, 1707)
(1015, 1708)
(1015, 1709)
(1015, 1710)
(1015, 1711)
(1015, 1712)
(1015, 1713)
(1015, 1714)
(1015, 1715)
(1015, 1716)
(1015, 1717)
(1015, 1718)
(1015, 1719)
(1015, 1720)
(1015, 1721)
(1015, 1722)
(1015, 1723)
(1015, 1724)
(1015, 1725)
(1016, 1726)
(1016, 1730)
(1016, 1731)
(1015, 1732)
(1015, 1733)
(1015, 1734)
(1015, 1735)
(1015, 1736)
(1016, 1737)
(1016, 1738)
(1015, 1739)
(1015, 1740)
(1015, 1741)
(1016, 1742)
(1016, 1743)
(1016, 1744)
(1016, 1745)
(1015, 1746)
(1015, 1747)
(1015, 1748)
(1015, 1749)
(1015, 1750)
(1015, 1751)
(1015, 1752)
(1015, 1753)
(1015, 1754)
(1015, 1755)
(1015, 1756)
(1015, 1757)
(1015, 1758)
(1015, 1759)
(1015, 1760)
(1015, 1761)
(1015, 1762)
(1015, 1763)
(1015, 1764)
(1015, 1765)
(1015, 1766)
(1015, 1767)
(1015, 1768)
(1015, 1769)
(1015, 1770)
(1015, 1771)
(1015, 1772)
(1015, 1773)
(1015, 1774)
(1015, 1775)
(1015, 1776)
(1015, 1777)
(1015, 1778)
(1015, 1779)
(1015, 1780)
(1015, 1781)
(1015, 1782)
(1015, 1783)
(1015, 1784)
(1015, 1785)
(1015, 1786)
(1015, 1787)
(1015, 1788)
(1015, 1789)
(1015, 1790)
(1015, 1791)
(1015, 1792)
(1015, 1793)
(1015, 1794)
(1015, 1795)
(1015, 1796)
(1015, 1797)
(1015, 1798)
(1015, 1799)
(1015, 1800)
(1015, 1801)
(1015, 1802)
(1015, 1803)
(1015, 1804)
(1015, 1805)
(1015, 1806)
(1015, 1807)
(1015, 1808)
(1015, 1809)
(1015, 1810)
(1015, 1811)
(1015, 1812)
(1015, 1813)
(1015, 1814)
(1015, 1815)
(1015, 1816)
(1015, 1817)
(1015, 1818)
(1015, 1819)
(1015, 1820)
(1015, 1821)
(1015, 1822)
(1015, 1823)
(1015, 1824)
(1015, 1825)
(1015, 1826)
(1015, 1827)
(1015, 1828)
(1015, 1829)
(1015, 1830)
(1015, 1831)
(1015, 1832)
(1015, 1833)
(1015, 1834)
(1015, 1835)
(1015, 1836)
(1015, 1837)
(1015, 1838)
(1015, 1839)
(1015, 1840)
(1015, 1841)
(1015, 1842)
(1015, 1843)
(1015, 1844)
(1015, 1845)
(1015, 1846)
(1015, 1847)
(1015, 1848)
(1015, 1849)
(1015, 1850)
(1015, 1851)
(1015, 1852)
(1015, 1853)
(1015, 1854)
(1015, 1855)
(1015, 1856)
(1015, 1857)
(1015, 1858)
(1015, 1859)
(1015, 1860)
(1015, 1861)
(1015, 1862)
(1015, 1863)
(1015, 1864)
(1015, 1865)
(1015, 1866)
(1015, 1867)
(1015, 1868)
(1015, 1869)
(1015, 1870)
(1015, 1871)
(1015, 1872)
(1015, 1873)
(1015, 1874)
(1015, 1875)
(1015, 1876)
(1015, 1877)
(1015, 1878)
(1015, 1879)
(1015, 1880)
(1015, 1881)
(1015, 1882)
(1015, 1883)
(1015, 1884)
(1015, 1885)
(1015, 1886)
(1015, 1887)
(1015, 1888)
(1015, 1889)
(1015, 1890)
(1015, 1891)
(1015, 1892)
(1015, 1893)
(1015, 1894)
(1015, 1895)
(1015, 1896)
(1015, 1897)
(1015, 1898)
(1015, 1899)
(1015, 1900)
(1015, 1901)
(1015, 1902)
(1015, 1903)
(1015, 1904)
(1015, 1905)
(1015, 1906)
(1015, 1907)
(1015, 1908)
(1015, 1909)
(1015, 1910)
(1016, 1913)
(1015, 1914)
(1015, 1915)
(1015, 1916)
(1015, 1917)
(1015, 1918)
(1015, 1919)
(1015, 1920)
(1015, 1921)
(1015, 1922)
(1015, 1923)
(1015, 1924)
(1015, 1925)
(1015, 1926)
(1015, 1927)
(1015, 1928)
(1015, 1929)
(1015, 1930)
(1015, 1931)
(1015, 1932)
(1015, 1933)
(1015, 1934)
(1015, 1935)
(1015, 1936)
(1015, 1937)
(1015, 1938)
(1015, 1939)
(1015, 1940)
(1015, 1941)
(1015, 1942)
(1015, 1943)
(1015, 1944)
(1015, 1945)
(1015, 1946)
(1015, 1947)
(1015, 1948)
(1015, 1949)
(1015, 1950)
(1015, 1951)
(1015, 1952)
(1015, 1953)
(1015, 1954)
(1015, 1955)
(1015, 1956)
(1015, 1957)
(1015, 1958)
(1015, 1959)
(1015, 1960)
(1015, 1961)
(1015, 1962)
(1015, 1963)
(1015, 1964)
(1015, 1965)
(1015, 1966)
(1015, 1967)
(1015, 1968)
(1015, 1969)
(1015, 1970)
(1015, 1971)
(1015, 1972)
(1015, 1973)
(1015, 1974)
(1015, 1975)
(1015, 1976)
(1015, 1977)
(1015, 1978)
(1015, 1979)
(1015, 1980)
(1015, 1981)
(1015, 1982)
(1015, 1983)
(1015, 1984)
(1015, 1985)
(1015, 1986)
(1015, 1987)
(1015, 1988)
(1015, 1989)
(1015, 1990)
(1015, 1991)
(1015, 1992)
(1015, 1993)
(1015, 1994)
(1015, 1995)
(1015, 1996)
(1015, 1997)
(1015, 1998)
(1015, 1999)
(1015, 2000)
(1015, 2001)
(1015, 2002)
(1015, 2003)
(1015, 2004)
(1015, 2005)
(1015, 2006)
(1015, 2007)
(1015, 2008)
(1015, 2009)
(1015, 2010)
(1015, 2011)
(1015, 2012)
(1015, 2013)
(1015, 2014)
(1015, 2015)
(1015, 2016)
(1015, 2017)
(1015, 2018)
(1015, 2019)
(1015, 2020)
(1015, 2021)
(1015, 2022)
(1015, 2023)
(1015, 2024)
(1015, 2025)
(1015, 2026)
(1015, 2027)
(1015, 2028)
(1015, 2029)
(1015, 2030)
(1015, 2031)
(1015, 2032)
(1015, 2033)
(1015, 2034)
(1015, 2035)
(1015, 2036)
(1015, 2037)
(1015, 2038)
(1015, 2039)
(1015, 2040)
(1015, 2041)
(1015, 2042)
(1015, 2043)
(1015, 2044)
(1015, 2045)
(1015, 2046)
(1015, 2047)
(1015, 2048)
(1015, 2049)
(1015, 2050)
(1015, 2051)
(1015, 2052)
(1015, 2053)
(1015, 2054)
(1015, 2055)
(1015, 2056)
(1015, 2057)
(1015, 2058)
(1015, 2059)
(1015, 2060)
(1015, 2061)
(1015, 2062)
(1015, 2063)
(1015, 2064)
(1015, 2065)
(1015, 2066)
(1015, 2067)
(1015, 2068)
(1015, 2069)
(1015, 2070)
(1015, 2071)
(1015, 2072)
(1015, 2073)
(1015, 2074)
(1015, 2075)
(1015, 2076)
(1015, 2077)
(1015, 2078)
(1015, 2079)
(1015, 2080)
(1014, 2081)
(1015, 2082)
(1015, 2083)
(1015, 2084)
(1015, 2085)
(1015, 2086)
(1015, 2087)
(1015, 2088)
(1015, 2089)
(1015, 2090)
(1015, 2091)
(1015, 2092)
(1015, 2093)
(1015, 2096)
(1015, 2097)
(1015, 2098)
(1015, 2099)
(1015, 2100)
(1015, 2101)
(1015, 2102)
(1015, 2103)
(1015, 2104)
(1015, 2105)
(1015, 2106)
(1015, 2107)
(1015, 2108)
(1015, 2109)
(1015, 2110)
(1015, 2111)
(1015, 2112)
(1015, 2113)
(1015, 2114)
(1015, 2115)
(1015, 2116)
(1015, 2117)
(1015, 2118)
(1015, 2119)
(1015, 2120)
(1015, 2121)
(1015, 2122)
(1015, 2123)
(1015, 2124)
(1015, 2125)
(1015, 2126)
(1015, 2127)
(1015, 2128)
(1015, 2129)
(1015, 2130)
(1015, 2131)
(1015, 2132)
(1015, 2133)
(1015, 2134)
(1015, 2135)
(1015, 2136)
(1015, 2137)
(1015, 2138)
(1015, 2139)
(1015, 2140)
(1015, 2141)
(1015, 2142)
(1015, 2143)
(1015, 2144)
(1015, 2145)
(1015, 2146)
(1015, 2147)
(1015, 2148)
(1015, 2149)
(1015, 2150)
(1015, 2151)
(1015, 2152)
(1015, 2153)
(1015, 2154)
(1015, 2155)
(1015, 2156)
(1015, 2157)
(1015, 2158)
(1015, 2159)
(1015, 2160)
(1015, 2161)
(1015, 2162)
(1015, 2163)
(1015, 2164)
(1015, 2165)
(1015, 2166)
(1015, 2167)
(1015, 2168)
(1015, 2169)
(1015, 2170)
(1015, 2171)
(1015, 2172)
(1015, 2173)
(1015, 2174)
(1015, 2175)
(1015, 2176)
(1015, 2177)
(1015, 2178)
(1015, 2179)
(1015, 2180)
(1015, 2181)
(1015, 2182)
(1015, 2183)
(1015, 2184)
(1015, 2185)
(1015, 2186)
(1015, 2187)
(1015, 2188)
(1015, 2189)
(1015, 2190)
(1015, 2191)
(1015, 2192)
(1015, 2193)
(1015, 2194)
(1015, 2195)
(1015, 2196)
(1015, 2197)
(1015, 2198)
(1015, 2199)
(1015, 2200)
(1015, 2201)
(1015, 2202)
(1015, 2203)
(1015, 2204)
(1015, 2205)
(1015, 2206)
(1015, 2207)
(1015, 2208)
(1015, 2209)
(1015, 2210)
(1015, 2211)
(1015, 2212)
(1015, 2213)
(1015, 2214)
(1015, 2215)
(1015, 2216)
(1015, 2217)
(1015, 2218)
(1015, 2219)
(1015, 2220)
(1015, 2221)
(1015, 2222)
(1015, 2223)
(1015, 2224)
(1015, 2225)
(1015, 2226)
(1015, 2227)
(1015, 2228)
(1015, 2229)
(1015, 2230)
(1015, 2231)
(1015, 2232)
(1015, 2233)
(1015, 2234)
(1015, 2235)
(1015, 2236)
(1015, 2237)
(1015, 2238)
(1015, 2239)
(1015, 2240)
(1015, 2241)
(1015, 2242)
(1015, 2243)
(1015, 2244)
(1015, 2245)
(1015, 2246)
(1015, 2247)
(1015, 2248)
(1015, 2249)
(1015, 2250)
(1015, 2251)
(1015, 2252)
(1015, 2253)
(1015, 2254)
(1015, 2255)
(1015, 2256)
(1015, 2257)
(1015, 2258)
(1015, 2259)
(1015, 2260)
(1015, 2261)
(1015, 2262)
(1015, 2263)
(1015, 2264)
(1015, 2265)
(1015, 2266)
(1015, 2267)
(1015, 2268)
(1015, 2269)
(1015, 2270)
(1015, 2271)
(1015, 2272)
(1015, 2273)
(1015, 2274)
(1015, 2275)
(1015, 2276)
(1016, 2280)
(1015, 2281)
(1015, 2282)
(1015, 2283)
(1015, 2284)
(1015, 2285)
(1015, 2286)
(1015, 2287)
(1015, 2288)
(1015, 2289)
(1015, 2290)
(1016, 2291)
(1016, 2292)
(1016, 2293)
(1016, 2294)
(1015, 2295)
(1015, 2296)
(1015, 2297)
(1015, 2298)
(1015, 2299)
(1015, 2300)
(1015, 2301)
(1015, 2302)
(1015, 2303)
(1015, 2304)
(1015, 2305)
(1015, 2306)
(1015, 2307)
(1015, 2308)
(1015, 2309)
(1015, 2310)
(1015, 2311)
(1015, 2312)
(1015, 2313)
(1015, 2314)
(1015, 2315)
(1015, 2316)
(1015, 2317)
(1015, 2318)
(1015, 2319)
(1015, 2320)
(1015, 2321)
(1015, 2322)
(1015, 2323)
(1015, 2324)
(1015, 2325)
(1015, 2326)
(1015, 2327)
(1015, 2328)
(1015, 2329)
(1015, 2330)
(1015, 2331)
(1015, 2332)
(1015, 2333)
(1015, 2334)
(1015, 2335)
(1015, 2336)
(1015, 2337)
(1015, 2338)
(1015, 2339)
(1015, 2340)
(1015, 2341)
(1015, 2342)
(1016, 2343)
(1015, 2344)
(1015, 2345)
(1015, 2346)
(1015, 2347)
(1015, 2348)
(1015, 2349)
(1015, 2350)
(1015, 2351)
(1015, 2352)
(1015, 2353)
(1015, 2354)
(1015, 2355)
(1015, 2356)
(1015, 2357)
(1015, 2358)
(1015, 2359)
(1015, 2360)
(1015, 2361)
(1015, 2362)
(1015, 2363)
(1015, 2364)
(1015, 2365)
(1015, 2366)
(1015, 2367)
(1015, 2368)
(1015, 2369)
(1015, 2370)
(1015, 2371)
(1015, 2372)
(1015, 2373)
(1015, 2374)
(1015, 2375)
(1015, 2376)
(1015, 2377)
(1015, 2378)
(1015, 2379)
(1015, 2380)
(1015, 2381)
(1015, 2382)
(1015, 2383)
(1015, 2384)
(1015, 2385)
(1015, 2386)
(1015, 2387)
(1015, 2388)
(1015, 2389)
(1015, 2390)
(1015, 2391)
(1015, 2392)
(1015, 2393)
(1015, 2394)
(1015, 2395)
(1015, 2396)
(1015, 2397)
(1015, 2398)
(1015, 2399)
(1015, 2400)
(1015, 2401)
(1015, 2402)
(1015, 2403)
(1015, 2404)
(1015, 2405)
(1015, 2406)
(1015, 2407)
(1015, 2408)
(1015, 2409)
(1015, 2410)
(1015, 2411)
(1015, 2412)
(1015, 2413)
(1015, 2414)
(1015, 2415)
(1015, 2416)
(1015, 2417)
(1015, 2418)
(1015, 2419)
(1015, 2420)
(1015, 2421)
(1015, 2422)
(1015, 2423)
(1015, 2424)
(1015, 2425)
(1015, 2426)
(1015, 2427)
(1015, 2428)
(1015, 2429)
(1015, 2430)
(1015, 2431)
(1015, 2432)
(1015, 2433)
(1015, 2434)
(1015, 2435)
(1015, 2436)
(1015, 2437)
(1015, 2438)
(1015, 2439)
(1015, 2440)
(1015, 2441)
(1015, 2442)
(1015, 2443)
(1015, 2444)
(1015, 2445)
(1015, 2446)
(1015, 2447)
(1015, 2448)
(1015, 2449)
(1015, 2450)
(1015, 2451)
(1015, 2452)
(1015, 2453)
(1015, 2454)
(1015, 2455)
(1015, 2456)
(1015, 2457)
(1015, 2458)
(1016, 2462)
(1015, 2463)
(1015, 2464)
(1015, 2465)
(1015, 2466)
(1015, 2467)
(1015, 2468)
(1015, 2469)
(1015, 2470)
(1015, 2471)
(1015, 2472)
(1015, 2473)
(1015, 2474)
(1015, 2475)
(1015, 2476)
(1016, 2477)
(1016, 2478)
(1016, 2479)
(1016, 2480)
(1016, 2481)
(1016, 2482)
(1015, 2483)
(1015, 2484)
(1015, 2485)
(1016, 2486)
(1016, 2487)
(1016, 2488)
(1015, 2489)
(1015, 2490)
(1015, 2491)
(1015, 2492)
(1015, 2493)
(1015, 2494)
(1015, 2495)
(1015, 2496)
(1015, 2497)
(1015, 2498)
(1015, 2499)
(1015, 2500)
(1015, 2501)
(1015, 2502)
(1015, 2503)
(1015, 2504)
(1015, 2505)
(1015, 2506)
(1015, 2507)
(1015, 2508)
(1015, 2509)
(1015, 2510)
(1015, 2511)
(1015, 2512)
(1015, 2513)
(1015, 2514)
(1015, 2515)
(1015, 2516)
(1015, 2517)
(1015, 2518)
(1015, 2519)
(1015, 2520)
(1015, 2521)
(1015, 2522)
(1015, 2523)
(1015, 2524)
(1015, 2525)
(1015, 2526)
(1015, 2527)
(1015, 2528)
(1015, 2529)
(1015, 2530)
(1015, 2531)
(1015, 2532)
(1015, 2533)
(1016, 2534)
(1016, 2535)
(1016, 2536)
(1016, 2537)
(1016, 2538)
(1015, 2539)
(1015, 2540)
(1015, 2541)
(1015, 2542)
(1015, 2543)
(1015, 2544)
(1015, 2545)
(1015, 2546)
(1016, 2547)
(1016, 2548)
(1016, 2549)
(1016, 2550)
(1016, 2551)
(1016, 2552)
(1016, 2553)
(1015, 2554)
(1015, 2555)
(1015, 2556)
(1015, 2557)
(1015, 2558)
(1015, 2559)
(1015, 2560)
(1015, 2561)
(1015, 2562)
(1015, 2563)
(1015, 2564)
(1015, 2565)
(1015, 2566)
(1015, 2567)
(1015, 2568)
(1015, 2569)
(1015, 2570)
(1015, 2571)
(1015, 2572)
(1015, 2573)
(1015, 2574)
(1015, 2575)
(1015, 2576)
(1015, 2577)
(1015, 2578)
(1015, 2579)
(1015, 2580)
(1015, 2581)
(1015, 2582)
(1015, 2583)
(1015, 2584)
(1015, 2585)
(1015, 2586)
(1015, 2587)
(1015, 2588)
(1015, 2589)
(1015, 2590)
(1015, 2591)
(1015, 2592)
(1015, 2593)
(1015, 2594)
(1015, 2595)
(1015, 2596)
(1015, 2597)
(1015, 2598)
(1015, 2599)
(1015, 2600)
(1015, 2601)
(1015, 2602)
(1015, 2603)
(1015, 2604)
(1015, 2605)
(1015, 2606)
(1015, 2607)
(1015, 2608)
(1015, 2609)
(1015, 2610)
(1015, 2611)
(1015, 2612)
(1015, 2613)
(1015, 2614)
(1015, 2615)
(1015, 2616)
(1015, 2617)
(1015, 2618)
(1015, 2619)
(1015, 2620)
(1015, 2621)
(1015, 2622)
(1015, 2623)
(1015, 2624)
(1015, 2625)
(1015, 2626)
(1015, 2627)
(1015, 2628)
(1015, 2629)
(1015, 2630)
(1015, 2631)
(1015, 2632)
(1015, 2633)
(1015, 2634)
(1015, 2635)
(1015, 2636)
(1015, 2637)
(1015, 2638)
(1015, 2639)
(1015, 2640)
(1015, 2641)
(1016, 2646)
(1015, 2647)
(1015, 2648)
(1015, 2649)
(1015, 2650)
(1016, 2651)
(1016, 2652)
(1016, 2653)
(1015, 2654)
(1016, 2655)
(1016, 2656)
(1015, 2657)
(1016, 2658)
(1016, 2659)
(1016, 2660)
(1016, 2661)
(1016, 2662)
(1016, 2663)
(1016, 2664)
(1016, 2665)
(1016, 2666)
(1015, 2667)
(1016, 2668)
(1016, 2669)
(1016, 2670)
(1016, 2671)
(1016, 2672)
(1016, 2673)
(1015, 2674)
(1015, 2675)
(1015, 2676)
(1015, 2677)
(1015, 2678)
(1015, 2679)
(1015, 2680)
(1015, 2681)
(1015, 2682)
(1015, 2683)
(1015, 2684)
(1015, 2685)
(1015, 2686)
(1015, 2687)
(1015, 2688)
(1015, 2689)
(1015, 2690)
(1015, 2691)
(1016, 2692)
(1016, 2693)
(1015, 2694)
(1015, 2695)
(1015, 2696)
(1015, 2697)
(1015, 2698)
(1015, 2699)
(1015, 2700)
(1015, 2701)
(1015, 2702)
(1015, 2703)
(1015, 2704)
(1015, 2705)
(1015, 2706)
(1015, 2707)
(1015, 2708)
(1015, 2709)
(1015, 2710)
(1015, 2711)
(1015, 2712)
(1015, 2713)
(1015, 2714)
(1015, 2715)
(1015, 2716)
(1015, 2717)
(1015, 2718)
(1015, 2719)
(1016, 2720)
(1015, 2721)
(1015, 2722)
(1015, 2723)
(1015, 2724)
(1015, 2725)
(1015, 2726)
(1015, 2727)
(1015, 2728)
(1015, 2729)
(1015, 2730)
(1015, 2731)
(1015, 2732)
(1015, 2733)
(1015, 2734)
(1015, 2735)
(1015, 2736)
(1015, 2737)
(1015, 2738)
(1015, 2739)
(1015, 2740)
(1015, 2741)
(1015, 2742)
(1015, 2743)
(1015, 2744)
(1015, 2745)
(1015, 2746)
(1016, 2747)
(1015, 2748)
(1015, 2749)
(1015, 2750)
(1015, 2751)
(1015, 2752)
(1015, 2753)
(1015, 2754)
(1015, 2755)
(1015, 2756)
(1015, 2757)
(1015, 2758)
(1015, 2759)
(1015, 2760)
(1015, 2761)
(1015, 2762)
(1015, 2763)
(1015, 2764)
(1015, 2765)
(1015, 2766)
(1015, 2767)
(1015, 2768)
(1015, 2769)
(1015, 2770)
(1015, 2771)
(1015, 2772)
(1015, 2773)
(1015, 2774)
(1015, 2775)
(1015, 2776)
(1015, 2777)
(1015, 2778)
(1015, 2779)
(1015, 2780)
(1015, 2781)
(1015, 2782)
(1015, 2783)
(1015, 2784)
(1015, 2785)
(1016, 2786)
(1015, 2787)
(1015, 2788)
(1015, 2789)
(1016, 2790)
(1015, 2791)
(1015, 2792)
(1015, 2793)
(1015, 2794)
(1015, 2795)
(1015, 2796)
(1015, 2797)
(1015, 2798)
(1015, 2799)
(1015, 2800)
(1015, 2801)
(1015, 2802)
(1015, 2803)
(1015, 2804)
(1015, 2805)
(1015, 2806)
(1015, 2807)
(1015, 2808)
(1015, 2809)
(1015, 2810)
(1015, 2811)
(1015, 2812)
(1015, 2813)
(1015, 2814)
(1015, 2815)
(1015, 2816)
(1015, 2817)
(1015, 2818)
(1015, 2819)
(1015, 2820)
(1015, 2821)
(1015, 2822)
(1015, 2823)
(1015, 2824)
(1016, 2828)
(1015, 2829)
(1016, 2830)
(1016, 2831)
(1016, 2832)
(1016, 2833)
(1016, 2834)
(1015, 2835)
(1015, 2836)
(1015, 2837)
(1015, 2838)
(1015, 2839)
(1015, 2840)
(1015, 2841)
(1015, 2842)
(1015, 2843)
(1015, 2844)
(1015, 2845)
(1016, 2846)
(1016, 2847)
(1015, 2848)
(1015, 2849)
(1015, 2850)
(1015, 2851)
(1015, 2852)
(1015, 2853)
(1015, 2854)
(1016, 2855)
(1015, 2856)
(1015, 2857)
(1015, 2858)
(1015, 2859)
(1015, 2860)
(1015, 2861)
(1015, 2862)
(1015, 2863)
(1015, 2864)
(1015, 2865)
(1015, 2866)
(1015, 2867)
(1015, 2868)
(1015, 2869)
(1015, 2870)
(1015, 2871)
(1015, 2872)
(1015, 2873)
(1015, 2874)
(1015, 2875)
(1015, 2876)
(1015, 2877)
(1015, 2878)
(1015, 2879)
(1015, 2880)
(1015, 2881)
(1015, 2882)
(1015, 2883)
(1015, 2884)
(1015, 2885)
(1015, 2886)
(1015, 2887)
(1015, 2888)
(1015, 2889)
(1015, 2890)
(1015, 2891)
(1015, 2892)
(1015, 2893)
(1015, 2894)
(1015, 2895)
(1015, 2896)
(1015, 2897)
(1015, 2898)
(1015, 2899)
(1015, 2900)
(1015, 2901)
(1015, 2902)
(1015, 2903)
(1015, 2904)
(1015, 2905)
(1015, 2906)
(1015, 2907)
(1015, 2908)
(1015, 2909)
(1015, 2910)
(1015, 2911)
(1015, 2912)
(1016, 2913)
(1016, 2914)
(1016, 2915)
(1015, 2916)
(1015, 2917)
(1015, 2918)
(1015, 2919)
(1015, 2920)
(1015, 2921)
(1015, 2922)
(1015, 2923)
(1015, 2924)
(1015, 2925)
(1015, 2926)
(1015, 2927)
(1015, 2928)
(1015, 2929)
(1015, 2930)
(1015, 2931)
(1015, 2932)
(1015, 2933)
(1015, 2934)
(1015, 2935)
(1015, 2936)
(1015, 2937)
(1015, 2938)
(1015, 2939)
(1015, 2940)
(1015, 2941)
(1015, 2942)
(1015, 2943)
(1015, 2944)
(1015, 2945)
(1015, 2946)
(1015, 2947)
(1015, 2948)
(1015, 2949)
(1016, 2950)
(1016, 2951)
(1015, 2952)
(1015, 2953)
(1015, 2954)
(1015, 2955)
(1015, 2956)
(1015, 2957)
(1015, 2958)
(1015, 2959)
(1015, 2960)
(1015, 2961)
(1015, 2962)
(1015, 2963)
(1015, 2964)
(1015, 2965)
(1015, 2966)
(1015, 2967)
(1015, 2968)
(1015, 2969)
(1015, 2970)
(1015, 2971)
(1015, 2972)
(1015, 2973)
(1015, 2974)
(1015, 2975)
(1015, 2976)
(1015, 2977)
(1015, 2978)
(1015, 2979)
(1015, 2980)
(1015, 2981)
(1015, 2982)
(1015, 2983)
(1015, 2984)
(1015, 2985)
(1015, 2986)
(1015, 2987)
(1015, 2988)
(1015, 2989)
(1015, 2990)
(1015, 2991)
(1015, 2992)
(1015, 2993)
(1015, 2994)
(1015, 2995)
(1015, 2996)
(1015, 2997)
(1015, 2998)
(1015, 2999)
(1015, 3000)
(1015, 3001)
(1015, 3002)
(1015, 3003)
(1015, 3004)
(1015, 3005)
(1015, 3006)
(1015, 3007)
(1015, 3011)
(1015, 3012)
(1015, 3013)
(1015, 3014)
(1015, 3015)
(1015, 3016)
(1015, 3017)
(1015, 3018)
(1015, 3019)
(1015, 3020)
(1016, 3021)
(1016, 3022)
(1016, 3023)
(1016, 3024)
(1016, 3025)
(1015, 3026)
(1015, 3027)
(1015, 3028)
(1016, 3029)
(1015, 3030)
(1015, 3031)
(1015, 3032)
(1015, 3033)
(1016, 3034)
(1016, 3035)
(1015, 3036)
(1015, 3037)
(1015, 3038)
(1015, 3039)
(1015, 3040)
(1015, 3041)
(1015, 3042)
(1015, 3043)
(1015, 3044)
(1015, 3045)
(1015, 3046)
(1015, 3047)
(1015, 3048)
(1015, 3049)
(1015, 3050)
(1015, 3051)
(1015, 3052)
(1015, 3053)
(1015, 3054)
(1015, 3055)
(1015, 3056)
(1015, 3057)
(1015, 3058)
(1015, 3059)
(1015, 3060)
(1015, 3061)
(1015, 3062)
(1015, 3063)
(1015, 3064)
(1015, 3065)
(1015, 3066)
(1015, 3067)
(1015, 3068)
(1015, 3069)
(1015, 3070)
(1015, 3071)
(1015, 3072)
(1015, 3073)
(1015, 3074)
(1015, 3075)
(1015, 3076)
(1015, 3077)
(1015, 3078)
(1015, 3079)
(1015, 3080)
(1015, 3081)
(1015, 3082)
(1015, 3083)
(1015, 3084)
(1015, 3085)
(1015, 3086)
(1015, 3087)
(1015, 3088)
(1015, 3089)
(1015, 3090)
(1015, 3091)
(1015, 3092)
(1015, 3093)
(1015, 3094)
(1015, 3095)
(1015, 3096)
(1015, 3097)
(1015, 3098)
(1015, 3099)
(1015, 3100)
(1015, 3101)
(1015, 3102)
(1015, 3103)
(1015, 3104)
(1015, 3105)
(1015, 3106)
(1015, 3107)
(1015, 3108)
(1015, 3109)
(1015, 3110)
(1015, 3111)
(1015, 3112)
(1015, 3113)
(1015, 3114)
(1015, 3115)
(1015, 3116)
(1015, 3117)
(1015, 3118)
(1015, 3119)
(1015, 3120)
(1015, 3121)
(1015, 3122)
(1015, 3123)
(1015, 3124)
(1015, 3125)
(1015, 3126)
(1015, 3127)
(1015, 3128)
(1015, 3129)
(1015, 3130)
(1015, 3131)
(1015, 3132)
(1015, 3133)
(1015, 3134)
(1015, 3135)
(1015, 3136)
(1015, 3137)
(1015, 3138)
(1015, 3139)
(1015, 3140)
(1015, 3141)
(1015, 3142)
(1015, 3143)
(1015, 3144)
(1015, 3145)
(1015, 3146)
(1015, 3147)
(1015, 3148)
(1015, 3149)
(1015, 3150)
(1015, 3151)
(1015, 3152)
(1015, 3153)
(1015, 3154)
(1015, 3155)
(1015, 3156)
(1015, 3157)
(1015, 3158)
(1015, 3159)
(1015, 3160)
(1015, 3161)
(1015, 3162)
(1015, 3163)
(1015, 3164)
(1015, 3165)
(1015, 3166)
(1015, 3167)
(1015, 3168)
(1015, 3169)
(1015, 3170)
(1015, 3171)
(1015, 3172)
(1015, 3173)
(1015, 3174)
(1015, 3175)
(1015, 3176)
(1015, 3177)
(1015, 3178)
(1015, 3179)
(1015, 3180)
(1015, 3181)
(1015, 3182)
(1015, 3183)
(1015, 3184)
(1015, 3185)
(1015, 3186)
(1015, 3187)
(1015, 3188)
(1015, 3189)
(1015, 3190)
(1015, 3194)
(1015, 3195)
(1015, 3196)
(1015, 3197)
(1015, 3198)
(1015, 3199)
(1015, 3200)
(1015, 3201)
(1015, 3202)
(1015, 3203)
(1015, 3204)
(1015, 3205)
(1015, 3206)
(1015, 3207)
(1015, 3208)
(1015, 3209)
(1015, 3210)
(1015, 3211)
(1015, 3212)
(1015, 3213)
(1015, 3214)
(1015, 3215)
(1015, 3216)
(1015, 3217)
(1015, 3218)
(1015, 3219)
(1015, 3220)
(1015, 3221)
(1015, 3222)
(1015, 3223)
(1015, 3224)
(1015, 3225)
(1015, 3226)
(1015, 3227)
(1015, 3228)
(1015, 3229)
(1015, 3230)
(1015, 3231)
(1015, 3232)
(1015, 3233)
(1015, 3234)
(1015, 3235)
(1015, 3236)
(1015, 3237)
(1015, 3238)
(1015, 3239)
(1015, 3240)
(1015, 3241)
(1015, 3242)
(1015, 3243)
(1015, 3244)
(1015, 3245)
(1015, 3246)
(1015, 3247)
(1015, 3248)
(1015, 3249)
(1015, 3250)
(1015, 3251)
(1015, 3252)
(1015, 3253)
(1015, 3254)
(1015, 3255)
(1015, 3256)
(1015, 3257)
(1015, 3258)
(1015, 3259)
(1015, 3260)
(1015, 3261)
(1015, 3262)
(1015, 3263)
(1015, 3264)
(1015, 3265)
(1015, 3266)
(1015, 3267)
(1015, 3268)
(1015, 3269)
(1015, 3270)
(1015, 3271)
(1015, 3272)
(1015, 3273)
(1015, 3274)
(1015, 3275)
(1015, 3276)
(1015, 3277)
(1015, 3278)
(1015, 3279)
(1015, 3280)
(1015, 3281)
(1015, 3282)
(1015, 3283)
(1015, 3284)
(1015, 3285)
(1015, 3286)
(1015, 3287)
(1015, 3288)
(1015, 3289)
(1015, 3290)
(1015, 3291)
(1015, 3292)
(1015, 3293)
(1015, 3294)
(1015, 3295)
(1015, 3296)
(1015, 3297)
(1015, 3298)
(1015, 3299)
(1015, 3300)
(1015, 3301)
(1015, 3302)
(1015, 3303)
(1015, 3304)
(1015, 3305)
(1015, 3306)
(1015, 3307)
(1015, 3308)
(1015, 3309)
(1015, 3310)
(1015, 3311)
(1015, 3312)
(1015, 3313)
(1015, 3314)
(1015, 3315)
(1015, 3316)
(1015, 3317)
(1015, 3318)
(1015, 3319)
(1015, 3320)
(1015, 3321)
(1015, 3322)
(1015, 3323)
(1015, 3324)
(1015, 3325)
(1015, 3326)
(1015, 3327)
(1015, 3328)
(1015, 3329)
(1015, 3330)
(1015, 3331)
(1015, 3332)
(1015, 3333)
(1015, 3334)
(1015, 3335)
(1015, 3336)
(1015, 3337)
(1014, 3338)
(1015, 3339)
(1015, 3340)
(1015, 3341)
(1015, 3342)
(1015, 3343)
(1015, 3344)
(1015, 3345)
(1015, 3346)
(1015, 3347)
(1015, 3348)
(1015, 3349)
(1014, 3350)
(1014, 3351)
(1014, 3352)
(1014, 3353)
(1014, 3354)
(1014, 3355)
(1014, 3356)
(1014, 3357)
(1014, 3358)
(1014, 3359)
(1015, 3360)
(1015, 3361)
(1015, 3362)
(1015, 3363)
(1015, 3364)
(1015, 3365)
(1015, 3366)
(1014, 3367)
(1014, 3368)
(1014, 3369)
(1015, 3370)
(1015, 3371)
(1014, 3372)
(1014, 3373)
(1015, 3374)
(1016, 3377)
(1015, 3378)
(1015, 3379)
(1015, 3380)
(1015, 3381)
(1015, 3382)
(1015, 3383)
(1015, 3384)
(1015, 3385)
(1015, 3386)
(1015, 3387)
(1015, 3388)
(1015, 3389)
(1015, 3390)
(1015, 3391)
(1015, 3392)
(1015, 3393)
(1015, 3394)
(1015, 3395)
(1015, 3396)
(1015, 3397)
(1015, 3398)
(1015, 3399)
(1015, 3400)
(1015, 3401)
(1015, 3402)
(1015, 3403)
(1015, 3404)
(1015, 3405)
(1014, 3406)
(1014, 3407)
(1014, 3408)
(1014, 3409)
(1014, 3410)
(1015, 3411)
(1015, 3412)
(1015, 3413)
(1015, 3414)
(1015, 3415)
(1015, 3416)
(1014, 3417)
(1014, 3418)
(1014, 3419)
(1014, 3420)
(1014, 3421)
(1015, 3422)
(1015, 3423)
(1015, 3424)
(1015, 3425)
(1015, 3426)
(1015, 3427)
(1015, 3428)
(1014, 3429)
(1015, 3430)
(1015, 3431)
(1015, 3432)
(1014, 3433)
(1014, 3434)
(1014, 3435)
(1014, 3436)
(1014, 3437)
(1015, 3438)
(1015, 3439)
(1015, 3440)
(1015, 3441)
(1014, 3442)
(1014, 3443)
(1014, 3444)
(1014, 3445)
(1014, 3446)
(1014, 3447)
(1014, 3448)
(1014, 3449)
(1014, 3450)
(1014, 3451)
(1014, 3452)
(1014, 3453)
(1014, 3454)
(1014, 3455)
(1015, 3456)
(1015, 3457)
(1015, 3458)
(1015, 3459)
(1015, 3460)
(1015, 3461)
(1014, 3462)
(1014, 3463)
(1014, 3464)
(1014, 3465)
(1014, 3466)
(1014, 3467)
(1014, 3468)
(1014, 3469)
(1014, 3470)
(1014, 3471)
(1014, 3472)
(1015, 3473)
(1015, 3474)
(1014, 3475)
(1014, 3476)
(1014, 3477)
(1014, 3478)
(1015, 3479)
(1015, 3480)
(1015, 3481)
(1014, 3482)
(1014, 3483)
(1014, 3484)
(1014, 3485)
(1014, 3486)
(1015, 3487)
(1015, 3488)
(1015, 3489)
(1015, 3490)
(1015, 3491)
(1015, 3492)
(1015, 3493)
(1015, 3494)
(1014, 3495)
(1014, 3496)
(1014, 3497)
(1014, 3498)
(1014, 3499)
(1014, 3500)
(1014, 3501)
(1015, 3502)
(1014, 3503)
(1014, 3504)
(1014, 3505)
(1014, 3506)
(1014, 3507)
(1014, 3508)
(1014, 3509)
(1014, 3510)
(1014, 3511)
(1014, 3512)
(1014, 3513)
(1014, 3514)
(1014, 3515)
(1014, 3516)
(1014, 3517)
(1014, 3518)
(1014, 3519)
(1014, 3520)
(1014, 3521)
(1014, 3522)
(1014, 3523)
(1014, 3524)
(1014, 3525)
(1014, 3526)
(1014, 3527)
(1014, 3528)
(1014, 3529)
(1014, 3530)
(1014, 3531)
(1014, 3532)
(1014, 3533)
(1014, 3534)
(1014, 3535)
(1014, 3536)
(1014, 3537)
(1014, 3538)
(1014, 3539)
(1014, 3540)
(1014, 3541)
(1014, 3542)
(1014, 3543)
(1014, 3544)
(1014, 3545)
(1014, 3546)
(1014, 3547)
(1014, 3548)
(1014, 3549)
(1014, 3550)
(1014, 3551)
(1014, 3552)
(1014, 3553)
(1014, 3554)
(1014, 3555)
(1014, 3556)
(1014, 3557)
(1014, 3558)
(1015, 3562)
(1014, 3563)
(1014, 3564)
(1014, 3565)
(1014, 3566)
(1014, 3567)
(1014, 3568)
(1014, 3569)
(1014, 3570)
(1014, 3571)
(1014, 3572)
(1014, 3573)
(1014, 3574)
(1014, 3575)
(1014, 3576)
(1014, 3577)
(1014, 3578)
(1015, 3579)
(1015, 3580)
(1014, 3581)
(1014, 3582)
(1014, 3583)
(1014, 3584)
(1014, 3585)
(1014, 3586)
(1014, 3587)
(1014, 3588)
(1014, 3589)
(1014, 3590)
(1014, 3591)
(1014, 3592)
(1014, 3593)
(1014, 3594)
(1014, 3595)
(1014, 3596)
(1014, 3597)
(1014, 3598)
(1014, 3599)
(1014, 3600)
(1014, 3601)
(1014, 3602)
(1014, 3603)
(1014, 3604)
(1014, 3605)
(1014, 3606)
(1014, 3607)
(1014, 3608)
(1014, 3609)
(1014, 3610)
(1014, 3611)
(1014, 3612)
(1014, 3613)
(1014, 3614)
(1014, 3615)
(1014, 3616)
(1014, 3617)
(1014, 3618)
(1014, 3619)
(1014, 3620)
(1014, 3621)
(1014, 3622)
(1014, 3623)
(1014, 3624)
(1014, 3625)
(1014, 3626)
(1014, 3627)
(1014, 3628)
(1014, 3629)
(1014, 3630)
(1014, 3631)
(1014, 3632)
(1014, 3633)
(1014, 3634)
(1014, 3635)
(1014, 3636)
(1014, 3637)
(1014, 3638)
(1014, 3639)
(1014, 3640)
(1014, 3641)
(1014, 3642)
(1014, 3643)
(1014, 3644)
(1014, 3645)
(1014, 3646)
(1014, 3647)
(1014, 3648)
(1014, 3649)
(1014, 3650)
(1014, 3651)
(1014, 3652)
(1014, 3653)
(1014, 3654)
(1014, 3655)
(1013, 3656)
(1013, 3657)
(1014, 3658)
(1014, 3659)
(1014, 3660)
(1014, 3661)
(1014, 3662)
(1014, 3663)
(1014, 3664)
(1014, 3665)
(1014, 3666)
(1013, 3667)
(1014, 3668)
(1014, 3669)
(1014, 3670)
(1014, 3671)
(1014, 3672)
(1014, 3673)
(1014, 3674)
(1014, 3675)
(1014, 3676)
(1014, 3677)
(1014, 3678)
(1014, 3679)
(1014, 3680)
(1014, 3681)
(1014, 3682)
(1014, 3683)
(1014, 3684)
(1014, 3685)
(1014, 3686)
(1014, 3687)
(1014, 3688)
(1014, 3689)
(1014, 3690)
(1014, 3691)
(1014, 3692)
(1014, 3693)
(1014, 3694)
(1014, 3695)
(1014, 3696)
(1014, 3697)
(1014, 3698)
(1014, 3699)
(1014, 3700)
(1014, 3701)
(1014, 3702)
(1014, 3703)
(1014, 3704)
(1014, 3705)
(1014, 3706)
(1014, 3707)
(1014, 3708)
(1014, 3709)
(1014, 3710)
(1014, 3711)
(1014, 3712)
(1014, 3713)
(1014, 3714)
(1014, 3715)
(1014, 3716)
(1013, 3717)
(1014, 3718)
(1014, 3719)
(1014, 3720)
(1014, 3721)
(1013, 3722)
(1013, 3723)
(1014, 3724)
(1014, 3725)
(1014, 3726)
(1014, 3727)
(1014, 3728)
(1013, 3729)
(1013, 3730)
(1014, 3731)
(1014, 3732)
(1014, 3733)
(1014, 3734)
(1014, 3735)
(1013, 3736)
(1014, 3737)
(1014, 3738)
(1014, 3742)
(1014, 3743)
(1014, 3744)
(1014, 3745)
(1014, 3746)
(1014, 3747)
(1014, 3748)
(1014, 3749)
(1014, 3750)
(1014, 3751)
(1014, 3752)
(1013, 3753)
(1014, 3754)
(1014, 3755)
(1014, 3756)
(1014, 3757)
(1013, 3758)
(1013, 3759)
(1013, 3760)
(1013, 3761)
(1014, 3762)
(1014, 3763)
(1014, 3764)
(1014, 3765)
(1014, 3766)
(1014, 3767)
(1014, 3768)
(1014, 3769)
(1014, 3770)
(1014, 3771)
(1013, 3772)
(1013, 3773)
(1013, 3774)
(1013, 3775)
(1013, 3776)
(1013, 3777)
(1013, 3778)
(1013, 3779)
(1013, 3780)
(1013, 3781)
(1013, 3782)
(1013, 3783)
(1013, 3784)
(1013, 3785)
(1013, 3786)
(1013, 3787)
(1013, 3788)
(1013, 3789)
(1013, 3790)
(1013, 3791)
(1013, 3792)
(1013, 3793)
(1013, 3794)
(1013, 3795)
(1013, 3796)
(1014, 3797)
(1014, 3798)
(1014, 3799)
(1013, 3800)
(1013, 3801)
(1013, 3802)
(1013, 3803)
(1013, 3804)
(1013, 3805)
(1013, 3806)
(1013, 3807)
(1013, 3808)
(1013, 3809)
(1013, 3810)
(1013, 3811)
(1013, 3812)
(1013, 3813)
(1013, 3814)
(1013, 3815)
(1013, 3816)
(1013, 3817)
(1014, 3818)
(1014, 3819)
(1014, 3820)
(1013, 3821)
(1013, 3822)
(1013, 3823)
(1013, 3824)
(1013, 3825)
(1013, 3826)
(1013, 3827)
(1013, 3828)
(1013, 3829)
(1014, 3830)
(1013, 3831)
(1013, 3832)
(1013, 3833)
(1013, 3834)
(1013, 3835)
(1013, 3836)
(1013, 3837)
(1013, 3838)
(1013, 3839)
(1013, 3840)
(1013, 3841)
(1013, 3842)
(1013, 3843)
(1013, 3844)
(1013, 3845)
(1013, 3846)
(1013, 3847)
(1013, 3848)
(1013, 3849)
(1013, 3850)
(1013, 3851)
(1013, 3852)
(1013, 3853)
(1013, 3854)
(1013, 3855)
(1013, 3856)
(1013, 3857)
(1013, 3858)
(1013, 3859)
(1013, 3860)
(1013, 3861)
(1013, 3862)
(1013, 3863)
(1013, 3864)
(1013, 3865)
(1013, 3866)
(1013, 3867)
(1013, 3868)
(1013, 3869)
(1013, 3870)
(1013, 3871)
(1013, 3872)
(1013, 3873)
(1013, 3874)
(1013, 3875)
(1013, 3876)
(1013, 3877)
(1013, 3878)
(1013, 3879)
(1013, 3880)
(1013, 3881)
(1013, 3882)
(1013, 3883)
(1013, 3884)
(1013, 3885)
(1013, 3886)
(1013, 3887)
(1013, 3888)
(1013, 3889)
(1013, 3890)
(1013, 3891)
(1013, 3892)
(1013, 3893)
(1013, 3894)
(1013, 3895)
(1013, 3896)
(1013, 3897)
(1013, 3898)
(1013, 3899)
(1013, 3900)
(1013, 3901)
(1013, 3902)
(1013, 3903)
(1013, 3904)
(1013, 3905)
(1013, 3906)
(1013, 3907)
(1013, 3908)
(1013, 3909)
(1013, 3910)
(1013, 3911)
(1013, 3912)
(1013, 3913)
(1013, 3914)
(1013, 3915)
(1012, 3916)
(1012, 3917)
(1013, 3918)
(1013, 3919)
(1013, 3920)
(1013, 3923)
(1013, 3924)
(1013, 3925)
(1013, 3926)
(1013, 3927)
(1013, 3928)
(1013, 3929)
(1013, 3930)
(1013, 3931)
(1013, 3932)
(1013, 3933)
(1013, 3934)
(1013, 3935)
(1013, 3936)
(1013, 3937)
(1013, 3938)
(1013, 3939)
(1013, 3940)
(1014, 3941)
(1014, 3942)
(1013, 3943)
(1013, 3944)
(1013, 3945)
(1013, 3946)
(1013, 3947)
(1013, 3948)
(1013, 3949)
(1013, 3950)
(1012, 3951)
(1013, 3952)
(1013, 3953)
(1013, 3954)
(1013, 3955)
(1013, 3956)
(1013, 3957)
(1013, 3958)
(1013, 3959)
(1013, 3960)
(1013, 3961)
(1013, 3962)
(1013, 3963)
(1013, 3964)
(1013, 3965)
(1013, 3966)
(1013, 3967)
(1013, 3968)
(1013, 3969)
(1013, 3970)
(1013, 3971)
(1013, 3972)
(1012, 3973)
(1012, 3974)
(1012, 3975)
(1012, 3976)
(1012, 3977)
(1012, 3978)
(1012, 3979)
(1013, 3980)
(1013, 3981)
(1012, 3982)
(1012, 3983)
(1013, 3984)
(1013, 3985)
(1013, 3986)
(1012, 3987)
(1012, 3988)
(1012, 3989)
(1013, 3990)
(1012, 3991)
(1012, 3992)
(1012, 3993)
(1012, 3994)
(1012, 3995)
(1012, 3996)
(1012, 3997)
(1012, 3998)
(1012, 3999)
(1012, 4000)
(1012, 4001)
(1012, 4002)
(1012, 4003)
(1012, 4004)
(1012, 4005)
(1012, 4006)
(1012, 4007)
(1012, 4008)
(1012, 4009)
(1012, 4010)
(1012, 4011)
(1012, 4012)
(1012, 4013)
(1012, 4014)
(1012, 4015)
(1012, 4016)
(1012, 4017)
(1012, 4018)
(1012, 4019)
(1012, 4020)
(1012, 4021)
(1012, 4022)
(1012, 4023)
(1012, 4024)
(1012, 4025)
(1012, 4026)
(1012, 4027)
(1012, 4028)
(1012, 4029)
(1012, 4030)
(1012, 4031)
(1012, 4032)
(1012, 4033)
(1012, 4034)
(1012, 4035)
(1012, 4036)
(1012, 4037)
(1012, 4038)
(1012, 4039)
(1012, 4040)
(1012, 4041)
(1012, 4042)
(1012, 4043)
(1012, 4044)
(1012, 4045)
(1012, 4046)
(1012, 4047)
(1012, 4048)
(1012, 4049)
(1012, 4050)
(1012, 4051)
(1012, 4052)
(1012, 4053)
(1012, 4054)
(1012, 4055)
(1012, 4056)
(1012, 4057)
(1012, 4058)
(1012, 4059)
(1012, 4060)
(1012, 4061)
(1012, 4062)
(1012, 4063)
(1012, 4064)
(1012, 4065)
(1012, 4066)
(1012, 4067)
(1012, 4068)
(1012, 4069)
(1012, 4070)
(1012, 4071)
(1012, 4072)
(1012, 4073)
(1012, 4074)
(1012, 4075)
(1012, 4076)
(1012, 4077)
(1012, 4078)
(1012, 4079)
(1012, 4080)
(1012, 4081)
(1012, 4082)
(1012, 4083)
(1012, 4084)
(1012, 4085)
(1012, 4086)
(1012, 4087)
(1012, 4088)
(1012, 4089)
(1012, 4090)
(1012, 4091)
(1012, 4092)
(1012, 4093)
(1012, 4094)
(1012, 4095)
(1012, 4096)
(1012, 4097)
(1012, 4098)
(1012, 4099)
(1012, 4100)
(1012, 4101)
(1012, 4102)
(1012, 4103)
(1012, 4107)
(1012, 4108)
(1012, 4109)
(1012, 4110)
(1012, 4111)
(1012, 4112)
(1012, 4113)
(1012, 4114)
(1012, 4115)
(1012, 4116)
(1012, 4117)
(1012, 4118)
(1012, 4119)
(1012, 4120)
(1012, 4121)
(1012, 4122)
(1012, 4123)
(1012, 4124)
(1012, 4125)
(1012, 4126)
(1012, 4127)
(1012, 4128)
(1012, 4129)
(1012, 4130)
(1012, 4131)
(1012, 4132)
(1012, 4133)
(1012, 4134)
(1012, 4135)
(1012, 4136)
(1012, 4137)
(1012, 4138)
(1012, 4139)
(1012, 4140)
(1012, 4141)
(1012, 4142)
(1012, 4143)
(1012, 4144)
(1012, 4145)
(1012, 4146)
(1012, 4147)
(1012, 4148)
(1012, 4149)
(1012, 4150)
(1012, 4151)
(1012, 4152)
(1012, 4153)
(1012, 4154)
(1012, 4155)
(1011, 4156)
(1012, 4157)
(1012, 4158)
(1012, 4159)
(1012, 4160)
(1012, 4161)
(1012, 4162)
(1012, 4163)
(1012, 4164)
(1012, 4165)
(1012, 4166)
(1012, 4167)
(1012, 4168)
(1012, 4169)
(1012, 4170)
(1012, 4171)
(1012, 4172)
(1012, 4173)
(1012, 4174)
(1011, 4175)
(1012, 4176)
(1011, 4177)
(1011, 4178)
(1011, 4179)
(1011, 4180)
(1012, 4181)
(1012, 4182)
(1012, 4183)
(1012, 4184)
(1012, 4185)
(1012, 4186)
(1012, 4187)
(1012, 4188)
(1012, 4189)
(1012, 4190)
(1012, 4191)
(1012, 4192)
(1011, 4193)
(1011, 4194)
(1012, 4195)
(1012, 4196)
(1012, 4197)
(1012, 4198)
(1012, 4199)
(1012, 4200)
(1012, 4201)
(1012, 4202)
(1012, 4203)
(1011, 4204)
(1011, 4205)
(1012, 4206)
(1012, 4207)
(1012, 4208)
(1012, 4209)
(1012, 4210)
(1012, 4211)
(1012, 4212)
(1012, 4213)
(1012, 4214)
(1012, 4215)
(1012, 4216)
(1012, 4217)
(1011, 4218)
(1011, 4219)
(1012, 4220)
(1012, 4221)
(1012, 4222)
(1012, 4223)
(1012, 4224)
(1012, 4225)
(1012, 4226)
(1012, 4227)
(1012, 4228)
(1012, 4229)
(1012, 4230)
(1012, 4231)
(1012, 4232)
(1012, 4233)
(1012, 4234)
(1012, 4235)
(1011, 4236)
(1012, 4237)
(1012, 4238)
(1012, 4239)
(1011, 4240)
(1011, 4241)
(1011, 4242)
(1012, 4243)
(1012, 4244)
(1012, 4245)
(1012, 4246)
(1012, 4247)
(1012, 4248)
(1012, 4249)
(1011, 4250)
(1011, 4251)
(1011, 4252)
(1011, 4253)
(1011, 4254)
(1011, 4255)
(1011, 4256)
(1011, 4257)
(1011, 4258)
(1011, 4259)
(1011, 4260)
(1011, 4261)
(1011, 4262)
(1011, 4263)
(1012, 4264)
(1012, 4265)
(1012, 4266)
(1011, 4267)
(1012, 4268)
(1012, 4269)
(1012, 4270)
(1011, 4271)
(1011, 4272)
(1011, 4273)
(1011, 4274)
(1011, 4275)
(1011, 4276)
(1011, 4277)
(1011, 4278)
(1011, 4279)
(1011, 4280)
(1011, 4281)
(1011, 4282)
(1011, 4283)
(1011, 4284)
(1011, 4285)
(1011, 4286)
(1011, 4287)
(1012, 4290)
(1011, 4291)
(1011, 4292)
(1011, 4293)
(1011, 4294)
(1011, 4295)
(1011, 4296)
(1011, 4297)
(1011, 4298)
(1011, 4299)
(1011, 4300)
(1011, 4301)
(1011, 4302)
(1011, 4303)
(1011, 4304)
(1011, 4305)
(1011, 4306)
(1011, 4307)
(1011, 4308)
(1011, 4309)
(1011, 4310)
(1011, 4311)
(1011, 4312)
(1011, 4313)
(1011, 4314)
(1011, 4315)
(1011, 4316)
(1011, 4317)
(1011, 4318)
(1011, 4319)
(1011, 4320)
(1011, 4321)
(1011, 4322)
(1011, 4323)
(1011, 4324)
(1011, 4325)
(1011, 4326)
(1011, 4327)
(1011, 4328)
(1011, 4329)
(1011, 4330)
(1011, 4331)
(1011, 4332)
(1011, 4333)
(1011, 4334)
(1011, 4335)
(1011, 4336)
(1011, 4337)
(1011, 4338)
(1011, 4339)
(1011, 4340)
(1011, 4341)
(1011, 4342)
(1011, 4343)
(1012, 4344)
(1011, 4345)
(1011, 4346)
(1011, 4347)
(1011, 4348)
(1011, 4349)
(1011, 4350)
(1011, 4351)
(1011, 4352)
(1011, 4353)
(1011, 4354)
(1011, 4355)
(1011, 4356)
(1011, 4357)
(1011, 4358)
(1011, 4359)
(1012, 4360)
(1012, 4361)
(1011, 4362)
(1011, 4363)
(1011, 4364)
(1011, 4365)
(1011, 4366)
(1011, 4367)
(1011, 4368)
(1011, 4369)
(1011, 4370)
(1011, 4371)
(1011, 4372)
(1011, 4373)
(1011, 4374)
(1011, 4375)
(1011, 4376)
(1011, 4377)
(1011, 4378)
(1011, 4379)
(1011, 4380)
(1011, 4381)
(1011, 4382)
(1011, 4383)
(1011, 4384)
(1011, 4385)
(1011, 4386)
(1011, 4387)
(1011, 4388)
(1011, 4389)
(1011, 4390)
(1011, 4391)
(1011, 4392)
(1011, 4393)
(1011, 4394)
(1011, 4395)
(1011, 4396)
(1011, 4397)
(1011, 4398)
(1011, 4399)
(1011, 4400)
(1011, 4401)
(1011, 4402)
(1011, 4403)
(1011, 4404)
(1011, 4405)
(1011, 4406)
(1011, 4407)
(1011, 4408)
(1011, 4409)
(1011, 4410)
(1011, 4411)
(1011, 4412)
(1011, 4413)
(1011, 4414)
(1011, 4415)
(1011, 4416)
(1011, 4417)
(1011, 4418)
(1011, 4419)
(1011, 4420)
(1011, 4421)
(1011, 4422)
(1011, 4423)
(1011, 4424)
(1011, 4425)
(1011, 4426)
(1011, 4427)
(1011, 4428)
(1011, 4429)
(1011, 4430)
(1011, 4431)
(1011, 4432)
(1011, 4433)
(1011, 4434)
(1011, 4435)
(1011, 4436)
(1011, 4437)
(1011, 4438)
(1011, 4439)
(1011, 4440)
(1011, 4441)
(1011, 4442)
(1011, 4443)
(1011, 4444)
(1011, 4445)
(1011, 4446)
(1011, 4447)
(1011, 4448)
(1011, 4449)
(1011, 4450)
(1011, 4451)
(1011, 4452)
(1011, 4453)
(1011, 4454)
(1011, 4455)
(1011, 4456)
(1011, 4457)
(1011, 4458)
(1011, 4459)
(1011, 4460)
(1011, 4461)
(1011, 4462)
(1011, 4463)
(1011, 4464)
(1011, 4465)
(1011, 4466)
(1011, 4467)
(1011, 4468)
(1011, 4469)
(1011, 4473)
(1011, 4474)
(1011, 4475)
(1011, 4476)
(1011, 4477)
(1011, 4478)
(1011, 4479)
(1011, 4480)
(1011, 4481)
(1011, 4482)
(1011, 4483)
(1011, 4484)
(1011, 4485)
(1011, 4486)
(1011, 4487)
(1011, 4488)
(1011, 4489)
(1011, 4490)
(1011, 4491)
(1011, 4492)
(1011, 4493)
(1011, 4494)
(1011, 4495)
(1011, 4496)
(1011, 4497)
(1011, 4498)
(1011, 4499)
(1011, 4500)
(1011, 4501)
(1011, 4502)
(1011, 4503)
(1011, 4504)
(1011, 4505)
(1011, 4506)
(1011, 4507)
(1010, 4508)
(1011, 4509)
(1011, 4510)
(1011, 4511)
(1011, 4512)
(1010, 4513)
(1011, 4514)
(1011, 4515)
(1011, 4516)
(1011, 4517)
(1011, 4518)
(1011, 4519)
(1011, 4520)
(1011, 4521)
(1011, 4522)
(1011, 4523)
(1011, 4524)
(1011, 4525)
(1011, 4526)
(1011, 4527)
(1011, 4528)
(1011, 4529)
(1011, 4530)
(1011, 4531)
(1011, 4532)
(1011, 4533)
(1011, 4534)
(1011, 4535)
(1011, 4536)
(1011, 4537)
(1011, 4538)
(1011, 4539)
(1011, 4540)
(1011, 4541)
(1011, 4542)
(1011, 4543)
(1010, 4544)
(1010, 4545)
(1010, 4546)
(1010, 4547)
(1010, 4548)
(1010, 4549)
(1010, 4550)
(1010, 4551)
(1010, 4552)
(1010, 4553)
(1010, 4554)
(1010, 4555)
(1010, 4556)
(1011, 4557)
(1011, 4558)
(1010, 4559)
(1010, 4560)
(1010, 4561)
(1010, 4562)
(1010, 4563)
(1011, 4564)
(1011, 4565)
(1011, 4566)
(1011, 4567)
(1010, 4568)
(1010, 4569)
(1011, 4570)
(1010, 4571)
(1010, 4572)
(1010, 4573)
(1010, 4574)
(1010, 4575)
(1010, 4576)
(1010, 4577)
(1010, 4578)
(1010, 4579)
(1010, 4580)
(1010, 4581)
(1010, 4582)
(1010, 4583)
(1010, 4584)
(1010, 4585)
(1010, 4586)
(1010, 4587)
(1010, 4588)
(1010, 4589)
(1010, 4590)
(1010, 4591)
(1010, 4592)
(1010, 4593)
(1010, 4594)
(1010, 4595)
(1010, 4596)
(1010, 4597)
(1010, 4598)
(1010, 4599)
(1010, 4600)
(1010, 4601)
(1010, 4602)
(1010, 4603)
(1010, 4604)
(1010, 4605)
(1010, 4606)
(1010, 4607)
(1010, 4608)
(1010, 4609)
(1010, 4610)
(1010, 4611)
(1010, 4612)
(1010, 4613)
(1010, 4614)
(1010, 4615)
(1010, 4616)
(1010, 4617)
(1010, 4618)
(1010, 4619)
(1010, 4620)
(1010, 4621)
(1010, 4622)
(1010, 4623)
(1010, 4624)
(1010, 4625)
(1010, 4626)
(1010, 4627)
(1010, 4628)
(1010, 4629)
(1010, 4630)
(1010, 4631)
(1010, 4632)
(1009, 4633)
(1010, 4634)
(1010, 4635)
(1010, 4636)
(1010, 4637)
(1010, 4638)
(1010, 4639)
(1010, 4640)
(1009, 4641)
(1010, 4642)
(1010, 4643)
(1010, 4644)
(1010, 4645)
