Tam.: (1800, 4590)
(471, 225)
(471, 226)
(472, 227)
(473, 228)
(474, 229)
(475, 230)
(477, 231)
(477, 232)
(478, 233)
(479, 234)
(480, 235)
(480, 236)
(480, 237)
(480, 238)
(480, 239)
(479, 240)
(479, 241)
(479, 242)
(479, 243)
(479, 244)
(479, 245)
(479, 246)
(479, 247)
(478, 248)
(478, 249)
(477, 250)
(477, 251)
(476, 252)
(476, 253)
(475, 254)
(475, 255)
(475, 256)
(476, 257)
(476, 258)
(476, 259)
(476, 260)
(476, 261)
(476, 262)
(476, 263)
(476, 264)
(476, 265)
(477, 266)
(477, 267)
(477, 268)
(477, 269)
(477, 270)
(477, 271)
(477, 272)
(477, 273)
(477, 274)
(476, 275)
(476, 276)
(475, 277)
(475, 278)
(474, 279)
(474, 280)
(473, 281)
(473, 282)
(472, 283)
(471, 284)
(471, 285)
(470, 286)
(469, 287)
(469, 288)
(469, 289)
(468, 290)
(468, 291)
(467, 292)
(466, 293)
(465, 294)
(464, 295)
(464, 296)
(463, 297)
(462, 298)
(462, 299)
(462, 300)
(462, 301)
(462, 302)
(462, 303)
(462, 304)
(462, 305)
(462, 306)
(461, 307)
(461, 308)
(460, 309)
(460, 310)
(460, 311)
(460, 312)
(460, 313)
(460, 314)
(461, 315)
(461, 316)
(462, 317)
(463, 318)
(464, 319)
(464, 320)
(465, 321)
(465, 322)
(465, 323)
(465, 324)
(465, 325)
(465, 326)
(466, 327)
(466, 328)
(466, 329)
(467, 330)
(468, 331)
(468, 332)
(469, 333)
(469, 334)
(468, 335)
(468, 336)
(468, 337)
(467, 338)
(467, 339)
(467, 340)
(467, 341)
(467, 342)
(467, 343)
(467, 344)
(467, 345)
(467, 346)
(467, 347)
(467, 348)
(467, 349)
(466, 350)
(465, 351)
(465, 352)
(464, 353)
(463, 354)
(462, 355)
(462, 356)
(462, 357)
(462, 358)
(462, 359)
(462, 360)
(461, 361)
(461, 362)
(460, 363)
(460, 364)
(459, 365)
(460, 366)
(460, 367)
(461, 368)
(462, 369)
(464, 370)
(466, 371)
(467, 372)
(469, 373)
(470, 374)
(471, 375)
(471, 376)
(471, 377)
(471, 378)
(472, 379)
(472, 380)
(473, 381)
(473, 382)
(473, 383)
(472, 384)
(472, 385)
(471, 386)
(470, 387)
(470, 388)
(462, 391)
(461, 392)
(461, 393)
(460, 394)
(460, 395)
(459, 396)
(459, 397)
(458, 398)
(458, 399)
(457, 400)
(456, 401)
(456, 402)
(455, 403)
(454, 404)
(454, 405)
(453, 406)
(453, 407)
(452, 408)
(452, 409)
(451, 410)
(451, 411)
(450, 412)
(450, 413)
(449, 414)
(448, 415)
(448, 416)
(447, 417)
(446, 418)
(445, 419)
(444, 420)
(443, 421)
(442, 422)
(441, 423)
(441, 424)
(440, 425)
(439, 426)
(439, 427)
(439, 428)
(438, 429)
(438, 430)
(438, 431)
(437, 432)
(437, 433)
(437, 434)
(437, 435)
(436, 436)
(436, 437)
(435, 438)
(434, 439)
(433, 440)
(432, 441)
(431, 442)
(430, 443)
(429, 444)
(429, 445)
(428, 446)
(427, 447)
(427, 448)
(426, 449)
(426, 450)
(425, 451)
(424, 452)
(424, 453)
(423, 454)
(423, 455)
(422, 456)
(422, 457)
(421, 458)
(421, 459)
(420, 460)
(420, 461)
(419, 462)
(419, 463)
(418, 464)
(418, 465)
(417, 466)
(417, 467)
(416, 468)
(416, 469)
(415, 470)
(415, 471)
(414, 472)
(413, 473)
(413, 474)
(412, 475)
(412, 476)
(412, 477)
(411, 478)
(411, 479)
(411, 480)
(411, 481)
(410, 482)
(410, 483)
(410, 484)
(409, 485)
(409, 486)
(409, 487)
(409, 488)
(408, 489)
(408, 490)
(408, 491)
(407, 492)
(407, 493)
(406, 494)
(406, 495)
(405, 496)
(404, 497)
(404, 498)
(403, 499)
(402, 500)
(402, 501)
(402, 502)
(401, 503)
(401, 504)
(401, 505)
(400, 506)
(400, 507)
(400, 508)
(399, 509)
(399, 510)
(398, 511)
(398, 512)
(397, 513)
(397, 514)
(396, 515)
(396, 516)
(395, 517)
(394, 518)
(393, 519)
(393, 520)
(392, 521)
(391, 522)
(391, 523)
(390, 524)
(389, 525)
(389, 526)
(388, 527)
(388, 528)
(388, 529)
(387, 530)
(387, 531)
(387, 532)
(386, 533)
(386, 534)
(386, 535)
(386, 536)
(386, 537)
(386, 538)
(385, 539)
(385, 540)
(385, 541)
(385, 542)
(385, 543)
(384, 544)
(384, 545)
(384, 546)
(383, 547)
(383, 548)
(383, 549)
(383, 550)
(382, 551)
(382, 552)
(382, 553)
(381, 554)
(381, 555)
(381, 556)
(380, 557)
(380, 558)
(380, 559)
(379, 560)
(379, 561)
(379, 562)
(379, 563)
(380, 564)
(379, 565)
(380, 566)
(380, 567)
(379, 568)
(379, 569)
(379, 570)
(378, 571)
(378, 572)
(377, 573)
(377, 574)
(376, 575)
(376, 576)
(375, 577)
(375, 578)
(375, 579)
(375, 580)
(374, 581)
(374, 582)
(374, 583)
(374, 584)
(374, 585)
(374, 586)
(374, 587)
(373, 588)
(373, 589)
(372, 590)
(372, 591)
(371, 592)
(371, 593)
(370, 594)
(370, 595)
(369, 596)
(369, 597)
(369, 598)
(368, 599)
(368, 600)
(368, 601)
(369, 602)
(369, 603)
(369, 604)
(370, 605)
(370, 606)
(370, 607)
(371, 608)
(371, 609)
(372, 610)
(372, 611)
(373, 612)
(374, 613)
(374, 614)
(375, 615)
(377, 616)
(378, 617)
(379, 618)
(380, 619)
(381, 620)
(382, 621)
(383, 622)
(384, 623)
(384, 624)
(385, 625)
(386, 626)
(387, 627)
(387, 628)
(388, 629)
(388, 630)
(387, 631)
(387, 632)
(386, 633)
(386, 634)
(386, 635)
(385, 636)
(385, 637)
(385, 638)
(385, 639)
(385, 640)
(386, 641)
(386, 642)
(386, 643)
(386, 644)
(386, 645)
(386, 646)
(386, 647)
(386, 648)
(386, 649)
(386, 650)
(386, 651)
(386, 652)
(385, 653)
(385, 654)
(385, 655)
(384, 656)
(384, 657)
(384, 658)
(384, 659)
(384, 660)
(384, 661)
(384, 662)
(384, 663)
(384, 664)
(384, 665)
(385, 666)
(386, 667)
(386, 668)
(387, 669)
(387, 670)
(388, 671)
(388, 672)
(388, 673)
(388, 674)
(388, 675)
(388, 676)
(388, 677)
(389, 678)
(389, 679)
(390, 680)
(391, 681)
(391, 682)
(391, 683)
(392, 684)
(392, 685)
(392, 686)
(392, 687)
(392, 688)
(392, 689)
(392, 690)
(392, 691)
(391, 692)
(391, 693)
(391, 694)
(391, 695)
(391, 696)
(391, 697)
(391, 698)
(391, 699)
(391, 700)
(391, 701)
(391, 702)
(391, 703)
(392, 704)
(392, 705)
(392, 706)
(393, 707)
(393, 708)
(393, 709)
(394, 710)
(394, 711)
(395, 712)
(395, 713)
(396, 714)
(397, 715)
(398, 716)
(399, 717)
(401, 718)
(402, 719)
(402, 720)
(403, 721)
(404, 722)
(404, 723)
(404, 724)
(404, 725)
(404, 726)
(404, 727)
(404, 728)
(404, 729)
(404, 730)
(404, 731)
(404, 732)
(404, 733)
(404, 734)
(404, 735)
(404, 736)
(405, 737)
(405, 738)
(405, 739)
(405, 740)
(408, 741)
(405, 742)
(405, 743)
(404, 744)
(404, 745)
(404, 746)
(404, 747)
(404, 748)
(404, 749)
(405, 750)
(405, 751)
(406, 752)
(407, 753)
(407, 754)
(408, 755)
(408, 756)
(409, 757)
(409, 758)
(409, 759)
(409, 760)
(409, 761)
(409, 762)
(409, 763)
(409, 764)
(409, 765)
(409, 766)
(409, 767)
(409, 768)
(410, 769)
(410, 770)
(409, 771)
(409, 772)
(409, 773)
(409, 774)
(409, 775)
(409, 776)
(409, 777)
(409, 778)
(409, 779)
(409, 780)
(409, 781)
(409, 782)
(409, 783)
(408, 784)
(408, 785)
(408, 786)
(408, 787)
(408, 788)
(407, 789)
(407, 790)
(407, 791)
(407, 792)
(407, 793)
(407, 794)
(407, 795)
(407, 796)
(407, 797)
(407, 798)
(407, 799)
(407, 800)
(407, 801)
(407, 802)
(407, 803)
(407, 804)
(407, 805)
(407, 806)
(407, 807)
(407, 808)
(407, 809)
(407, 810)
(407, 811)
(408, 812)
(408, 813)
(408, 814)
(408, 815)
(408, 816)
(408, 817)
(409, 818)
(409, 819)
(410, 820)
(411, 821)
(412, 822)
(412, 823)
(412, 824)
(413, 825)
(413, 826)
(413, 827)
(414, 828)
(414, 829)
(414, 830)
(414, 831)
(414, 832)
(414, 833)
(414, 834)
(414, 835)
(414, 836)
(414, 837)
(414, 838)
(414, 839)
(413, 840)
(413, 841)
(413, 842)
(413, 843)
(413, 844)
(412, 845)
(412, 846)
(412, 847)
(412, 848)
(412, 849)
(412, 850)
(412, 851)
(411, 852)
(411, 853)
(410, 854)
(410, 855)
(410, 856)
(409, 857)
(409, 858)
(409, 859)
(409, 860)
(409, 861)
(409, 862)
(409, 863)
(410, 864)
(410, 865)
(410, 866)
(410, 867)
(409, 868)
(409, 869)
(409, 870)
(409, 871)
(409, 872)
(409, 873)
(409, 874)
(410, 875)
(410, 876)
(410, 877)
(410, 878)
(410, 879)
(410, 880)
(409, 881)
(409, 882)
(409, 883)
(408, 884)
(408, 885)
(408, 886)
(408, 887)
(409, 888)
(409, 889)
(410, 890)
(410, 891)
(411, 892)
(412, 893)
(412, 894)
(412, 895)
(412, 896)
(413, 897)
(414, 898)
(415, 899)
(415, 900)
(416, 901)
(416, 902)
(416, 903)
(416, 904)
(416, 905)
(416, 906)
(416, 907)
(416, 908)
(415, 909)
(415, 910)
(415, 911)
(414, 912)
(414, 913)
(414, 914)
(414, 915)
(414, 916)
(414, 917)
(415, 918)
(416, 919)
(416, 920)
(417, 921)
(417, 922)
(417, 923)
(418, 924)
(418, 925)
(419, 926)
(419, 927)
(420, 928)
(420, 929)
(421, 930)
(421, 931)
(421, 932)
(421, 933)
(421, 934)
(420, 935)
(420, 936)
(420, 937)
(420, 938)
(420, 939)
(420, 940)
(420, 941)
(420, 942)
(420, 943)
(420, 944)
(420, 945)
(419, 946)
(419, 947)
(419, 948)
(418, 949)
(418, 950)
(418, 951)
(418, 952)
(419, 953)
(419, 954)
(419, 955)
(419, 956)
(419, 957)
(419, 958)
(419, 959)
(419, 960)
(420, 961)
(420, 962)
(421, 963)
(421, 964)
(422, 965)
(421, 966)
(421, 967)
(421, 968)
(420, 969)
(420, 970)
(420, 971)
(419, 972)
(419, 973)
(419, 974)
(419, 975)
(419, 976)
(419, 977)
(420, 978)
(420, 979)
(420, 980)
(421, 981)
(421, 982)
(422, 983)
(422, 984)
(423, 985)
(423, 986)
(423, 987)
(424, 988)
(424, 989)
(424, 990)
(424, 991)
(425, 992)
(425, 993)
(425, 994)
(425, 995)
(425, 996)
(426, 997)
(426, 998)
(426, 999)
(426, 1000)
(427, 1001)
(427, 1002)
(428, 1003)
(428, 1004)
(428, 1005)
(429, 1006)
(429, 1007)
(430, 1008)
(430, 1009)
(431, 1010)
(431, 1011)
(432, 1012)
(432, 1013)
(432, 1014)
(433, 1015)
(433, 1016)
(433, 1017)
(433, 1018)
(433, 1019)
(434, 1020)
(434, 1021)
(434, 1022)
(434, 1023)
(434, 1024)
(434, 1025)
(434, 1026)
(434, 1027)
(434, 1028)
(434, 1029)
(434, 1030)
(434, 1031)
(434, 1032)
(434, 1033)
(435, 1034)
(435, 1035)
(436, 1036)
(437, 1037)
(437, 1038)
(437, 1039)
(437, 1040)
(437, 1041)
(437, 1042)
(436, 1043)
(436, 1044)
(435, 1045)
(435, 1046)
(436, 1047)
(436, 1048)
(436, 1049)
(436, 1050)
(436, 1051)
(435, 1052)
(434, 1053)
(434, 1054)
(434, 1055)
(435, 1056)
(435, 1057)
(436, 1058)
(437, 1059)
(438, 1060)
(438, 1061)
(438, 1062)
(438, 1063)
(438, 1064)
(438, 1065)
(438, 1066)
(439, 1067)
(439, 1068)
(439, 1069)
(440, 1070)
(440, 1071)
(440, 1072)
(441, 1073)
(441, 1074)
(441, 1075)
(441, 1076)
(442, 1077)
(443, 1078)
(443, 1079)
(444, 1080)
(445, 1081)
(446, 1082)
(446, 1083)
(447, 1084)
(448, 1085)
(449, 1086)
(449, 1087)
(450, 1088)
(450, 1089)
(451, 1090)
(451, 1091)
(452, 1092)
(452, 1093)
(451, 1094)
(458, 1097)
(458, 1098)
(459, 1099)
(459, 1100)
(460, 1101)
(461, 1102)
(461, 1103)
(462, 1104)
(462, 1105)
(463, 1106)
(463, 1107)
(462, 1108)
(462, 1109)
(461, 1110)
(461, 1111)
(460, 1112)
(460, 1113)
(460, 1114)
(460, 1115)
(460, 1116)
(460, 1117)
(461, 1118)
(461, 1119)
(461, 1120)
(462, 1121)
(462, 1122)
(463, 1123)
(463, 1124)
(464, 1125)
(464, 1126)
(465, 1127)
(465, 1128)
(466, 1129)
(466, 1130)
(466, 1131)
(466, 1132)
(466, 1133)
(466, 1134)
(467, 1135)
(468, 1136)
(468, 1137)
(468, 1138)
(469, 1139)
(470, 1140)
(470, 1141)
(470, 1142)
(470, 1143)
(470, 1144)
(470, 1145)
(470, 1146)
(470, 1147)
(470, 1148)
(470, 1149)
(471, 1150)
(471, 1151)
(472, 1152)
(472, 1153)
(473, 1154)
(473, 1155)
(474, 1156)
(474, 1157)
(473, 1158)
(473, 1159)
(472, 1160)
(471, 1161)
(470, 1162)
(469, 1163)
(468, 1164)
(466, 1165)
(465, 1166)
(464, 1167)
(463, 1168)
(463, 1169)
(462, 1170)
(463, 1171)
(464, 1172)
(465, 1173)
(466, 1174)
(468, 1175)
(469, 1176)
(470, 1177)
(470, 1178)
(470, 1179)
(470, 1180)
(470, 1181)
(470, 1182)
(470, 1183)
(470, 1184)
(470, 1185)
(470, 1186)
(470, 1187)
(470, 1188)
(470, 1189)
(470, 1190)
(470, 1191)
(470, 1192)
(470, 1193)
(470, 1194)
(470, 1195)
(470, 1196)
(471, 1197)
(471, 1198)
(472, 1199)
(472, 1200)
(473, 1201)
(473, 1202)
(474, 1203)
(475, 1204)
(474, 1205)
(474, 1206)
(473, 1207)
(473, 1208)
(473, 1209)
(473, 1210)
(474, 1211)
(475, 1212)
(477, 1213)
(479, 1214)
(480, 1215)
(481, 1216)
(482, 1217)
(482, 1218)
(483, 1219)
(483, 1220)
(482, 1221)
(481, 1222)
(481, 1223)
(481, 1224)
(481, 1225)
(480, 1226)
(480, 1227)
(479, 1228)
(479, 1229)
(479, 1230)
(478, 1231)
(478, 1232)
(478, 1233)
(478, 1234)
(478, 1235)
(478, 1236)
(479, 1237)
(480, 1238)
(481, 1239)
(482, 1240)
(483, 1241)
(484, 1242)
(484, 1243)
(485, 1244)
(485, 1245)
(485, 1246)
(484, 1247)
(483, 1248)
(482, 1249)
(481, 1250)
(480, 1251)
(478, 1252)
(476, 1253)
(476, 1254)
(475, 1255)
(476, 1256)
(479, 1257)
(481, 1258)
(483, 1259)
(484, 1260)
(484, 1261)
(485, 1262)
(484, 1263)
(484, 1264)
(484, 1265)
(485, 1266)
(485, 1267)
(486, 1268)
(487, 1269)
(488, 1270)
(489, 1271)
(490, 1272)
(490, 1273)
(490, 1274)
(491, 1275)
(491, 1276)
(491, 1277)
(492, 1278)
(492, 1279)
(493, 1280)
(493, 1281)
(494, 1282)
(495, 1283)
(496, 1284)
(496, 1285)
(497, 1286)
(498, 1287)
(500, 1288)
(502, 1289)
(503, 1290)
(504, 1291)
(505, 1292)
(506, 1293)
(507, 1294)
(508, 1295)
(509, 1296)
(510, 1297)
(511, 1298)
(512, 1299)
(513, 1300)
(514, 1301)
(515, 1302)
(516, 1303)
(517, 1304)
(518, 1305)
(519, 1306)
(520, 1307)
(521, 1308)
(522, 1309)
(522, 1310)
(522, 1311)
(523, 1312)
(523, 1313)
(523, 1314)
(523, 1315)
(523, 1316)
(523, 1317)
(523, 1318)
(524, 1319)
(524, 1320)
(524, 1321)
(524, 1322)
(524, 1323)
(524, 1324)
(524, 1325)
(523, 1326)
(522, 1327)
(521, 1328)
(521, 1329)
(520, 1330)
(520, 1331)
(520, 1332)
(520, 1333)
(520, 1334)
(521, 1335)
(521, 1336)
(521, 1337)
(521, 1338)
(520, 1339)
(520, 1340)
(520, 1341)
(520, 1342)
(520, 1343)
(521, 1344)
(521, 1345)
(522, 1346)
(522, 1347)
(523, 1348)
(523, 1349)
(524, 1350)
(524, 1351)
(525, 1352)
(525, 1353)
(526, 1354)
(526, 1355)
(527, 1356)
(527, 1357)
(527, 1358)
(527, 1359)
(528, 1360)
(528, 1361)
(528, 1362)
(528, 1363)
(528, 1364)
(528, 1365)
(528, 1366)
(528, 1367)
(528, 1368)
(529, 1369)
(530, 1370)
(530, 1371)
(532, 1372)
(534, 1373)
(536, 1374)
(538, 1375)
(539, 1376)
(540, 1377)
(539, 1378)
(539, 1379)
(539, 1380)
(539, 1381)
(539, 1382)
(540, 1383)
(542, 1384)
(543, 1385)
(544, 1386)
(545, 1387)
(546, 1388)
(547, 1389)
(548, 1390)
(549, 1391)
(550, 1392)
(551, 1393)
(551, 1394)
(552, 1395)
(553, 1396)
(554, 1397)
(554, 1398)
(555, 1399)
(556, 1400)
(556, 1401)
(557, 1402)
(558, 1403)
(559, 1404)
(560, 1405)
(561, 1406)
(562, 1407)
(562, 1408)
(563, 1409)
(563, 1410)
(564, 1411)
(564, 1412)
(565, 1413)
(566, 1414)
(567, 1415)
(567, 1416)
(568, 1417)
(568, 1418)
(568, 1419)
(568, 1420)
(568, 1421)
(568, 1422)
(568, 1423)
(567, 1424)
(567, 1425)
(566, 1426)
(566, 1427)
(566, 1428)
(565, 1429)
(565, 1430)
(564, 1431)
(564, 1432)
(563, 1433)
(562, 1434)
(562, 1435)
(561, 1436)
(561, 1437)
(560, 1438)
(560, 1439)
(559, 1440)
(559, 1441)
(558, 1442)
(558, 1443)
(557, 1444)
(557, 1445)
(557, 1446)
(556, 1447)
(557, 1448)
(552, 1451)
(551, 1452)
(551, 1453)
(550, 1454)
(550, 1455)
(550, 1456)
(550, 1457)
(550, 1458)
(549, 1459)
(549, 1460)
(549, 1461)
(549, 1462)
(549, 1463)
(548, 1464)
(548, 1465)
(547, 1466)
(547, 1467)
(547, 1468)
(546, 1469)
(546, 1470)
(546, 1471)
(546, 1472)
(546, 1473)
(546, 1474)
(546, 1475)
(546, 1476)
(547, 1477)
(547, 1478)
(547, 1479)
(547, 1480)
(547, 1481)
(547, 1482)
(547, 1483)
(547, 1484)
(547, 1485)
(547, 1486)
(547, 1487)
(547, 1488)
(547, 1489)
(547, 1490)
(547, 1491)
(548, 1492)
(548, 1493)
(548, 1494)
(548, 1495)
(548, 1496)
(549, 1497)
(549, 1498)
(549, 1499)
(549, 1500)
(550, 1501)
(550, 1502)
(551, 1503)
(551, 1504)
(552, 1505)
(552, 1506)
(553, 1507)
(554, 1508)
(554, 1509)
(555, 1510)
(556, 1511)
(556, 1512)
(556, 1513)
(557, 1514)
(557, 1515)
(558, 1516)
(558, 1517)
(559, 1518)
(559, 1519)
(559, 1520)
(559, 1521)
(559, 1522)
(560, 1523)
(560, 1524)
(560, 1525)
(560, 1526)
(561, 1527)
(562, 1528)
(562, 1529)
(563, 1530)
(564, 1531)
(564, 1532)
(565, 1533)
(565, 1534)
(566, 1535)
(566, 1536)
(567, 1537)
(568, 1538)
(568, 1539)
(569, 1540)
(570, 1541)
(570, 1542)
(571, 1543)
(571, 1544)
(572, 1545)
(573, 1546)
(573, 1547)
(574, 1548)
(575, 1549)
(576, 1550)
(577, 1551)
(578, 1552)
(578, 1553)
(579, 1554)
(579, 1555)
(580, 1556)
(580, 1557)
(581, 1558)
(581, 1559)
(582, 1560)
(582, 1561)
(583, 1562)
(583, 1563)
(583, 1564)
(583, 1565)
(584, 1566)
(584, 1567)
(584, 1568)
(584, 1569)
(585, 1570)
(585, 1571)
(585, 1572)
(586, 1573)
(586, 1574)
(587, 1575)
(587, 1576)
(587, 1577)
(588, 1578)
(588, 1579)
(589, 1580)
(589, 1581)
(590, 1582)
(590, 1583)
(591, 1584)
(591, 1585)
(592, 1586)
(592, 1587)
(593, 1588)
(593, 1589)
(593, 1590)
(592, 1591)
(592, 1592)
(592, 1593)
(592, 1594)
(591, 1595)
(591, 1596)
(591, 1597)
(591, 1598)
(591, 1599)
(591, 1600)
(591, 1601)
(592, 1602)
(592, 1603)
(592, 1604)
(593, 1605)
(593, 1606)
(593, 1607)
(593, 1608)
(594, 1609)
(594, 1610)
(594, 1611)
(594, 1612)
(594, 1613)
(595, 1614)
(595, 1615)
(595, 1616)
(595, 1617)
(595, 1618)
(595, 1619)
(595, 1620)
(596, 1621)
(596, 1622)
(596, 1623)
(596, 1624)
(596, 1625)
(596, 1626)
(596, 1627)
(596, 1628)
(596, 1629)
(596, 1630)
(595, 1631)
(596, 1632)
(596, 1633)
(596, 1634)
(596, 1635)
(595, 1636)
(595, 1637)
(595, 1638)
(594, 1639)
(594, 1640)
(594, 1641)
(594, 1642)
(594, 1643)
(594, 1644)
(594, 1645)
(594, 1646)
(594, 1647)
(594, 1648)
(594, 1649)
(594, 1650)
(594, 1651)
(594, 1652)
(594, 1653)
(595, 1654)
(595, 1655)
(596, 1656)
(596, 1657)
(596, 1658)
(597, 1659)
(597, 1660)
(598, 1661)
(598, 1662)
(599, 1663)
(599, 1664)
(600, 1665)
(600, 1666)
(601, 1667)
(601, 1668)
(602, 1669)
(603, 1670)
(603, 1671)
(604, 1672)
(604, 1673)
(605, 1674)
(606, 1675)
(606, 1676)
(607, 1677)
(607, 1678)
(608, 1679)
(609, 1680)
(610, 1681)
(612, 1682)
(613, 1683)
(614, 1684)
(615, 1685)
(616, 1686)
(617, 1687)
(617, 1688)
(619, 1689)
(620, 1690)
(621, 1691)
(622, 1692)
(624, 1693)
(624, 1694)
(625, 1695)
(626, 1696)
(627, 1697)
(628, 1698)
(629, 1699)
(630, 1700)
(631, 1701)
(632, 1702)
(633, 1703)
(633, 1704)
(634, 1705)
(634, 1706)
(634, 1707)
(635, 1708)
(635, 1709)
(636, 1710)
(637, 1711)
(637, 1712)
(638, 1713)
(638, 1714)
(638, 1715)
(639, 1716)
(639, 1717)
(639, 1718)
(639, 1719)
(639, 1720)
(639, 1721)
(639, 1722)
(639, 1723)
(639, 1724)
(639, 1725)
(639, 1726)
(639, 1727)
(639, 1728)
(639, 1729)
(639, 1730)
(639, 1731)
(639, 1732)
(639, 1733)
(638, 1734)
(638, 1735)
(637, 1736)
(637, 1737)
(636, 1738)
(636, 1739)
(635, 1740)
(634, 1741)
(634, 1742)
(633, 1743)
(632, 1744)
(631, 1745)
(631, 1746)
(630, 1747)
(629, 1748)
(628, 1749)
(627, 1750)
(626, 1751)
(625, 1752)
(624, 1753)
(623, 1754)
(622, 1755)
(620, 1756)
(619, 1757)
(618, 1758)
(616, 1759)
(615, 1760)
(614, 1761)
(614, 1762)
(613, 1763)
(612, 1764)
(612, 1765)
(610, 1766)
(609, 1767)
(608, 1768)
(606, 1769)
(605, 1770)
(605, 1771)
(604, 1772)
(603, 1773)
(603, 1774)
(602, 1775)
(601, 1776)
(601, 1777)
(600, 1778)
(600, 1779)
(599, 1780)
(598, 1781)
(598, 1782)
(598, 1783)
(597, 1784)
(597, 1785)
(596, 1786)
(595, 1787)
(595, 1788)
(594, 1789)
(594, 1790)
(594, 1791)
(593, 1792)
(593, 1793)
(592, 1794)
(592, 1795)
(591, 1796)
(590, 1797)
(590, 1798)
(590, 1799)
(589, 1800)
(589, 1801)
(588, 1802)
(585, 1803)
(587, 1804)
(586, 1805)
(586, 1806)
(586, 1807)
(585, 1808)
(585, 1809)
(585, 1810)
(585, 1811)
(584, 1812)
(584, 1813)
(584, 1814)
(584, 1815)
(583, 1816)
(583, 1817)
(583, 1818)
(583, 1819)
(583, 1820)
(583, 1821)
(583, 1822)
(583, 1823)
(583, 1824)
(583, 1825)
(583, 1826)
(583, 1827)
(583, 1828)
(583, 1829)
(583, 1830)
(584, 1831)
(584, 1832)
(584, 1833)
(583, 1834)
(583, 1835)
(583, 1836)
(583, 1837)
(583, 1838)
(583, 1839)
(583, 1840)
(583, 1841)
(583, 1842)
(583, 1843)
(583, 1844)
(583, 1845)
(583, 1846)
(583, 1847)
(582, 1848)
(582, 1849)
(582, 1850)
(582, 1851)
(581, 1852)
(581, 1853)
(581, 1854)
(581, 1855)
(581, 1856)
(580, 1857)
(580, 1858)
(580, 1859)
(579, 1860)
(579, 1861)
(579, 1862)
(579, 1863)
(578, 1864)
(578, 1865)
(578, 1866)
(577, 1867)
(577, 1868)
(577, 1869)
(577, 1870)
(577, 1871)
(576, 1872)
(576, 1873)
(576, 1874)
(576, 1875)
(576, 1876)
(576, 1877)
(575, 1878)
(575, 1879)
(575, 1880)
(575, 1881)
(575, 1882)
(575, 1883)
(574, 1884)
(574, 1885)
(574, 1886)
(574, 1887)
(574, 1888)
(574, 1889)
(574, 1890)
(574, 1891)
(574, 1892)
(574, 1893)
(574, 1894)
(574, 1895)
(574, 1896)
(574, 1897)
(573, 1898)
(573, 1899)
(573, 1900)
(572, 1901)
(572, 1902)
(572, 1903)
(572, 1904)
(572, 1905)
(572, 1906)
(571, 1907)
(571, 1908)
(571, 1909)
(571, 1910)
(570, 1911)
(570, 1912)
(570, 1913)
(570, 1914)
(570, 1915)
(570, 1916)
(570, 1917)
(570, 1918)
(570, 1919)
(570, 1920)
(570, 1921)
(570, 1922)
(570, 1923)
(570, 1924)
(570, 1925)
(570, 1926)
(570, 1927)
(570, 1928)
(571, 1929)
(571, 1930)
(571, 1931)
(571, 1932)
(571, 1933)
(571, 1934)
(572, 1935)
(572, 1936)
(572, 1937)
(572, 1938)
(572, 1939)
(572, 1940)
(573, 1941)
(573, 1942)
(573, 1943)
(573, 1944)
(573, 1945)
(573, 1946)
(574, 1947)
(574, 1948)
(574, 1949)
(574, 1950)
(575, 1951)
(575, 1952)
(575, 1953)
(575, 1954)
(576, 1955)
(576, 1956)
(576, 1957)
(576, 1958)
(576, 1959)
(576, 1960)
(576, 1961)
(577, 1962)
(577, 1963)
(577, 1964)
(577, 1965)
(577, 1966)
(577, 1967)
(577, 1968)
(577, 1969)
(577, 1970)
(578, 1971)
(578, 1972)
(578, 1973)
(579, 1974)
(579, 1975)
(579, 1976)
(579, 1977)
(580, 1978)
(580, 1979)
(581, 1980)
(582, 1981)
(582, 1982)
(582, 1983)
(582, 1984)
(582, 1985)
(582, 1986)
(583, 1987)
(583, 1988)
(583, 1989)
(583, 1990)
(583, 1991)
(584, 1992)
(584, 1993)
(584, 1994)
(584, 1995)
(584, 1996)
(584, 1997)
(584, 1998)
(584, 1999)
(584, 2000)
(584, 2001)
(585, 2002)
(585, 2003)
(585, 2004)
(585, 2005)
(585, 2006)
(587, 2007)
(587, 2008)
(588, 2009)
(589, 2010)
(589, 2011)
(590, 2012)
(591, 2013)
(591, 2014)
(592, 2015)
(592, 2016)
(592, 2017)
(592, 2018)
(592, 2019)
(592, 2020)
(592, 2021)
(592, 2022)
(592, 2023)
(592, 2024)
(592, 2025)
(592, 2026)
(592, 2027)
(592, 2028)
(592, 2029)
(592, 2030)
(592, 2031)
(592, 2032)
(592, 2033)
(592, 2034)
(592, 2035)
(592, 2036)
(591, 2037)
(591, 2038)
(591, 2039)
(591, 2040)
(591, 2041)
(591, 2042)
(590, 2043)
(590, 2044)
(590, 2045)
(590, 2046)
(590, 2047)
(590, 2048)
(589, 2049)
(589, 2050)
(589, 2051)
(588, 2052)
(587, 2053)
(587, 2054)
(586, 2055)
(586, 2056)
(585, 2057)
(585, 2058)
(584, 2059)
(583, 2060)
(583, 2061)
(582, 2062)
(581, 2063)
(581, 2064)
(581, 2065)
(580, 2066)
(580, 2067)
(580, 2068)
(579, 2069)
(579, 2070)
(579, 2071)
(578, 2072)
(578, 2073)
(578, 2074)
(577, 2075)
(577, 2076)
(577, 2077)
(577, 2078)
(577, 2079)
(576, 2080)
(576, 2081)
(576, 2082)
(576, 2083)
(576, 2084)
(576, 2085)
(576, 2086)
(576, 2087)
(575, 2088)
(575, 2089)
(575, 2090)
(575, 2091)
(575, 2092)
(575, 2093)
(575, 2094)
(575, 2095)
(575, 2096)
(575, 2097)
(575, 2098)
(575, 2099)
(575, 2100)
(574, 2101)
(574, 2102)
(574, 2103)
(574, 2104)
(573, 2105)
(573, 2106)
(573, 2107)
(573, 2108)
(573, 2109)
(573, 2110)
(573, 2111)
(572, 2112)
(572, 2113)
(572, 2114)
(572, 2115)
(572, 2116)
(572, 2117)
(572, 2118)
(572, 2119)
(572, 2120)
(571, 2121)
(571, 2122)
(571, 2123)
(570, 2124)
(570, 2125)
(569, 2126)
(569, 2127)
(568, 2128)
(567, 2129)
(567, 2130)
(566, 2131)
(566, 2132)
(566, 2133)
(566, 2134)
(566, 2135)
(565, 2136)
(565, 2137)
(565, 2138)
(565, 2139)
(565, 2140)
(565, 2141)
(565, 2142)
(565, 2143)
(565, 2144)
(565, 2145)
(565, 2146)
(565, 2147)
(564, 2148)
(564, 2149)
(564, 2150)
(564, 2151)
(563, 2152)
(563, 2153)
(564, 2154)
(560, 2158)
(560, 2159)
(560, 2160)
(560, 2161)
(560, 2162)
(559, 2163)
(559, 2164)
(558, 2165)
(557, 2166)
(557, 2167)
(556, 2168)
(555, 2169)
(553, 2170)
(552, 2171)
(551, 2172)
(551, 2173)
(550, 2174)
(549, 2175)
(548, 2176)
(547, 2177)
(546, 2178)
(544, 2179)
(542, 2180)
(540, 2181)
(539, 2182)
(537, 2183)
(536, 2184)
(535, 2185)
(535, 2186)
(533, 2187)
(532, 2188)
(531, 2189)
(530, 2190)
(529, 2191)
(529, 2192)
(528, 2193)
(528, 2194)
(527, 2195)
(527, 2196)
(527, 2197)
(527, 2198)
(526, 2199)
(526, 2200)
(526, 2201)
(525, 2202)
(525, 2203)
(524, 2204)
(524, 2205)
(524, 2206)
(523, 2207)
(523, 2208)
(523, 2209)
(522, 2210)
(522, 2211)
(522, 2212)
(522, 2213)
(523, 2214)
(523, 2215)
(524, 2216)
(525, 2217)
(526, 2218)
(527, 2219)
(528, 2220)
(529, 2221)
(529, 2222)
(530, 2223)
(531, 2224)
(532, 2225)
(533, 2226)
(534, 2227)
(535, 2228)
(536, 2229)
(537, 2230)
(538, 2231)
(538, 2232)
(538, 2233)
(538, 2234)
(538, 2235)
(539, 2236)
(539, 2237)
(539, 2238)
(539, 2239)
(539, 2240)
(539, 2241)
(539, 2242)
(538, 2243)
(538, 2244)
(537, 2245)
(537, 2246)
(536, 2247)
(535, 2248)
(535, 2249)
(534, 2250)
(533, 2251)
(533, 2252)
(532, 2253)
(532, 2254)
(531, 2255)
(530, 2256)
(529, 2257)
(529, 2258)
(528, 2259)
(527, 2260)
(527, 2261)
(526, 2262)
(525, 2263)
(524, 2264)
(523, 2265)
(522, 2266)
(521, 2267)
(520, 2268)
(519, 2269)
(518, 2270)
(518, 2271)
(517, 2272)
(516, 2273)
(516, 2274)
(515, 2275)
(515, 2276)
(515, 2277)
(514, 2278)
(514, 2279)
(514, 2280)
(514, 2281)
(514, 2282)
(514, 2283)
(514, 2284)
(514, 2285)
(513, 2286)
(513, 2287)
(513, 2288)
(512, 2289)
(511, 2290)
(511, 2291)
(510, 2292)
(508, 2293)
(507, 2294)
(506, 2295)
(505, 2296)
(505, 2297)
(504, 2298)
(503, 2299)
(503, 2300)
(502, 2301)
(502, 2302)
(501, 2303)
(501, 2304)
(501, 2305)
(501, 2306)
(501, 2307)
(501, 2308)
(501, 2309)
(502, 2310)
(502, 2311)
(502, 2312)
(502, 2313)
(502, 2314)
(503, 2315)
(503, 2316)
(503, 2317)
(504, 2318)
(504, 2319)
(504, 2320)
(505, 2321)
(505, 2322)
(505, 2323)
(506, 2324)
(506, 2325)
(506, 2326)
(507, 2327)
(507, 2328)
(507, 2329)
(506, 2330)
(513, 2332)
(513, 2333)
(512, 2334)
(512, 2335)
(512, 2336)
(513, 2337)
(513, 2338)
(514, 2339)
(514, 2340)
(514, 2341)
(515, 2342)
(516, 2343)
(516, 2344)
(517, 2345)
(517, 2346)
(518, 2347)
(518, 2348)
(519, 2349)
(519, 2350)
(520, 2351)
(520, 2352)
(521, 2353)
(521, 2354)
(522, 2355)
(522, 2356)
(523, 2357)
(523, 2358)
(524, 2359)
(524, 2360)
(525, 2361)
(525, 2362)
(525, 2363)
(525, 2364)
(526, 2365)
(526, 2366)
(526, 2367)
(526, 2368)
(526, 2369)
(526, 2370)
(526, 2371)
(526, 2372)
(526, 2373)
(526, 2374)
(526, 2375)
(526, 2376)
(526, 2377)
(526, 2378)
(527, 2379)
(527, 2380)
(527, 2381)
(527, 2382)
(527, 2383)
(527, 2384)
(527, 2385)
(527, 2386)
(527, 2387)
(528, 2388)
(528, 2389)
(528, 2390)
(527, 2391)
(527, 2392)
(527, 2393)
(527, 2394)
(527, 2395)
(527, 2396)
(527, 2397)
(527, 2398)
(526, 2399)
(526, 2400)
(526, 2401)
(526, 2402)
(526, 2403)
(526, 2404)
(526, 2405)
(526, 2406)
(526, 2407)
(526, 2408)
(526, 2409)
(526, 2410)
(526, 2411)
(526, 2412)
(527, 2413)
(527, 2414)
(527, 2415)
(527, 2416)
(527, 2417)
(527, 2418)
(527, 2419)
(528, 2420)
(528, 2421)
(528, 2422)
(528, 2423)
(528, 2424)
(528, 2425)
(528, 2426)
(528, 2427)
(528, 2428)
(527, 2429)
(527, 2430)
(527, 2431)
(527, 2432)
(527, 2433)
(527, 2434)
(527, 2435)
(527, 2436)
(527, 2437)
(527, 2438)
(526, 2439)
(526, 2440)
(526, 2441)
(526, 2442)
(526, 2443)
(526, 2444)
(526, 2445)
(526, 2446)
(526, 2447)
(526, 2448)
(526, 2449)
(526, 2450)
(526, 2451)
(526, 2452)
(527, 2453)
(527, 2454)
(527, 2455)
(527, 2456)
(527, 2457)
(527, 2458)
(527, 2459)
(527, 2460)
(527, 2461)
(528, 2462)
(528, 2463)
(528, 2464)
(529, 2465)
(529, 2466)
(529, 2467)
(530, 2468)
(530, 2469)
(531, 2470)
(531, 2471)
(531, 2472)
(531, 2473)
(532, 2474)
(532, 2475)
(532, 2476)
(533, 2477)
(533, 2478)
(533, 2479)
(534, 2480)
(534, 2481)
(534, 2482)
(534, 2483)
(534, 2484)
(535, 2485)
(535, 2486)
(535, 2487)
(536, 2488)
(536, 2489)
(536, 2490)
(535, 2491)
(535, 2492)
(535, 2493)
(534, 2494)
(534, 2495)
(534, 2496)
(535, 2497)
(535, 2498)
(535, 2499)
(535, 2500)
(536, 2501)
(536, 2502)
(536, 2503)
(536, 2504)
(536, 2505)
(536, 2506)
(535, 2510)
(535, 2511)
(535, 2512)
(535, 2513)
(535, 2514)
(535, 2515)
(535, 2516)
(535, 2517)
(535, 2518)
(535, 2519)
(535, 2520)
(535, 2521)
(536, 2522)
(536, 2523)
(536, 2524)
(536, 2525)
(536, 2526)
(536, 2527)
(536, 2528)
(536, 2529)
(537, 2530)
(537, 2531)
(537, 2532)
(537, 2533)
(537, 2534)
(538, 2535)
(538, 2536)
(538, 2537)
(538, 2538)
(539, 2539)
(539, 2540)
(539, 2541)
(539, 2542)
(539, 2543)
(539, 2544)
(540, 2545)
(540, 2546)
(540, 2547)
(540, 2548)
(540, 2549)
(541, 2550)
(541, 2551)
(541, 2552)
(542, 2553)
(542, 2554)
(542, 2555)
(543, 2556)
(543, 2557)
(543, 2558)
(543, 2559)
(544, 2560)
(544, 2561)
(544, 2562)
(544, 2563)
(544, 2564)
(545, 2565)
(545, 2566)
(545, 2567)
(545, 2568)
(545, 2569)
(545, 2570)
(545, 2571)
(545, 2572)
(545, 2573)
(545, 2574)
(546, 2575)
(546, 2576)
(546, 2577)
(546, 2578)
(546, 2579)
(546, 2580)
(546, 2581)
(546, 2582)
(546, 2583)
(546, 2584)
(546, 2585)
(546, 2586)
(546, 2587)
(546, 2588)
(546, 2589)
(546, 2590)
(545, 2591)
(545, 2592)
(545, 2593)
(545, 2594)
(545, 2595)
(545, 2596)
(545, 2597)
(545, 2598)
(545, 2599)
(545, 2600)
(544, 2601)
(544, 2602)
(544, 2603)
(544, 2604)
(544, 2605)
(544, 2606)
(544, 2607)
(544, 2608)
(544, 2609)
(544, 2610)
(544, 2611)
(544, 2612)
(543, 2613)
(543, 2614)
(543, 2615)
(542, 2616)
(542, 2617)
(541, 2618)
(541, 2619)
(540, 2620)
(539, 2621)
(539, 2622)
(539, 2623)
(539, 2624)
(539, 2625)
(539, 2626)
(539, 2627)
(539, 2628)
(539, 2629)
(539, 2630)
(540, 2631)
(541, 2632)
(541, 2633)
(541, 2634)
(541, 2635)
(541, 2636)
(541, 2637)
(541, 2638)
(541, 2639)
(541, 2640)
(541, 2641)
(541, 2642)
(541, 2643)
(541, 2644)
(541, 2645)
(541, 2646)
(541, 2647)
(541, 2648)
(541, 2649)
(540, 2650)
(540, 2651)
(540, 2652)
(540, 2653)
(540, 2654)
(540, 2655)
(540, 2656)
(540, 2657)
(540, 2658)
(540, 2659)
(540, 2660)
(540, 2661)
(540, 2662)
(540, 2663)
(540, 2664)
(540, 2665)
(540, 2666)
(541, 2667)
(541, 2668)
(541, 2669)
(541, 2670)
(542, 2671)
(542, 2672)
(542, 2673)
(542, 2674)
(543, 2675)
(543, 2676)
(543, 2677)
(543, 2678)
(544, 2679)
(544, 2680)
(544, 2681)
(545, 2682)
(546, 2683)
(549, 2684)
(546, 2685)
(547, 2686)
(547, 2687)
(547, 2688)
(547, 2689)
(547, 2690)
(547, 2691)
(547, 2692)
(548, 2693)
(548, 2694)
(548, 2695)
(548, 2696)
(549, 2697)
(549, 2698)
(549, 2699)
(549, 2700)
(549, 2701)
(550, 2702)
(549, 2703)
(549, 2704)
(549, 2705)
(549, 2706)
(549, 2707)
(549, 2708)
(549, 2709)
(548, 2710)
(548, 2711)
(548, 2712)
(548, 2713)
(547, 2714)
(547, 2715)
(547, 2716)
(546, 2717)
(546, 2718)
(546, 2719)
(546, 2720)
(546, 2721)
(545, 2722)
(545, 2723)
(545, 2724)
(545, 2725)
(545, 2726)
(545, 2727)
(545, 2728)
(545, 2729)
(545, 2730)
(545, 2731)
(545, 2732)
(545, 2733)
(544, 2734)
(544, 2735)
(544, 2736)
(544, 2737)
(544, 2738)
(544, 2739)
(543, 2740)
(543, 2741)
(543, 2742)
(543, 2743)
(544, 2744)
(544, 2745)
(544, 2746)
(544, 2747)
(544, 2748)
(544, 2749)
(544, 2750)
(545, 2751)
(545, 2752)
(545, 2753)
(545, 2754)
(545, 2755)
(545, 2756)
(546, 2757)
(546, 2758)
(546, 2759)
(546, 2760)
(546, 2761)
(546, 2762)
(546, 2763)
(546, 2764)
(545, 2765)
(545, 2766)
(544, 2767)
(544, 2768)
(543, 2769)
(542, 2770)
(542, 2771)
(541, 2772)
(540, 2773)
(539, 2774)
(538, 2775)
(537, 2776)
(537, 2777)
(536, 2778)
(536, 2779)
(535, 2780)
(535, 2781)
(534, 2782)
(534, 2783)
(534, 2784)
(533, 2785)
(533, 2786)
(533, 2787)
(533, 2788)
(533, 2789)
(533, 2790)
(533, 2791)
(533, 2792)
(533, 2793)
(533, 2794)
(533, 2795)
(533, 2796)
(533, 2797)
(533, 2798)
(534, 2799)
(534, 2800)
(534, 2801)
(534, 2802)
(534, 2803)
(534, 2804)
(534, 2805)
(534, 2806)
(534, 2807)
(534, 2808)
(534, 2809)
(533, 2810)
(533, 2811)
(532, 2812)
(531, 2813)
(530, 2814)
(529, 2815)
(528, 2816)
(528, 2817)
(527, 2818)
(527, 2819)
(526, 2820)
(525, 2821)
(525, 2822)
(524, 2823)
(523, 2824)
(522, 2825)
(521, 2826)
(520, 2827)
(519, 2828)
(518, 2829)
(517, 2830)
(516, 2831)
(516, 2832)
(515, 2833)
(515, 2834)
(514, 2835)
(514, 2836)
(513, 2837)
(513, 2838)
(512, 2839)
(512, 2840)
(511, 2841)
(511, 2842)
(510, 2843)
(509, 2844)
(509, 2845)
(508, 2846)
(508, 2847)
(507, 2848)
(506, 2849)
(506, 2850)
(506, 2851)
(505, 2852)
(505, 2853)
(505, 2854)
(504, 2855)
(504, 2856)
(504, 2857)
(504, 2858)
(504, 2859)
(505, 2860)
(505, 2861)
(505, 2862)
(505, 2863)
(506, 2864)
(506, 2865)
(506, 2866)
(506, 2867)
(507, 2868)
(507, 2869)
(508, 2870)
(508, 2871)
(509, 2872)
(509, 2873)
(509, 2874)
(510, 2875)
(510, 2876)
(510, 2877)
(510, 2878)
(510, 2879)
(510, 2880)
(510, 2881)
(510, 2882)
(510, 2883)
(510, 2884)
(510, 2885)
(509, 2886)
(509, 2887)
(509, 2888)
(509, 2889)
(509, 2890)
(508, 2891)
(508, 2892)
(508, 2893)
(508, 2894)
(508, 2895)
(508, 2896)
(508, 2897)
(508, 2898)
(508, 2899)
(508, 2900)
(508, 2901)
(509, 2902)
(509, 2903)
(509, 2904)
(510, 2905)
(510, 2906)
(510, 2907)
(510, 2908)
(511, 2909)
(511, 2910)
(511, 2911)
(512, 2912)
(512, 2913)
(512, 2914)
(513, 2915)
(513, 2916)
(513, 2917)
(514, 2918)
(515, 2919)
(515, 2920)
(515, 2921)
(516, 2922)
(516, 2923)
(516, 2924)
(517, 2925)
(517, 2926)
(517, 2927)
(517, 2928)
(517, 2929)
(518, 2930)
(518, 2931)
(518, 2932)
(518, 2933)
(519, 2934)
(519, 2935)
(519, 2936)
(520, 2937)
(520, 2938)
(520, 2939)
(521, 2940)
(521, 2941)
(521, 2942)
(521, 2943)
(522, 2944)
(522, 2945)
(522, 2946)
(522, 2947)
(523, 2948)
(523, 2949)
(523, 2950)
(523, 2951)
(523, 2952)
(523, 2953)
(523, 2954)
(523, 2955)
(523, 2956)
(524, 2957)
(524, 2958)
(524, 2959)
(524, 2960)
(524, 2961)
(524, 2962)
(524, 2963)
(524, 2964)
(523, 2965)
(523, 2966)
(523, 2967)
(523, 2968)
(523, 2969)
(523, 2970)
(522, 2971)
(522, 2972)
(522, 2973)
(522, 2974)
(522, 2975)
(522, 2976)
(522, 2977)
(521, 2978)
(521, 2979)
(521, 2980)
(521, 2981)
(522, 2982)
(522, 2983)
(522, 2984)
(522, 2985)
(522, 2986)
(522, 2987)
(522, 2988)
(522, 2989)
(522, 2990)
(522, 2991)
(522, 2992)
(522, 2993)
(522, 2994)
(522, 2995)
(522, 2996)
(522, 2997)
(522, 2998)
(522, 2999)
(522, 3000)
(521, 3001)
(522, 3002)
(522, 3003)
(522, 3004)
(522, 3005)
(522, 3006)
(522, 3007)
(522, 3008)
(522, 3009)
(522, 3010)
(522, 3011)
(522, 3012)
(522, 3013)
(521, 3014)
(521, 3015)
(521, 3016)
(521, 3017)
(521, 3018)
(521, 3019)
(521, 3020)
(521, 3021)
(521, 3022)
(521, 3023)
(522, 3024)
(522, 3025)
(522, 3026)
(523, 3027)
(523, 3028)
(523, 3029)
(524, 3030)
(524, 3031)
(524, 3032)
(525, 3033)
(525, 3034)
(525, 3035)
(526, 3036)
(526, 3037)
(527, 3038)
(526, 3039)
(526, 3040)
(526, 3041)
(526, 3042)
(526, 3043)
(526, 3044)
(526, 3045)
(526, 3046)
(526, 3047)
(526, 3048)
(526, 3049)
(526, 3050)
(526, 3051)
(526, 3052)
(526, 3053)
(526, 3054)
(526, 3055)
(526, 3056)
(526, 3057)
(526, 3058)
(526, 3059)
(526, 3060)
(526, 3061)
(526, 3062)
(526, 3063)
(526, 3064)
(526, 3065)
(526, 3066)
(526, 3067)
(526, 3068)
(526, 3069)
(526, 3070)
(526, 3071)
(526, 3072)
(526, 3073)
(526, 3074)
(526, 3075)
(526, 3076)
(527, 3077)
(527, 3078)
(527, 3079)
(527, 3080)
(527, 3081)
(527, 3082)
(527, 3083)
(528, 3084)
(528, 3085)
(528, 3086)
(528, 3087)
(528, 3088)
(528, 3089)
(529, 3090)
(529, 3091)
(529, 3092)
(529, 3093)
(529, 3094)
(529, 3095)
(529, 3096)
(529, 3097)
(529, 3098)
(529, 3099)
(529, 3100)
(529, 3101)
(529, 3102)
(529, 3103)
(529, 3104)
(529, 3105)
(529, 3106)
(529, 3107)
(529, 3108)
(530, 3109)
(530, 3110)
(530, 3111)
(530, 3112)
(530, 3113)
(530, 3114)
(530, 3115)
(530, 3116)
(531, 3117)
(531, 3118)
(531, 3119)
(532, 3120)
(532, 3121)
(532, 3122)
(532, 3123)
(532, 3124)
(532, 3125)
(532, 3126)
(532, 3127)
(532, 3128)
(532, 3129)
(532, 3130)
(532, 3131)
(532, 3132)
(532, 3133)
(532, 3134)
(532, 3135)
(532, 3136)
(532, 3137)
(532, 3138)
(532, 3139)
(532, 3140)
(532, 3141)
(531, 3142)
(531, 3143)
(531, 3144)
(531, 3145)
(531, 3146)
(531, 3147)
(531, 3148)
(531, 3149)
(531, 3150)
(531, 3151)
(531, 3152)
(530, 3153)
(530, 3154)
(530, 3155)
(530, 3156)
(529, 3157)
(529, 3158)
(529, 3159)
(529, 3160)
(529, 3161)
(528, 3162)
(528, 3163)
(528, 3164)
(528, 3165)
(528, 3166)
(528, 3167)
(527, 3168)
(527, 3169)
(527, 3170)
(527, 3171)
(527, 3172)
(527, 3173)
(527, 3174)
(527, 3175)
(527, 3176)
(527, 3177)
(527, 3178)
(527, 3179)
(527, 3180)
(527, 3181)
(527, 3182)
(527, 3183)
(526, 3184)
(526, 3185)
(526, 3186)
(526, 3187)
(526, 3188)
(526, 3189)
(526, 3190)
(526, 3191)
(526, 3192)
(526, 3193)
(526, 3194)
(526, 3195)
(526, 3196)
(526, 3197)
(526, 3198)
(526, 3199)
(526, 3200)
(526, 3201)
(526, 3202)
(526, 3203)
(526, 3204)
(526, 3205)
(526, 3206)
(526, 3207)
(526, 3208)
(527, 3209)
(527, 3210)
(527, 3211)
(527, 3212)
(527, 3213)
(527, 3214)
(527, 3215)
(527, 3216)
(526, 3217)
(526, 3218)
(526, 3219)
(526, 3220)
(526, 3221)
(526, 3222)
(526, 3223)
(526, 3224)
(526, 3225)
(526, 3226)
(526, 3227)
(525, 3228)
(525, 3229)
(525, 3230)
(525, 3231)
(525, 3232)
(525, 3233)
(525, 3234)
(525, 3235)
(525, 3236)
(525, 3237)
(525, 3238)
(525, 3239)
(525, 3240)
(526, 3241)
(526, 3242)
(526, 3243)
(526, 3244)
(527, 3245)
(527, 3246)
(527, 3247)
(527, 3248)
(527, 3249)
(527, 3250)
(527, 3251)
(527, 3252)
(527, 3253)
(527, 3254)
(527, 3255)
(527, 3256)
(527, 3257)
(527, 3258)
(527, 3259)
(527, 3260)
(527, 3261)
(527, 3262)
(527, 3263)
(527, 3264)
(527, 3265)
(527, 3266)
(527, 3267)
(527, 3268)
(527, 3269)
(527, 3270)
(528, 3271)
(528, 3272)
(528, 3273)
(528, 3274)
(528, 3275)
(528, 3276)
(529, 3277)
(529, 3278)
(529, 3279)
(529, 3280)
(529, 3281)
(528, 3282)
(528, 3283)
(528, 3284)
(528, 3285)
(528, 3286)
(527, 3287)
(527, 3288)
(527, 3289)
(527, 3290)
(527, 3291)
(527, 3292)
(527, 3293)
(527, 3294)
(526, 3295)
(526, 3296)
(526, 3297)
(526, 3298)
(526, 3299)
(526, 3300)
(526, 3301)
(526, 3302)
(526, 3303)
(526, 3304)
(526, 3305)
(526, 3306)
(525, 3307)
(525, 3308)
(525, 3309)
(525, 3310)
(525, 3311)
(525, 3312)
(524, 3313)
(524, 3314)
(524, 3315)
(524, 3316)
(524, 3317)
(524, 3318)
(524, 3319)
(523, 3320)
(523, 3321)
(523, 3322)
(523, 3323)
(523, 3324)
(523, 3325)
(522, 3326)
(522, 3327)
(522, 3328)
(521, 3329)
(521, 3330)
(521, 3331)
(520, 3332)
(520, 3333)
(520, 3334)
(519, 3335)
(519, 3336)
(519, 3337)
(519, 3338)
(518, 3339)
(518, 3340)
(518, 3341)
(518, 3342)
(518, 3343)
(517, 3344)
(517, 3345)
(517, 3346)
(517, 3347)
(517, 3348)
(517, 3349)
(516, 3350)
(516, 3351)
(516, 3352)
(516, 3353)
(515, 3354)
(515, 3355)
(515, 3356)
(515, 3357)
(514, 3358)
(514, 3359)
(514, 3360)
(514, 3361)
(514, 3362)
(514, 3363)
(514, 3364)
(514, 3365)
(514, 3366)
(514, 3367)
(514, 3368)
(514, 3369)
(514, 3370)
(514, 3371)
(514, 3372)
(514, 3373)
(514, 3374)
(514, 3375)
(514, 3376)
(514, 3377)
(514, 3378)
(514, 3379)
(514, 3380)
(514, 3381)
(513, 3382)
(513, 3383)
(513, 3384)
(513, 3385)
(513, 3386)
(513, 3387)
(512, 3388)
(512, 3389)
(512, 3390)
(512, 3391)
(512, 3392)
(511, 3393)
(511, 3394)
(510, 3395)
(510, 3396)
(510, 3397)
(510, 3398)
(510, 3399)
(510, 3400)
(510, 3401)
(510, 3402)
(510, 3403)
(510, 3404)
(510, 3405)
(510, 3406)
(510, 3407)
(510, 3408)
(510, 3409)
(510, 3410)
(510, 3411)
(510, 3412)
(510, 3413)
(510, 3414)
(510, 3415)
(510, 3416)
(510, 3417)
(510, 3418)
(510, 3419)
(510, 3420)
(510, 3421)
(510, 3422)
(510, 3423)
(510, 3424)
(510, 3425)
(510, 3426)
(510, 3427)
(510, 3428)
(510, 3429)
(510, 3430)
(510, 3431)
(510, 3432)
(510, 3433)
(510, 3434)
(510, 3435)
(510, 3436)
(509, 3437)
(509, 3438)
(509, 3439)
(509, 3440)
(509, 3441)
(509, 3442)
(509, 3443)
(509, 3444)
(508, 3445)
(508, 3446)
(509, 3447)
(509, 3448)
(509, 3449)
(509, 3450)
(509, 3451)
(509, 3452)
(509, 3453)
(509, 3454)
(509, 3455)
(509, 3456)
(509, 3457)
(509, 3458)
(509, 3459)
(509, 3460)
(509, 3461)
(509, 3462)
(509, 3463)
(509, 3464)
(509, 3465)
(509, 3466)
(509, 3467)
(509, 3468)
(509, 3469)
(508, 3470)
(508, 3471)
(508, 3472)
(508, 3473)
(508, 3474)
(508, 3475)
(508, 3476)
(508, 3477)
(508, 3478)
(508, 3479)
(508, 3480)
(508, 3481)
(508, 3482)
(508, 3483)
(508, 3484)
(508, 3485)
(508, 3486)
(508, 3487)
(508, 3488)
(508, 3489)
(508, 3490)
(508, 3491)
(508, 3492)
(508, 3493)
(508, 3494)
(508, 3495)
(508, 3496)
(508, 3497)
(508, 3498)
(508, 3499)
(508, 3500)
(508, 3501)
(508, 3502)
(508, 3503)
(508, 3504)
(508, 3505)
(508, 3506)
(508, 3507)
(508, 3508)
(508, 3509)
(508, 3510)
(508, 3511)
(507, 3512)
(507, 3513)
(507, 3514)
(507, 3515)
(508, 3516)
(508, 3517)
(508, 3518)
(508, 3519)
(508, 3520)
(508, 3521)
(508, 3522)
(509, 3523)
(509, 3524)
(509, 3525)
(509, 3526)
(509, 3527)
(509, 3528)
(509, 3529)
(509, 3530)
(509, 3531)
(509, 3532)
(509, 3533)
(509, 3534)
(509, 3535)
(509, 3536)
(509, 3537)
(509, 3538)
(509, 3539)
(509, 3540)
(509, 3541)
(509, 3542)
(509, 3543)
(510, 3544)
(510, 3545)
(510, 3546)
(510, 3547)
(510, 3548)
(510, 3549)
(511, 3550)
(511, 3551)
(511, 3552)
(511, 3553)
(512, 3554)
(512, 3555)
(512, 3556)
(512, 3557)
(512, 3558)
(512, 3559)
(512, 3560)
(512, 3561)
(512, 3562)
(512, 3563)
(512, 3564)
(512, 3565)
(512, 3566)
(512, 3567)
(512, 3568)
(512, 3569)
(512, 3570)
(512, 3571)
(512, 3572)
(512, 3573)
(512, 3574)
(513, 3575)
(513, 3576)
(513, 3577)
(513, 3578)
(513, 3579)
(513, 3580)
(513, 3581)
(513, 3582)
(513, 3583)
(513, 3584)
(513, 3585)
(512, 3586)
(512, 3587)
(512, 3588)
(512, 3589)
(512, 3590)
(512, 3591)
(512, 3592)
(512, 3593)
(513, 3594)
(513, 3595)
(513, 3596)
(513, 3597)
(513, 3598)
(513, 3599)
(513, 3600)
(514, 3601)
(514, 3602)
(514, 3603)
(514, 3604)
(515, 3605)
(515, 3606)
(515, 3607)
(515, 3608)
(516, 3609)
(516, 3610)
(516, 3611)
(516, 3612)
(516, 3613)
(516, 3614)
(517, 3615)
(517, 3616)
(517, 3617)
(517, 3618)
(518, 3619)
(518, 3620)
(518, 3621)
(519, 3622)
(519, 3623)
(519, 3624)
(520, 3625)
(520, 3626)
(521, 3627)
(521, 3628)
(521, 3629)
(521, 3630)
(521, 3631)
(521, 3632)
(521, 3633)
(521, 3634)
(521, 3635)
(522, 3636)
(522, 3637)
(522, 3638)
(522, 3639)
(522, 3640)
(522, 3641)
(522, 3642)
(522, 3643)
(522, 3644)
(522, 3645)
(522, 3646)
(522, 3647)
(522, 3648)
(523, 3649)
(523, 3650)
(523, 3651)
(523, 3652)
(523, 3653)
(523, 3654)
(523, 3655)
(523, 3656)
(523, 3657)
(523, 3658)
(523, 3659)
(523, 3660)
(523, 3661)
(523, 3662)
(523, 3663)
(523, 3664)
(523, 3665)
(523, 3666)
(523, 3667)
(523, 3668)
(523, 3669)
(523, 3670)
(524, 3671)
(524, 3672)
(524, 3673)
(524, 3674)
(524, 3675)
(524, 3676)
(524, 3677)
(524, 3678)
(524, 3679)
(524, 3680)
(524, 3681)
(524, 3682)
(523, 3683)
(523, 3684)
(523, 3685)
(523, 3686)
(523, 3687)
(522, 3688)
(522, 3689)
(522, 3690)
(522, 3691)
(522, 3692)
(521, 3693)
(521, 3694)
(521, 3695)
(521, 3696)
(521, 3697)
(521, 3698)
(521, 3699)
(521, 3700)
(521, 3701)
(521, 3702)
(522, 3703)
(522, 3704)
(522, 3705)
(522, 3706)
(522, 3707)
(522, 3708)
(522, 3709)
(522, 3710)
(522, 3711)
(522, 3712)
(522, 3713)
(522, 3714)
(522, 3715)
(522, 3716)
(522, 3717)
(521, 3718)
(521, 3719)
(521, 3720)
(521, 3721)
(521, 3722)
(521, 3723)
(521, 3724)
(521, 3725)
(521, 3726)
(520, 3727)
(520, 3728)
(519, 3729)
(518, 3730)
(518, 3731)
(517, 3732)
(517, 3733)
(516, 3734)
(516, 3735)
(516, 3736)
(515, 3737)
(515, 3738)
(512, 3739)
(515, 3740)
(514, 3741)
(514, 3742)
(514, 3743)
(514, 3744)
(513, 3745)
(513, 3746)
(513, 3747)
(513, 3748)
(513, 3749)
(513, 3750)
(513, 3751)
(514, 3752)
(514, 3753)
(514, 3754)
(515, 3755)
(515, 3756)
(515, 3757)
(516, 3758)
(516, 3759)
(516, 3760)
(516, 3761)
(516, 3762)
(516, 3763)
(516, 3764)
(516, 3765)
(516, 3766)
(516, 3767)
(515, 3768)
(515, 3769)
(515, 3770)
(514, 3771)
(514, 3772)
(514, 3773)
(514, 3774)
(514, 3775)
(513, 3776)
(513, 3777)
(513, 3778)
(513, 3779)
(513, 3780)
(513, 3781)
(513, 3782)
(513, 3783)
(514, 3784)
(514, 3785)
(514, 3786)
(514, 3787)
(514, 3788)
(514, 3789)
(514, 3790)
(514, 3791)
(514, 3792)
(514, 3793)
(514, 3794)
(514, 3795)
(514, 3796)
(514, 3797)
(514, 3798)
(514, 3799)
(514, 3800)
(514, 3801)
(513, 3802)
(514, 3803)
(514, 3804)
(514, 3805)
(514, 3806)
(514, 3807)
(514, 3808)
(514, 3809)
(514, 3810)
(514, 3811)
(514, 3812)
(514, 3813)
(514, 3814)
(514, 3815)
(514, 3816)
(514, 3817)
(514, 3818)
(514, 3819)
(514, 3820)
(513, 3821)
(513, 3822)
(513, 3823)
(513, 3824)
(513, 3825)
(513, 3826)
(513, 3827)
(513, 3828)
(513, 3829)
(513, 3830)
(512, 3831)
(512, 3832)
(512, 3833)
(512, 3834)
(512, 3835)
(512, 3836)
(511, 3837)
(511, 3838)
(511, 3839)
(510, 3840)
(510, 3841)
(510, 3842)
(509, 3843)
(509, 3844)
(508, 3845)
(508, 3846)
(507, 3847)
(507, 3848)
(506, 3849)
(506, 3850)
(506, 3851)
(506, 3852)
(505, 3853)
(505, 3854)
(505, 3855)
(505, 3856)
(504, 3857)
(504, 3858)
(504, 3859)
(504, 3860)
(504, 3861)
(504, 3862)
(504, 3863)
(504, 3864)
(503, 3865)
(503, 3866)
(503, 3867)
(503, 3868)
(503, 3869)
(503, 3870)
(503, 3871)
(503, 3872)
(503, 3873)
(503, 3874)
(503, 3875)
(503, 3876)
(503, 3877)
(503, 3878)
(503, 3879)
(503, 3880)
(503, 3881)
(503, 3882)
(502, 3883)
(503, 3884)
(503, 3885)
(503, 3886)
(503, 3887)
(503, 3888)
(503, 3889)
(503, 3890)
(503, 3891)
(503, 3892)
(503, 3893)
(503, 3894)
(503, 3895)
(503, 3896)
(503, 3897)
(503, 3898)
(503, 3899)
(503, 3900)
(503, 3901)
(503, 3902)
(503, 3903)
(503, 3904)
(503, 3905)
(503, 3906)
(503, 3907)
(503, 3908)
(503, 3909)
(503, 3910)
(503, 3911)
(503, 3912)
(503, 3913)
(502, 3914)
(502, 3915)
(502, 3916)
(502, 3917)
(502, 3918)
(502, 3919)
(502, 3920)
(502, 3921)
(502, 3922)
(502, 3923)
(502, 3924)
(502, 3925)
(502, 3926)
(502, 3927)
(502, 3928)
(502, 3929)
(502, 3930)
(502, 3931)
(502, 3932)
(502, 3933)
(502, 3934)
(502, 3935)
(502, 3936)
(502, 3937)
(503, 3938)
(503, 3939)
(503, 3940)
(503, 3941)
(503, 3942)
(503, 3943)
(503, 3944)
(503, 3945)
(503, 3946)
(504, 3947)
(504, 3948)
(504, 3949)
(504, 3950)
(504, 3951)
(504, 3952)
(504, 3953)
(505, 3954)
(505, 3955)
(505, 3956)
(505, 3957)
(505, 3958)
(505, 3959)
(505, 3960)
(505, 3961)
(506, 3962)
(506, 3963)
(506, 3964)
(506, 3965)
(506, 3966)
(507, 3967)
(507, 3968)
(507, 3969)
(508, 3970)
(508, 3971)
(508, 3972)
(508, 3973)
(508, 3974)
(508, 3975)
(509, 3976)
(509, 3977)
(509, 3978)
(509, 3979)
(509, 3980)
(509, 3981)
(510, 3982)
(510, 3983)
(510, 3984)
(510, 3985)
(511, 3986)
(511, 3987)
(511, 3988)
(511, 3989)
(512, 3990)
(512, 3991)
(512, 3992)
(512, 3993)
(513, 3994)
(513, 3995)
(513, 3996)
(514, 3997)
(514, 3998)
(514, 3999)
(514, 4000)
(515, 4001)
(516, 4002)
(516, 4003)
(517, 4004)
(517, 4005)
(518, 4006)
(518, 4007)
(519, 4008)
(519, 4009)
(520, 4010)
(520, 4011)
(521, 4012)
(521, 4013)
(521, 4014)
(521, 4015)
(521, 4016)
(521, 4017)
(521, 4018)
(521, 4019)
(521, 4020)
(520, 4021)
(520, 4022)
(520, 4023)
(520, 4024)
(520, 4025)
(520, 4026)
(520, 4027)
(520, 4028)
(520, 4029)
(520, 4030)
(519, 4031)
(519, 4032)
(519, 4033)
(519, 4034)
(519, 4035)
(519, 4036)
(519, 4037)
(519, 4038)
(519, 4039)
(519, 4040)
(519, 4041)
(518, 4042)
(518, 4043)
(518, 4044)
(518, 4045)
(518, 4046)
(518, 4047)
(517, 4048)
(517, 4049)
(517, 4050)
(517, 4051)
(516, 4052)
(516, 4053)
(516, 4054)
(516, 4055)
(516, 4056)
(516, 4057)
(515, 4058)
(515, 4059)
(515, 4060)
(515, 4061)
(515, 4062)
(515, 4063)
(515, 4064)
(515, 4065)
(515, 4066)
(514, 4067)
(514, 4068)
(514, 4069)
(514, 4070)
(513, 4071)
(513, 4072)
(513, 4073)
(512, 4074)
(512, 4075)
(512, 4076)
(511, 4077)
(511, 4078)
(510, 4079)
(510, 4080)
(509, 4081)
(509, 4082)
(509, 4083)
(509, 4084)
(508, 4085)
(508, 4086)
(508, 4087)
(507, 4088)
(507, 4089)
(507, 4090)
(507, 4091)
(507, 4092)
(507, 4093)
(507, 4094)
(506, 4095)
(506, 4096)
(506, 4097)
(506, 4098)
(506, 4099)
(506, 4100)
(505, 4101)
(505, 4102)
(505, 4103)
(505, 4104)
(504, 4105)
(504, 4106)
(503, 4107)
(503, 4108)
(503, 4109)
(502, 4110)
(502, 4111)
(502, 4112)
(501, 4113)
(501, 4114)
(501, 4115)
(500, 4116)
(500, 4117)
(500, 4118)
(499, 4119)
(499, 4120)
(498, 4121)
(498, 4122)
(497, 4123)
(497, 4124)
(496, 4125)
(496, 4126)
(495, 4127)
(495, 4128)
(495, 4129)
(494, 4130)
(494, 4131)
(494, 4132)
(494, 4133)
(494, 4134)
(493, 4135)
(493, 4136)
(493, 4137)
(493, 4138)
(493, 4139)
(492, 4140)
(492, 4141)
(491, 4142)
(491, 4143)
(491, 4144)
(490, 4145)
(490, 4146)
(490, 4147)
(489, 4148)
(488, 4149)
(488, 4150)
(488, 4151)
(487, 4152)
(487, 4153)
(487, 4154)
(486, 4155)
(486, 4156)
(485, 4157)
(485, 4158)
(485, 4159)
(485, 4160)
(484, 4161)
(484, 4162)
(484, 4163)
(483, 4164)
(483, 4165)
(483, 4166)
(482, 4167)
(482, 4168)
(482, 4169)
(482, 4170)
(482, 4171)
(482, 4172)
(481, 4173)
(481, 4174)
(481, 4175)
(481, 4176)
(481, 4177)
(480, 4178)
(480, 4179)
(479, 4180)
(479, 4181)
(478, 4182)
(478, 4183)
(478, 4184)
(478, 4185)
(478, 4186)
(477, 4187)
(477, 4188)
(477, 4189)
(477, 4190)
(477, 4191)
(477, 4192)
(477, 4193)
(477, 4194)
(477, 4195)
(477, 4196)
(477, 4197)
(477, 4198)
(477, 4199)
(478, 4200)
(478, 4201)
(478, 4202)
(478, 4203)
(478, 4204)
(478, 4205)
(478, 4206)
(478, 4207)
(478, 4208)
(478, 4209)
(478, 4210)
(478, 4211)
(478, 4212)
(479, 4213)
(479, 4214)
(479, 4215)
(479, 4216)
(479, 4217)
(479, 4218)
(479, 4219)
(479, 4220)
(479, 4221)
(479, 4222)
(479, 4223)
(479, 4224)
(479, 4225)
(479, 4226)
(479, 4227)
(479, 4228)
(479, 4229)
(480, 4230)
(480, 4231)
(480, 4232)
(480, 4233)
(480, 4234)
(480, 4235)
(480, 4236)
(480, 4237)
(480, 4238)
(480, 4239)
(480, 4240)
(480, 4241)
(480, 4242)
(480, 4243)
(480, 4244)
(480, 4245)
(480, 4246)
(480, 4247)
(480, 4248)
(480, 4249)
(480, 4250)
(480, 4251)
(480, 4252)
(480, 4253)
(480, 4254)
(480, 4255)
(480, 4256)
(480, 4257)
(480, 4258)
(480, 4259)
(479, 4260)
(479, 4261)
(479, 4262)
(479, 4263)
(479, 4264)
(479, 4265)
(479, 4266)
(479, 4267)
(479, 4268)
(479, 4269)
(479, 4270)
(479, 4271)
(479, 4272)
(479, 4273)
(479, 4274)
(479, 4275)
(480, 4276)
(480, 4277)
(480, 4278)
(480, 4279)
(480, 4280)
(480, 4281)
(480, 4282)
(480, 4283)
(480, 4284)
(481, 4285)
(481, 4286)
(481, 4287)
(481, 4288)
(482, 4289)
(482, 4290)
(482, 4291)
(482, 4292)
(482, 4293)
(483, 4294)
(483, 4295)
(483, 4296)
(483, 4297)
(483, 4298)
(483, 4299)
(483, 4300)
(483, 4301)
(483, 4302)
(483, 4303)
(484, 4304)
(484, 4305)
(484, 4306)
(484, 4307)
(484, 4308)
(484, 4309)
(485, 4310)
(485, 4311)
(485, 4312)
(485, 4313)
(485, 4314)
(486, 4315)
(486, 4316)
(486, 4317)
(486, 4318)
(486, 4319)
(486, 4320)
(486, 4321)
(486, 4322)
(486, 4323)
(486, 4324)
(486, 4325)
(485, 4326)
(485, 4327)
(486, 4328)
(486, 4329)
(486, 4330)
(486, 4331)
(486, 4332)
(486, 4333)
(486, 4334)
(486, 4335)
(486, 4336)
(486, 4337)
(486, 4338)
(485, 4339)
(485, 4340)
(485, 4341)
(485, 4342)
(485, 4343)
(484, 4344)
(484, 4345)
(484, 4346)
(484, 4347)
(484, 4348)
(483, 4349)
(483, 4350)
(483, 4351)
(483, 4352)
(482, 4353)
(482, 4354)
(481, 4355)
(480, 4356)
(479, 4357)
(478, 4358)
(477, 4359)
(477, 4360)
(476, 4361)
(475, 4362)
(475, 4363)
(474, 4364)
(474, 4365)
(474, 4366)
(473, 4367)
(473, 4368)
(473, 4369)
(472, 4370)
(472, 4371)
(472, 4372)
(472, 4373)
(471, 4374)
(471, 4375)
(471, 4376)
(471, 4377)
(471, 4378)
(470, 4379)
(470, 4380)
(470, 4381)
(470, 4382)
(470, 4383)
(470, 4384)
(470, 4385)
(470, 4386)
(470, 4387)
(469, 4388)
(469, 4389)
(469, 4390)
(469, 4391)
(468, 4392)
(468, 4393)
(468, 4394)
(468, 4395)
(468, 4396)
(467, 4397)
(467, 4398)
(467, 4399)
(467, 4400)
(467, 4401)
(467, 4402)
(466, 4403)
(466, 4404)
(466, 4405)
(466, 4406)
(466, 4407)
(467, 4408)
(467, 4409)
(467, 4410)
(467, 4411)
(467, 4412)
(467, 4413)
(467, 4414)
(467, 4415)
(467, 4416)
(467, 4417)
(468, 4418)
(468, 4419)
(469, 4420)
(469, 4421)
(470, 4422)
(470, 4423)
(471, 4424)
(471, 4425)
(471, 4426)
(471, 4427)
(472, 4428)
(472, 4429)
(472, 4430)
(472, 4431)
(472, 4432)
(472, 4433)
(473, 4434)
(473, 4435)
(473, 4436)
(473, 4437)
(473, 4438)
(473, 4439)
(473, 4440)
(473, 4441)
