Tam.: (1820, 4760)
(1537, 282)
(1537, 283)
(1537, 284)
(1537, 285)
(1539, 286)
(1539, 287)
(1540, 288)
(1541, 289)
(1541, 290)
(1541, 291)
(1542, 292)
(1542, 293)
(1542, 294)
(1542, 295)
(1543, 296)
(1543, 297)
(1543, 298)
(1543, 299)
(1543, 300)
(1544, 301)
(1544, 302)
(1544, 303)
(1544, 304)
(1544, 305)
(1544, 306)
(1544, 307)
(1544, 308)
(1544, 309)
(1543, 310)
(1543, 311)
(1543, 312)
(1543, 313)
(1542, 314)
(1542, 315)
(1542, 316)
(1541, 317)
(1541, 318)
(1541, 319)
(1541, 320)
(1541, 321)
(1541, 322)
(1541, 323)
(1541, 324)
(1542, 325)
(1542, 326)
(1542, 327)
(1542, 328)
(1542, 329)
(1542, 330)
(1542, 331)
(1541, 332)
(1541, 333)
(1541, 334)
(1541, 335)
(1541, 336)
(1541, 337)
(1541, 338)
(1541, 339)
(1541, 340)
(1540, 341)
(1540, 342)
(1540, 343)
(1539, 344)
(1539, 345)
(1538, 346)
(1537, 347)
(1537, 348)
(1536, 349)
(1536, 350)
(1536, 351)
(1536, 352)
(1536, 353)
(1535, 354)
(1535, 355)
(1534, 356)
(1534, 357)
(1533, 358)
(1533, 359)
(1532, 360)
(1532, 361)
(1532, 362)
(1532, 363)
(1531, 364)
(1531, 365)
(1531, 366)
(1531, 367)
(1531, 368)
(1531, 369)
(1531, 370)
(1531, 371)
(1530, 372)
(1530, 373)
(1530, 374)
(1531, 375)
(1531, 376)
(1531, 377)
(1530, 378)
(1531, 379)
(1531, 380)
(1531, 381)
(1531, 382)
(1532, 383)
(1532, 384)
(1533, 385)
(1533, 386)
(1533, 387)
(1533, 388)
(1534, 389)
(1534, 390)
(1534, 391)
(1535, 392)
(1535, 393)
(1535, 394)
(1535, 395)
(1535, 396)
(1535, 397)
(1536, 398)
(1536, 399)
(1536, 400)
(1536, 401)
(1536, 402)
(1536, 403)
(1536, 404)
(1536, 405)
(1536, 406)
(1536, 407)
(1536, 408)
(1536, 409)
(1536, 410)
(1536, 411)
(1536, 412)
(1535, 413)
(1535, 414)
(1535, 415)
(1534, 416)
(1534, 417)
(1534, 418)
(1534, 419)
(1533, 420)
(1533, 421)
(1533, 422)
(1533, 423)
(1533, 424)
(1533, 425)
(1533, 426)
(1533, 427)
(1532, 428)
(1532, 429)
(1531, 430)
(1531, 431)
(1531, 432)
(1531, 433)
(1531, 434)
(1531, 435)
(1531, 436)
(1531, 437)
(1532, 438)
(1532, 439)
(1532, 440)
(1533, 441)
(1534, 442)
(1534, 443)
(1535, 444)
(1536, 445)
(1536, 446)
(1536, 447)
(1536, 448)
(1536, 449)
(1536, 450)
(1536, 451)
(1536, 452)
(1536, 453)
(1536, 454)
(1533, 457)
(1533, 458)
(1533, 459)
(1533, 460)
(1532, 461)
(1532, 462)
(1532, 463)
(1531, 464)
(1530, 465)
(1530, 466)
(1529, 467)
(1529, 468)
(1528, 469)
(1528, 470)
(1529, 471)
(1527, 472)
(1527, 473)
(1526, 474)
(1526, 475)
(1526, 476)
(1525, 477)
(1525, 478)
(1525, 479)
(1524, 480)
(1524, 481)
(1524, 482)
(1524, 483)
(1524, 484)
(1523, 485)
(1523, 486)
(1523, 487)
(1523, 488)
(1523, 489)
(1522, 490)
(1522, 491)
(1521, 492)
(1521, 493)
(1520, 494)
(1520, 495)
(1520, 496)
(1519, 497)
(1519, 498)
(1519, 499)
(1519, 500)
(1519, 501)
(1519, 502)
(1518, 503)
(1518, 504)
(1518, 505)
(1519, 506)
(1518, 507)
(1519, 508)
(1519, 509)
(1518, 510)
(1518, 511)
(1518, 512)
(1518, 513)
(1517, 514)
(1517, 515)
(1517, 516)
(1517, 517)
(1516, 518)
(1516, 519)
(1516, 520)
(1516, 521)
(1516, 522)
(1516, 523)
(1516, 524)
(1515, 525)
(1515, 526)
(1515, 527)
(1515, 528)
(1515, 529)
(1514, 530)
(1514, 531)
(1514, 532)
(1514, 533)
(1514, 534)
(1514, 535)
(1513, 536)
(1513, 537)
(1513, 538)
(1513, 539)
(1513, 540)
(1513, 541)
(1512, 542)
(1512, 543)
(1512, 544)
(1511, 545)
(1511, 546)
(1511, 547)
(1511, 548)
(1510, 549)
(1510, 550)
(1510, 551)
(1510, 552)
(1510, 553)
(1510, 554)
(1510, 555)
(1510, 556)
(1510, 557)
(1510, 558)
(1510, 559)
(1509, 560)
(1509, 561)
(1509, 562)
(1509, 563)
(1509, 564)
(1509, 565)
(1509, 566)
(1509, 567)
(1509, 568)
(1508, 569)
(1508, 570)
(1508, 571)
(1507, 572)
(1507, 573)
(1507, 574)
(1506, 575)
(1506, 576)
(1506, 577)
(1506, 578)
(1506, 579)
(1505, 580)
(1505, 581)
(1505, 582)
(1505, 583)
(1505, 584)
(1504, 585)
(1504, 586)
(1503, 587)
(1503, 588)
(1503, 589)
(1503, 590)
(1503, 591)
(1503, 592)
(1502, 593)
(1502, 594)
(1502, 595)
(1501, 596)
(1501, 597)
(1500, 598)
(1500, 599)
(1499, 600)
(1499, 601)
(1499, 602)
(1499, 603)
(1498, 604)
(1497, 605)
(1497, 606)
(1497, 607)
(1497, 608)
(1497, 609)
(1497, 610)
(1497, 611)
(1497, 612)
(1497, 613)
(1496, 614)
(1496, 615)
(1496, 616)
(1496, 617)
(1495, 618)
(1495, 619)
(1495, 620)
(1495, 621)
(1495, 622)
(1495, 623)
(1495, 624)
(1495, 625)
(1495, 626)
(1495, 627)
(1494, 628)
(1494, 629)
(1494, 630)
(1494, 631)
(1494, 632)
(1494, 633)
(1493, 634)
(1493, 635)
(1493, 636)
(1493, 641)
(1493, 642)
(1493, 643)
(1493, 644)
(1493, 645)
(1493, 646)
(1495, 647)
(1490, 663)
(1490, 664)
(1491, 665)
(1491, 666)
(1491, 667)
(1491, 668)
(1491, 669)
(1491, 670)
(1491, 671)
(1491, 672)
(1491, 673)
(1491, 674)
(1491, 675)
(1491, 676)
(1491, 677)
(1491, 678)
(1491, 679)
(1492, 680)
(1492, 681)
(1492, 682)
(1492, 683)
(1493, 684)
(1493, 685)
(1494, 686)
(1494, 687)
(1495, 688)
(1495, 689)
(1496, 690)
(1496, 691)
(1496, 692)
(1497, 693)
(1498, 694)
(1498, 695)
(1499, 696)
(1500, 697)
(1500, 698)
(1501, 699)
(1502, 700)
(1502, 701)
(1503, 702)
(1503, 703)
(1504, 704)
(1505, 705)
(1505, 706)
(1505, 707)
(1505, 708)
(1505, 709)
(1505, 710)
(1505, 711)
(1505, 712)
(1505, 713)
(1504, 714)
(1504, 715)
(1504, 716)
(1504, 717)
(1504, 718)
(1504, 719)
(1503, 720)
(1503, 721)
(1503, 722)
(1502, 723)
(1502, 724)
(1501, 725)
(1501, 726)
(1501, 727)
(1501, 728)
(1500, 729)
(1500, 730)
(1499, 731)
(1499, 732)
(1498, 733)
(1498, 734)
(1497, 735)
(1497, 736)
(1496, 737)
(1496, 738)
(1495, 739)
(1495, 740)
(1495, 741)
(1494, 742)
(1494, 743)
(1494, 744)
(1494, 745)
(1494, 746)
(1494, 747)
(1494, 748)
(1494, 749)
(1493, 750)
(1493, 751)
(1493, 752)
(1493, 753)
(1492, 754)
(1492, 755)
(1492, 756)
(1492, 757)
(1492, 758)
(1492, 759)
(1492, 760)
(1492, 761)
(1492, 762)
(1492, 763)
(1492, 764)
(1492, 765)
(1492, 766)
(1492, 767)
(1491, 768)
(1491, 769)
(1490, 770)
(1490, 771)
(1490, 772)
(1489, 773)
(1489, 774)
(1489, 775)
(1489, 776)
(1488, 777)
(1488, 778)
(1488, 779)
(1488, 780)
(1488, 781)
(1488, 782)
(1488, 783)
(1488, 784)
(1488, 785)
(1488, 786)
(1488, 787)
(1488, 788)
(1488, 789)
(1488, 790)
(1488, 791)
(1488, 792)
(1489, 793)
(1489, 794)
(1489, 795)
(1489, 796)
(1490, 797)
(1490, 798)
(1490, 799)
(1490, 800)
(1490, 801)
(1490, 802)
(1491, 803)
(1491, 804)
(1490, 805)
(1490, 806)
(1490, 807)
(1490, 808)
(1490, 809)
(1490, 810)
(1489, 811)
(1489, 812)
(1489, 813)
(1489, 814)
(1489, 815)
(1487, 821)
(1487, 822)
(1486, 823)
(1486, 824)
(1487, 825)
(1483, 846)
(1482, 847)
(1482, 848)
(1482, 849)
(1482, 850)
(1482, 851)
(1482, 852)
(1482, 853)
(1482, 854)
(1482, 855)
(1482, 856)
(1482, 857)
(1482, 858)
(1482, 859)
(1482, 860)
(1482, 861)
(1481, 862)
(1481, 863)
(1481, 864)
(1480, 865)
(1480, 866)
(1480, 867)
(1480, 868)
(1479, 869)
(1479, 870)
(1479, 871)
(1479, 872)
(1479, 873)
(1479, 874)
(1479, 875)
(1478, 876)
(1478, 877)
(1478, 878)
(1478, 879)
(1478, 880)
(1478, 881)
(1478, 882)
(1478, 883)
(1478, 884)
(1478, 885)
(1478, 886)
(1478, 887)
(1478, 888)
(1478, 889)
(1478, 890)
(1478, 891)
(1479, 892)
(1479, 893)
(1479, 894)
(1479, 895)
(1479, 896)
(1479, 897)
(1479, 898)
(1480, 899)
(1480, 900)
(1481, 901)
(1481, 902)
(1482, 903)
(1483, 904)
(1483, 905)
(1483, 906)
(1484, 907)
(1484, 908)
(1484, 909)
(1485, 910)
(1485, 911)
(1486, 912)
(1486, 913)
(1486, 914)
(1487, 915)
(1487, 916)
(1487, 917)
(1487, 918)
(1487, 919)
(1487, 920)
(1487, 921)
(1487, 922)
(1488, 923)
(1488, 924)
(1488, 925)
(1488, 926)
(1488, 927)
(1488, 928)
(1488, 929)
(1488, 930)
(1488, 931)
(1488, 932)
(1488, 933)
(1488, 934)
(1488, 935)
(1488, 936)
(1488, 937)
(1488, 938)
(1488, 939)
(1488, 940)
(1488, 941)
(1488, 942)
(1489, 943)
(1489, 944)
(1489, 945)
(1490, 946)
(1490, 947)
(1490, 948)
(1490, 949)
(1490, 950)
(1490, 951)
(1490, 952)
(1491, 953)
(1491, 954)
(1491, 955)
(1491, 956)
(1492, 957)
(1492, 958)
(1492, 959)
(1492, 960)
(1493, 961)
(1493, 962)
(1493, 963)
(1493, 964)
(1493, 965)
(1493, 966)
(1493, 967)
(1493, 968)
(1493, 969)
(1493, 970)
(1494, 971)
(1495, 972)
(1495, 973)
(1495, 974)
(1496, 975)
(1496, 976)
(1497, 977)
(1497, 978)
(1498, 979)
(1498, 980)
(1499, 981)
(1499, 982)
(1500, 983)
(1500, 984)
(1501, 985)
(1502, 986)
(1502, 987)
(1502, 988)
(1502, 989)
(1502, 990)
(1503, 991)
(1503, 992)
(1503, 993)
(1502, 994)
(1502, 995)
(1502, 996)
(1503, 997)
(1504, 1001)
(1504, 1002)
(1504, 1003)
(1504, 1004)
(1505, 1005)
(1505, 1006)
(1505, 1007)
(1506, 1008)
(1507, 1009)
(1507, 1010)
(1508, 1011)
(1508, 1012)
(1509, 1013)
(1509, 1014)
(1509, 1015)
(1509, 1016)
(1509, 1017)
(1512, 1018)
(1511, 1019)
(1511, 1020)
(1511, 1021)
(1511, 1022)
(1511, 1023)
(1511, 1024)
(1511, 1025)
(1511, 1026)
(1511, 1027)
(1512, 1028)
(1512, 1029)
(1512, 1030)
(1513, 1031)
(1513, 1032)
(1513, 1033)
(1513, 1034)
(1514, 1035)
(1514, 1036)
(1514, 1037)
(1514, 1038)
(1514, 1039)
(1514, 1040)
(1515, 1041)
(1515, 1042)
(1515, 1043)
(1515, 1044)
(1515, 1045)
(1515, 1046)
(1516, 1047)
(1516, 1048)
(1516, 1049)
(1516, 1050)
(1517, 1051)
(1517, 1052)
(1517, 1053)
(1517, 1054)
(1517, 1055)
(1517, 1056)
(1516, 1057)
(1516, 1058)
(1516, 1059)
(1516, 1060)
(1516, 1061)
(1516, 1062)
(1516, 1063)
(1517, 1064)
(1516, 1065)
(1515, 1066)
(1516, 1067)
(1517, 1068)
(1517, 1069)
(1517, 1070)
(1518, 1071)
(1518, 1072)
(1518, 1073)
(1519, 1074)
(1519, 1075)
(1519, 1076)
(1520, 1077)
(1520, 1078)
(1520, 1079)
(1521, 1080)
(1521, 1081)
(1522, 1082)
(1522, 1083)
(1523, 1084)
(1523, 1085)
(1523, 1086)
(1524, 1087)
(1524, 1088)
(1525, 1089)
(1526, 1090)
(1526, 1091)
(1527, 1092)
(1528, 1093)
(1528, 1094)
(1529, 1095)
(1530, 1096)
(1530, 1097)
(1530, 1098)
(1531, 1099)
(1531, 1100)
(1532, 1101)
(1532, 1102)
(1533, 1103)
(1533, 1104)
(1534, 1105)
(1534, 1106)
(1534, 1107)
(1535, 1108)
(1535, 1109)
(1536, 1110)
(1536, 1111)
(1536, 1112)
(1536, 1113)
(1536, 1114)
(1536, 1115)
(1537, 1116)
(1537, 1117)
(1537, 1118)
(1537, 1119)
(1538, 1120)
(1538, 1121)
(1539, 1122)
(1539, 1123)
(1539, 1124)
(1540, 1125)
(1540, 1126)
(1540, 1127)
(1540, 1128)
(1540, 1129)
(1540, 1130)
(1540, 1131)
(1540, 1132)
(1540, 1133)
(1539, 1134)
(1539, 1135)
(1539, 1136)
(1539, 1137)
(1539, 1138)
(1539, 1139)
(1539, 1140)
(1539, 1141)
(1539, 1142)
(1539, 1143)
(1539, 1144)
(1539, 1145)
(1537, 1146)
(1539, 1147)
(1539, 1148)
(1539, 1149)
(1539, 1150)
(1539, 1151)
(1539, 1152)
(1539, 1153)
(1539, 1154)
(1539, 1155)
(1539, 1156)
(1539, 1157)
(1539, 1158)
(1540, 1159)
(1540, 1160)
(1540, 1161)
(1540, 1162)
(1540, 1163)
(1541, 1164)
(1541, 1165)
(1541, 1166)
(1542, 1167)
(1542, 1168)
(1542, 1169)
(1543, 1170)
(1543, 1171)
(1543, 1172)
(1543, 1173)
(1544, 1174)
(1544, 1175)
(1545, 1176)
(1545, 1177)
(1545, 1178)
(1546, 1179)
(1547, 1180)
(1547, 1181)
(1551, 1185)
(1552, 1186)
(1552, 1187)
(1552, 1188)
(1552, 1189)
(1552, 1190)
(1552, 1191)
(1553, 1192)
(1554, 1193)
(1555, 1194)
(1555, 1195)
(1555, 1196)
(1556, 1197)
(1556, 1198)
(1556, 1199)
(1556, 1200)
(1556, 1201)
(1555, 1202)
(1555, 1203)
(1555, 1204)
(1555, 1205)
(1555, 1206)
(1555, 1207)
(1555, 1208)
(1555, 1209)
(1555, 1210)
(1555, 1211)
(1555, 1212)
(1555, 1213)
(1556, 1214)
(1556, 1215)
(1556, 1216)
(1556, 1217)
(1556, 1218)
(1556, 1219)
(1556, 1220)
(1556, 1221)
(1557, 1222)
(1557, 1223)
(1557, 1224)
(1557, 1225)
(1557, 1226)
(1558, 1227)
(1558, 1228)
(1558, 1229)
(1558, 1230)
(1558, 1231)
(1558, 1232)
(1559, 1233)
(1558, 1234)
(1558, 1235)
(1558, 1236)
(1558, 1237)
(1558, 1238)
(1558, 1239)
(1558, 1240)
(1558, 1241)
(1558, 1242)
(1558, 1243)
(1558, 1244)
(1559, 1245)
(1559, 1246)
(1559, 1247)
(1559, 1248)
(1559, 1249)
(1559, 1250)
(1559, 1251)
(1559, 1252)
(1558, 1253)
(1558, 1254)
(1557, 1255)
(1556, 1256)
(1556, 1257)
(1555, 1258)
(1555, 1259)
(1554, 1260)
(1554, 1261)
(1553, 1262)
(1553, 1263)
(1554, 1264)
(1554, 1265)
(1554, 1266)
(1554, 1267)
(1555, 1268)
(1555, 1269)
(1556, 1270)
(1556, 1271)
(1556, 1272)
(1556, 1273)
(1556, 1274)
(1556, 1275)
(1556, 1276)
(1556, 1277)
(1556, 1278)
(1556, 1279)
(1556, 1280)
(1556, 1281)
(1556, 1282)
(1556, 1283)
(1556, 1284)
(1555, 1285)
(1555, 1286)
(1555, 1287)
(1555, 1288)
(1555, 1289)
(1555, 1290)
(1555, 1291)
(1555, 1292)
(1555, 1293)
(1555, 1294)
(1555, 1295)
(1555, 1296)
(1555, 1297)
(1555, 1298)
(1555, 1299)
(1555, 1300)
(1555, 1301)
(1555, 1302)
(1555, 1303)
(1555, 1304)
(1555, 1305)
(1555, 1306)
(1555, 1307)
(1555, 1308)
(1555, 1309)
(1555, 1310)
(1555, 1311)
(1555, 1312)
(1555, 1313)
(1555, 1314)
(1555, 1315)
(1555, 1316)
(1554, 1317)
(1554, 1318)
(1553, 1319)
(1553, 1320)
(1553, 1321)
(1552, 1322)
(1552, 1323)
(1551, 1324)
(1551, 1325)
(1552, 1326)
(1552, 1327)
(1551, 1328)
(1551, 1329)
(1551, 1330)
(1551, 1331)
(1551, 1332)
(1551, 1333)
(1552, 1334)
(1552, 1335)
(1552, 1336)
(1552, 1337)
(1552, 1338)
(1552, 1339)
(1552, 1340)
(1551, 1341)
(1551, 1342)
(1550, 1343)
(1550, 1344)
(1550, 1345)
(1549, 1346)
(1549, 1347)
(1548, 1348)
(1547, 1349)
(1547, 1350)
(1547, 1351)
(1547, 1352)
(1548, 1353)
(1548, 1354)
(1548, 1355)
(1548, 1356)
(1548, 1357)
(1548, 1358)
(1548, 1359)
(1548, 1360)
(1548, 1361)
(1548, 1362)
(1548, 1363)
(1547, 1364)
(1548, 1368)
(1548, 1369)
(1548, 1370)
(1548, 1371)
(1548, 1372)
(1548, 1373)
(1548, 1374)
(1548, 1375)
(1548, 1376)
(1548, 1377)
(1549, 1378)
(1549, 1379)
(1549, 1380)
(1550, 1381)
(1550, 1382)
(1551, 1383)
(1552, 1384)
(1552, 1385)
(1552, 1386)
(1553, 1387)
(1553, 1388)
(1554, 1389)
(1555, 1390)
(1555, 1391)
(1555, 1392)
(1555, 1393)
(1555, 1394)
(1556, 1395)
(1556, 1396)
(1556, 1397)
(1557, 1398)
(1557, 1399)
(1557, 1400)
(1557, 1401)
(1557, 1402)
(1558, 1403)
(1558, 1404)
(1558, 1405)
(1558, 1406)
(1558, 1407)
(1558, 1408)
(1558, 1409)
(1558, 1410)
(1558, 1411)
(1557, 1412)
(1557, 1413)
(1557, 1414)
(1556, 1415)
(1556, 1416)
(1557, 1417)
(1557, 1418)
(1557, 1419)
(1557, 1420)
(1556, 1421)
(1556, 1422)
(1555, 1423)
(1555, 1424)
(1554, 1425)
(1554, 1426)
(1554, 1427)
(1553, 1428)
(1552, 1429)
(1552, 1430)
(1552, 1431)
(1552, 1432)
(1552, 1433)
(1552, 1434)
(1551, 1435)
(1551, 1436)
(1551, 1437)
(1550, 1438)
(1550, 1439)
(1550, 1440)
(1550, 1441)
(1550, 1442)
(1549, 1443)
(1549, 1444)
(1549, 1445)
(1549, 1446)
(1549, 1447)
(1549, 1448)
(1549, 1449)
(1549, 1450)
(1549, 1451)
(1549, 1452)
(1549, 1453)
(1549, 1454)
(1549, 1455)
(1549, 1456)
(1549, 1457)
(1549, 1458)
(1549, 1459)
(1549, 1460)
(1549, 1461)
(1549, 1462)
(1548, 1463)
(1548, 1464)
(1548, 1465)
(1549, 1466)
(1549, 1468)
(1549, 1469)
(1549, 1470)
(1550, 1471)
(1550, 1472)
(1550, 1473)
(1550, 1474)
(1550, 1475)
(1550, 1476)
(1550, 1477)
(1550, 1478)
(1550, 1479)
(1550, 1480)
(1550, 1481)
(1550, 1482)
(1550, 1483)
(1550, 1484)
(1551, 1485)
(1551, 1486)
(1551, 1487)
(1552, 1488)
(1552, 1489)
(1552, 1490)
(1552, 1491)
(1552, 1492)
(1552, 1493)
(1553, 1494)
(1553, 1495)
(1553, 1496)
(1553, 1497)
(1554, 1498)
(1554, 1499)
(1554, 1500)
(1554, 1501)
(1554, 1502)
(1554, 1503)
(1554, 1504)
(1555, 1505)
(1555, 1506)
(1555, 1507)
(1556, 1508)
(1556, 1509)
(1557, 1510)
(1557, 1511)
(1557, 1512)
(1557, 1513)
(1558, 1514)
(1558, 1515)
(1558, 1516)
(1559, 1517)
(1559, 1518)
(1559, 1519)
(1559, 1520)
(1559, 1521)
(1559, 1522)
(1559, 1523)
(1558, 1524)
(1558, 1525)
(1558, 1526)
(1558, 1527)
(1558, 1528)
(1558, 1529)
(1557, 1530)
(1557, 1531)
(1557, 1532)
(1557, 1533)
(1556, 1534)
(1556, 1535)
(1556, 1536)
(1556, 1537)
(1555, 1538)
(1555, 1539)
(1555, 1540)
(1555, 1541)
(1554, 1542)
(1554, 1543)
(1554, 1544)
(1554, 1545)
(1554, 1546)
(1553, 1547)
(1554, 1548)
(1552, 1552)
(1552, 1553)
(1552, 1554)
(1552, 1555)
(1551, 1556)
(1551, 1557)
(1551, 1558)
(1551, 1559)
(1551, 1560)
(1550, 1561)
(1550, 1562)
(1550, 1563)
(1550, 1564)
(1550, 1565)
(1550, 1566)
(1550, 1567)
(1549, 1568)
(1549, 1569)
(1549, 1570)
(1549, 1571)
(1549, 1572)
(1549, 1573)
(1549, 1574)
(1549, 1575)
(1549, 1576)
(1549, 1577)
(1549, 1578)
(1549, 1579)
(1549, 1580)
(1549, 1581)
(1549, 1582)
(1549, 1583)
(1549, 1584)
(1549, 1585)
(1549, 1586)
(1549, 1587)
(1549, 1588)
(1549, 1589)
(1549, 1590)
(1549, 1591)
(1549, 1592)
(1549, 1593)
(1549, 1594)
(1549, 1595)
(1549, 1596)
(1549, 1597)
(1549, 1598)
(1549, 1599)
(1549, 1600)
(1549, 1601)
(1549, 1602)
(1549, 1603)
(1549, 1604)
(1549, 1605)
(1549, 1606)
(1549, 1607)
(1549, 1608)
(1550, 1609)
(1550, 1610)
(1550, 1611)
(1550, 1612)
(1550, 1613)
(1550, 1614)
(1550, 1615)
(1551, 1616)
(1551, 1617)
(1551, 1618)
(1551, 1619)
(1551, 1620)
(1551, 1621)
(1551, 1622)
(1551, 1623)
(1551, 1624)
(1552, 1625)
(1552, 1626)
(1552, 1627)
(1552, 1628)
(1552, 1629)
(1552, 1630)
(1552, 1631)
(1552, 1632)
(1552, 1633)
(1552, 1634)
(1552, 1635)
(1552, 1636)
(1553, 1637)
(1553, 1638)
(1553, 1639)
(1553, 1640)
(1553, 1641)
(1554, 1642)
(1554, 1643)
(1554, 1644)
(1554, 1645)
(1554, 1646)
(1554, 1647)
(1554, 1648)
(1557, 1649)
(1555, 1650)
(1555, 1651)
(1555, 1652)
(1555, 1653)
(1555, 1654)
(1555, 1655)
(1556, 1656)
(1556, 1657)
(1556, 1658)
(1556, 1659)
(1556, 1660)
(1556, 1661)
(1557, 1662)
(1557, 1663)
(1557, 1664)
(1557, 1665)
(1557, 1666)
(1557, 1667)
(1557, 1668)
(1557, 1669)
(1557, 1670)
(1557, 1671)
(1557, 1672)
(1557, 1673)
(1557, 1674)
(1557, 1675)
(1557, 1676)
(1557, 1677)
(1557, 1678)
(1557, 1679)
(1557, 1680)
(1557, 1681)
(1556, 1682)
(1556, 1683)
(1556, 1684)
(1556, 1685)
(1556, 1686)
(1556, 1687)
(1556, 1688)
(1556, 1689)
(1556, 1690)
(1556, 1691)
(1556, 1692)
(1556, 1693)
(1556, 1694)
(1557, 1695)
(1557, 1696)
(1556, 1697)
(1556, 1698)
(1556, 1699)
(1556, 1700)
(1555, 1701)
(1555, 1702)
(1555, 1703)
(1555, 1704)
(1554, 1705)
(1554, 1706)
(1554, 1707)
(1554, 1708)
(1554, 1709)
(1554, 1710)
(1554, 1711)
(1554, 1712)
(1554, 1713)
(1554, 1714)
(1554, 1715)
(1554, 1716)
(1554, 1717)
(1554, 1718)
(1554, 1719)
(1554, 1720)
(1554, 1721)
(1555, 1722)
(1555, 1723)
(1555, 1724)
(1555, 1725)
(1555, 1726)
(1555, 1727)
(1555, 1728)
(1555, 1729)
(1555, 1730)
(1555, 1731)
(1555, 1732)
(1555, 1736)
(1555, 1737)
(1555, 1738)
(1555, 1739)
(1555, 1740)
(1555, 1741)
(1555, 1742)
(1555, 1743)
(1555, 1744)
(1555, 1745)
(1555, 1746)
(1555, 1747)
(1554, 1748)
(1554, 1749)
(1554, 1750)
(1554, 1751)
(1554, 1752)
(1553, 1753)
(1553, 1754)
(1553, 1755)
(1553, 1756)
(1553, 1757)
(1553, 1758)
(1553, 1759)
(1553, 1760)
(1553, 1761)
(1553, 1762)
(1553, 1763)
(1553, 1764)
(1553, 1765)
(1553, 1766)
(1554, 1767)
(1554, 1768)
(1554, 1769)
(1554, 1770)
(1554, 1771)
(1554, 1772)
(1554, 1773)
(1555, 1774)
(1555, 1775)
(1555, 1776)
(1555, 1777)
(1556, 1778)
(1556, 1779)
(1556, 1780)
(1556, 1781)
(1557, 1782)
(1557, 1783)
(1557, 1784)
(1557, 1785)
(1558, 1786)
(1558, 1787)
(1558, 1788)
(1558, 1789)
(1558, 1790)
(1558, 1791)
(1559, 1792)
(1559, 1793)
(1560, 1794)
(1560, 1795)
(1560, 1796)
(1561, 1797)
(1561, 1798)
(1562, 1799)
(1562, 1800)
(1562, 1801)
(1563, 1802)
(1563, 1803)
(1563, 1804)
(1564, 1805)
(1564, 1806)
(1564, 1807)
(1564, 1808)
(1565, 1809)
(1565, 1810)
(1565, 1811)
(1565, 1812)
(1565, 1813)
(1566, 1814)
(1566, 1815)
(1566, 1816)
(1566, 1817)
(1566, 1818)
(1566, 1819)
(1566, 1820)
(1566, 1821)
(1567, 1822)
(1567, 1823)
(1567, 1824)
(1567, 1825)
(1567, 1826)
(1567, 1827)
(1567, 1828)
(1567, 1829)
(1567, 1830)
(1567, 1831)
(1567, 1832)
(1567, 1833)
(1567, 1834)
(1567, 1835)
(1567, 1836)
(1567, 1837)
(1567, 1838)
(1567, 1839)
(1567, 1840)
(1566, 1841)
(1566, 1842)
(1567, 1843)
(1566, 1844)
(1566, 1845)
(1566, 1846)
(1566, 1847)
(1566, 1848)
(1565, 1849)
(1565, 1850)
(1565, 1851)
(1565, 1852)
(1564, 1853)
(1564, 1854)
(1564, 1855)
(1564, 1856)
(1563, 1857)
(1563, 1858)
(1563, 1859)
(1562, 1860)
(1562, 1861)
(1561, 1862)
(1561, 1863)
(1561, 1864)
(1560, 1865)
(1560, 1866)
(1560, 1867)
(1559, 1868)
(1559, 1869)
(1558, 1870)
(1557, 1871)
(1557, 1872)
(1557, 1873)
(1556, 1874)
(1556, 1875)
(1555, 1876)
(1555, 1877)
(1554, 1878)
(1554, 1879)
(1554, 1880)
(1554, 1881)
(1554, 1882)
(1553, 1883)
(1553, 1884)
(1552, 1885)
(1552, 1886)
(1551, 1887)
(1551, 1888)
(1551, 1889)
(1551, 1890)
(1550, 1891)
(1550, 1892)
(1550, 1893)
(1550, 1894)
(1550, 1895)
(1549, 1896)
(1549, 1897)
(1549, 1898)
(1549, 1899)
(1549, 1900)
(1549, 1901)
(1549, 1902)
(1549, 1903)
(1549, 1904)
(1548, 1905)
(1548, 1906)
(1548, 1907)
(1548, 1908)
(1548, 1909)
(1547, 1910)
(1547, 1911)
(1547, 1912)
(1547, 1913)
(1547, 1914)
(1547, 1915)
(1546, 1919)
(1546, 1920)
(1545, 1921)
(1545, 1922)
(1545, 1923)
(1545, 1924)
(1545, 1925)
(1545, 1926)
(1545, 1927)
(1545, 1928)
(1543, 1932)
(1543, 1933)
(1543, 1934)
(1545, 1935)
(1542, 1936)
(1542, 1937)
(1542, 1938)
(1542, 1939)
(1542, 1940)
(1541, 1941)
(1541, 1942)
(1541, 1943)
(1541, 1944)
(1541, 1945)
(1541, 1946)
(1541, 1947)
(1541, 1948)
(1542, 1949)
(1542, 1950)
(1542, 1951)
(1542, 1952)
(1541, 1953)
(1541, 1954)
(1541, 1955)
(1541, 1956)
(1540, 1957)
(1540, 1958)
(1540, 1959)
(1540, 1960)
(1540, 1961)
(1540, 1962)
(1540, 1963)
(1540, 1964)
(1540, 1965)
(1540, 1966)
(1540, 1967)
(1540, 1968)
(1540, 1969)
(1540, 1970)
(1540, 1971)
(1540, 1972)
(1540, 1973)
(1540, 1974)
(1540, 1975)
(1540, 1976)
(1539, 1977)
(1539, 1978)
(1539, 1979)
(1539, 1980)
(1539, 1981)
(1539, 1982)
(1539, 1983)
(1538, 1984)
(1538, 1985)
(1538, 1986)
(1538, 1987)
(1538, 1988)
(1538, 1989)
(1538, 1990)
(1538, 1991)
(1537, 1992)
(1537, 1993)
(1538, 1994)
(1537, 1995)
(1537, 1996)
(1537, 1997)
(1537, 1998)
(1537, 1999)
(1537, 2000)
(1537, 2001)
(1537, 2002)
(1537, 2003)
(1537, 2004)
(1537, 2005)
(1537, 2006)
(1537, 2007)
(1537, 2008)
(1537, 2009)
(1537, 2010)
(1537, 2011)
(1538, 2012)
(1538, 2013)
(1538, 2014)
(1538, 2015)
(1538, 2016)
(1538, 2017)
(1538, 2018)
(1538, 2019)
(1538, 2020)
(1538, 2021)
(1538, 2022)
(1538, 2023)
(1538, 2024)
(1538, 2025)
(1537, 2026)
(1537, 2027)
(1537, 2028)
(1537, 2029)
(1537, 2030)
(1537, 2031)
(1537, 2032)
(1537, 2033)
(1537, 2034)
(1537, 2035)
(1537, 2036)
(1537, 2037)
(1537, 2038)
(1537, 2039)
(1537, 2040)
(1536, 2041)
(1537, 2042)
(1537, 2043)
(1537, 2044)
(1537, 2045)
(1537, 2046)
(1537, 2047)
(1537, 2048)
(1537, 2049)
(1537, 2050)
(1537, 2051)
(1537, 2052)
(1537, 2053)
(1537, 2054)
(1538, 2055)
(1538, 2056)
(1538, 2057)
(1538, 2058)
(1538, 2059)
(1538, 2060)
(1538, 2061)
(1538, 2062)
(1538, 2063)
(1538, 2064)
(1538, 2065)
(1538, 2066)
(1539, 2067)
(1539, 2068)
(1539, 2069)
(1539, 2070)
(1539, 2071)
(1539, 2072)
(1539, 2073)
(1539, 2074)
(1539, 2075)
(1540, 2076)
(1540, 2077)
(1540, 2078)
(1540, 2079)
(1540, 2080)
(1540, 2081)
(1540, 2082)
(1540, 2083)
(1540, 2084)
(1540, 2085)
(1540, 2086)
(1540, 2087)
(1540, 2088)
(1540, 2089)
(1540, 2090)
(1540, 2091)
(1540, 2092)
(1540, 2093)
(1541, 2094)
(1541, 2095)
(1540, 2096)
(1540, 2097)
(1540, 2098)
(1540, 2099)
(1541, 2103)
(1541, 2104)
(1542, 2105)
(1542, 2106)
(1542, 2107)
(1542, 2108)
(1542, 2109)
(1542, 2110)
(1542, 2111)
(1542, 2112)
(1542, 2113)
(1542, 2114)
(1542, 2115)
(1542, 2116)
(1542, 2117)
(1542, 2118)
(1542, 2119)
(1542, 2120)
(1542, 2121)
(1542, 2122)
(1542, 2123)
(1542, 2124)
(1542, 2125)
(1542, 2126)
(1542, 2127)
(1543, 2128)
(1543, 2129)
(1543, 2130)
(1543, 2131)
(1543, 2132)
(1544, 2133)
(1544, 2134)
(1544, 2135)
(1544, 2136)
(1545, 2137)
(1545, 2138)
(1545, 2139)
(1545, 2140)
(1545, 2141)
(1546, 2142)
(1546, 2143)
(1546, 2144)
(1546, 2145)
(1546, 2146)
(1546, 2147)
(1546, 2148)
(1546, 2149)
(1545, 2150)
(1545, 2151)
(1545, 2152)
(1545, 2153)
(1545, 2154)
(1545, 2155)
(1545, 2156)
(1545, 2157)
(1545, 2158)
(1545, 2159)
(1545, 2160)
(1545, 2161)
(1544, 2162)
(1544, 2163)
(1544, 2164)
(1544, 2165)
(1544, 2166)
(1543, 2167)
(1543, 2168)
(1543, 2169)
(1543, 2170)
(1543, 2171)
(1543, 2172)
(1543, 2173)
(1543, 2174)
(1543, 2175)
(1543, 2176)
(1542, 2177)
(1542, 2178)
(1542, 2179)
(1542, 2180)
(1542, 2181)
(1542, 2182)
(1541, 2183)
(1541, 2184)
(1541, 2185)
(1541, 2186)
(1541, 2187)
(1541, 2188)
(1540, 2189)
(1540, 2190)
(1540, 2191)
(1540, 2192)
(1540, 2193)
(1540, 2194)
(1540, 2195)
(1540, 2196)
(1540, 2197)
(1540, 2198)
(1540, 2199)
(1540, 2200)
(1540, 2201)
(1540, 2202)
(1540, 2203)
(1540, 2204)
(1540, 2205)
(1540, 2206)
(1540, 2207)
(1540, 2208)
(1540, 2209)
(1540, 2210)
(1539, 2211)
(1539, 2212)
(1539, 2213)
(1539, 2214)
(1539, 2215)
(1539, 2216)
(1539, 2217)
(1539, 2218)
(1539, 2219)
(1539, 2220)
(1539, 2221)
(1539, 2222)
(1539, 2223)
(1539, 2224)
(1539, 2225)
(1539, 2226)
(1539, 2227)
(1539, 2228)
(1539, 2229)
(1539, 2230)
(1539, 2231)
(1539, 2232)
(1539, 2233)
(1539, 2234)
(1539, 2235)
(1539, 2236)
(1539, 2237)
(1538, 2238)
(1538, 2239)
(1538, 2240)
(1538, 2241)
(1539, 2242)
(1539, 2243)
(1538, 2244)
(1538, 2245)
(1538, 2246)
(1538, 2247)
(1538, 2248)
(1538, 2249)
(1538, 2250)
(1538, 2251)
(1538, 2252)
(1538, 2253)
(1537, 2254)
(1537, 2255)
(1537, 2256)
(1537, 2257)
(1537, 2258)
(1537, 2259)
(1537, 2260)
(1537, 2261)
(1537, 2262)
(1537, 2263)
(1536, 2264)
(1536, 2265)
(1536, 2266)
(1536, 2267)
(1536, 2268)
(1536, 2269)
(1536, 2270)
(1536, 2271)
(1536, 2272)
(1536, 2273)
(1536, 2274)
(1536, 2275)
(1536, 2276)
(1536, 2277)
(1536, 2278)
(1536, 2279)
(1536, 2280)
(1535, 2281)
(1535, 2282)
(1534, 2286)
(1534, 2287)
(1534, 2288)
(1534, 2289)
(1534, 2290)
(1533, 2291)
(1533, 2292)
(1533, 2293)
(1532, 2294)
(1532, 2295)
(1532, 2296)
(1532, 2297)
(1532, 2298)
(1532, 2299)
(1532, 2300)
(1531, 2301)
(1531, 2302)
(1531, 2303)
(1530, 2304)
(1530, 2305)
(1530, 2306)
(1529, 2307)
(1529, 2308)
(1529, 2309)
(1528, 2310)
(1528, 2311)
(1527, 2312)
(1527, 2313)
(1526, 2314)
(1526, 2315)
(1526, 2316)
(1526, 2317)
(1526, 2318)
(1525, 2319)
(1525, 2320)
(1525, 2321)
(1525, 2322)
(1525, 2323)
(1525, 2324)
(1525, 2325)
(1525, 2326)
(1524, 2327)
(1524, 2328)
(1524, 2329)
(1524, 2330)
(1524, 2331)
(1524, 2332)
(1524, 2333)
(1524, 2334)
(1524, 2335)
(1524, 2336)
(1524, 2337)
(1524, 2338)
(1524, 2339)
(1524, 2340)
(1524, 2341)
(1524, 2342)
(1525, 2343)
(1525, 2344)
(1525, 2345)
(1525, 2346)
(1525, 2347)
(1526, 2348)
(1526, 2349)
(1526, 2350)
(1527, 2351)
(1527, 2352)
(1528, 2353)
(1528, 2354)
(1528, 2355)
(1529, 2356)
(1529, 2357)
(1530, 2358)
(1530, 2359)
(1531, 2360)
(1531, 2361)
(1531, 2362)
(1531, 2363)
(1531, 2364)
(1532, 2365)
(1532, 2366)
(1532, 2367)
(1533, 2368)
(1533, 2369)
(1533, 2370)
(1533, 2371)
(1533, 2372)
(1533, 2373)
(1534, 2374)
(1534, 2375)
(1534, 2376)
(1534, 2377)
(1533, 2378)
(1533, 2379)
(1533, 2380)
(1533, 2381)
(1533, 2382)
(1533, 2383)
(1532, 2384)
(1532, 2385)
(1532, 2386)
(1532, 2387)
(1531, 2388)
(1531, 2389)
(1531, 2390)
(1531, 2391)
(1531, 2392)
(1530, 2393)
(1530, 2394)
(1530, 2395)
(1530, 2396)
(1529, 2397)
(1529, 2398)
(1528, 2399)
(1528, 2400)
(1528, 2401)
(1527, 2402)
(1527, 2403)
(1526, 2404)
(1526, 2405)
(1526, 2406)
(1526, 2407)
(1526, 2408)
(1525, 2409)
(1525, 2410)
(1525, 2411)
(1525, 2412)
(1525, 2413)
(1526, 2414)
(1526, 2415)
(1526, 2416)
(1526, 2417)
(1526, 2418)
(1526, 2419)
(1526, 2420)
(1526, 2421)
(1526, 2422)
(1526, 2423)
(1526, 2424)
(1526, 2425)
(1526, 2426)
(1526, 2427)
(1526, 2428)
(1526, 2429)
(1526, 2430)
(1526, 2431)
(1525, 2432)
(1525, 2433)
(1525, 2434)
(1525, 2435)
(1525, 2436)
(1525, 2437)
(1525, 2438)
(1525, 2439)
(1525, 2440)
(1525, 2441)
(1525, 2442)
(1525, 2443)
(1525, 2444)
(1525, 2445)
(1525, 2446)
(1525, 2447)
(1525, 2448)
(1525, 2449)
(1526, 2450)
(1526, 2451)
(1526, 2452)
(1526, 2453)
(1527, 2454)
(1527, 2455)
(1527, 2456)
(1527, 2457)
(1527, 2458)
(1527, 2459)
(1528, 2460)
(1528, 2461)
(1528, 2462)
(1528, 2463)
(1528, 2464)
(1530, 2468)
(1529, 2469)
(1530, 2470)
(1530, 2471)
(1530, 2472)
(1530, 2473)
(1530, 2474)
(1530, 2475)
(1530, 2476)
(1531, 2477)
(1531, 2478)
(1531, 2479)
(1531, 2480)
(1531, 2481)
(1532, 2482)
(1532, 2483)
(1532, 2484)
(1532, 2485)
(1532, 2486)
(1532, 2487)
(1532, 2488)
(1532, 2489)
(1532, 2490)
(1533, 2491)
(1533, 2492)
(1533, 2493)
(1533, 2494)
(1534, 2495)
(1534, 2496)
(1534, 2497)
(1534, 2498)
(1534, 2499)
(1535, 2500)
(1535, 2501)
(1535, 2502)
(1535, 2503)
(1535, 2504)
(1535, 2505)
(1535, 2506)
(1535, 2507)
(1535, 2508)
(1535, 2509)
(1535, 2510)
(1535, 2511)
(1535, 2512)
(1535, 2513)
(1535, 2514)
(1535, 2515)
(1535, 2516)
(1535, 2517)
(1535, 2518)
(1535, 2519)
(1536, 2520)
(1536, 2521)
(1536, 2522)
(1536, 2523)
(1535, 2524)
(1535, 2525)
(1535, 2526)
(1535, 2527)
(1535, 2528)
(1535, 2529)
(1535, 2530)
(1535, 2531)
(1535, 2532)
(1535, 2533)
(1535, 2534)
(1535, 2535)
(1535, 2536)
(1535, 2537)
(1535, 2538)
(1535, 2539)
(1535, 2540)
(1535, 2541)
(1535, 2542)
(1535, 2543)
(1535, 2544)
(1535, 2545)
(1535, 2546)
(1535, 2547)
(1535, 2548)
(1535, 2549)
(1535, 2550)
(1535, 2551)
(1535, 2552)
(1535, 2553)
(1535, 2554)
(1535, 2555)
(1535, 2556)
(1535, 2557)
(1535, 2558)
(1535, 2559)
(1535, 2560)
(1535, 2561)
(1536, 2562)
(1536, 2563)
(1535, 2564)
(1535, 2565)
(1535, 2566)
(1536, 2567)
(1536, 2568)
(1535, 2569)
(1535, 2570)
(1536, 2571)
(1536, 2572)
(1536, 2573)
(1536, 2574)
(1535, 2575)
(1536, 2576)
(1536, 2577)
(1536, 2578)
(1535, 2579)
(1535, 2580)
(1535, 2581)
(1535, 2582)
(1535, 2583)
(1535, 2584)
(1535, 2585)
(1535, 2586)
(1535, 2587)
(1535, 2588)
(1535, 2589)
(1535, 2590)
(1535, 2591)
(1535, 2592)
(1535, 2593)
(1535, 2594)
(1535, 2595)
(1535, 2596)
(1535, 2597)
(1535, 2598)
(1535, 2599)
(1535, 2600)
(1535, 2601)
(1535, 2602)
(1535, 2603)
(1535, 2604)
(1536, 2605)
(1536, 2606)
(1536, 2607)
(1536, 2608)
(1536, 2609)
(1536, 2610)
(1536, 2611)
(1536, 2612)
(1536, 2613)
(1536, 2614)
(1536, 2615)
(1537, 2616)
(1537, 2617)
(1537, 2618)
(1536, 2619)
(1537, 2620)
(1537, 2621)
(1537, 2622)
(1537, 2623)
(1537, 2624)
(1537, 2625)
(1537, 2626)
(1537, 2627)
(1537, 2628)
(1537, 2629)
(1537, 2630)
(1537, 2631)
(1538, 2632)
(1537, 2633)
(1537, 2634)
(1537, 2635)
(1537, 2636)
(1538, 2637)
(1538, 2638)
(1538, 2639)
(1538, 2640)
(1537, 2641)
(1538, 2642)
(1538, 2643)
(1538, 2644)
(1538, 2645)
(1538, 2646)
(1538, 2647)
(1538, 2651)
(1538, 2652)
(1538, 2653)
(1538, 2654)
(1538, 2655)
(1538, 2656)
(1537, 2657)
(1537, 2658)
(1537, 2659)
(1537, 2660)
(1537, 2661)
(1537, 2662)
(1537, 2663)
(1537, 2664)
(1537, 2665)
(1537, 2666)
(1537, 2667)
(1537, 2668)
(1537, 2669)
(1537, 2670)
(1537, 2671)
(1537, 2672)
(1537, 2673)
(1538, 2674)
(1538, 2675)
(1538, 2676)
(1538, 2677)
(1538, 2678)
(1538, 2679)
(1538, 2680)
(1539, 2681)
(1539, 2682)
(1539, 2683)
(1538, 2684)
(1538, 2685)
(1538, 2686)
(1538, 2687)
(1539, 2688)
(1539, 2689)
(1539, 2690)
(1539, 2691)
(1539, 2692)
(1539, 2693)
(1539, 2694)
(1539, 2695)
(1539, 2696)
(1539, 2697)
(1539, 2698)
(1539, 2699)
(1540, 2700)
(1540, 2701)
(1540, 2702)
(1540, 2703)
(1540, 2704)
(1540, 2705)
(1540, 2706)
(1540, 2707)
(1540, 2708)
(1540, 2709)
(1540, 2710)
(1540, 2711)
(1540, 2712)
(1540, 2713)
(1540, 2714)
(1540, 2715)
(1540, 2716)
(1540, 2717)
(1540, 2718)
(1540, 2719)
(1540, 2720)
(1540, 2721)
(1540, 2722)
(1540, 2723)
(1540, 2724)
(1541, 2725)
(1541, 2726)
(1541, 2727)
(1541, 2728)
(1541, 2729)
(1541, 2730)
(1540, 2731)
(1540, 2732)
(1540, 2733)
(1540, 2734)
(1540, 2735)
(1540, 2736)
(1540, 2737)
(1540, 2738)
(1540, 2739)
(1540, 2740)
(1540, 2741)
(1540, 2742)
(1540, 2743)
(1540, 2744)
(1540, 2745)
(1540, 2746)
(1540, 2747)
(1540, 2748)
(1540, 2749)
(1540, 2750)
(1540, 2751)
(1540, 2752)
(1540, 2753)
(1540, 2754)
(1540, 2755)
(1540, 2756)
(1540, 2757)
(1540, 2758)
(1540, 2759)
(1540, 2760)
(1540, 2761)
(1540, 2762)
(1540, 2763)
(1539, 2764)
(1539, 2765)
(1539, 2766)
(1539, 2767)
(1539, 2768)
(1538, 2769)
(1538, 2770)
(1538, 2771)
(1538, 2772)
(1538, 2773)
(1538, 2774)
(1538, 2775)
(1538, 2776)
(1538, 2777)
(1539, 2778)
(1539, 2779)
(1539, 2780)
(1539, 2781)
(1539, 2782)
(1539, 2783)
(1539, 2784)
(1539, 2785)
(1540, 2786)
(1540, 2787)
(1539, 2788)
(1540, 2789)
(1540, 2790)
(1540, 2791)
(1540, 2792)
(1540, 2793)
(1540, 2794)
(1540, 2795)
(1540, 2796)
(1540, 2797)
(1540, 2798)
(1539, 2799)
(1539, 2800)
(1539, 2801)
(1540, 2802)
(1540, 2803)
(1540, 2804)
(1540, 2805)
(1540, 2806)
(1540, 2807)
(1540, 2808)
(1540, 2809)
(1540, 2810)
(1540, 2811)
(1540, 2812)
(1540, 2813)
(1540, 2814)
(1540, 2815)
(1540, 2816)
(1540, 2817)
(1540, 2818)
(1540, 2819)
(1540, 2820)
(1540, 2821)
(1541, 2822)
(1541, 2823)
(1541, 2824)
(1541, 2825)
(1541, 2826)
(1541, 2827)
(1541, 2828)
(1541, 2829)
(1541, 2830)
(1542, 2834)
(1543, 2835)
(1543, 2836)
(1542, 2837)
(1542, 2838)
(1543, 2839)
(1543, 2840)
(1543, 2841)
(1543, 2842)
(1543, 2843)
(1543, 2844)
(1543, 2845)
(1543, 2846)
(1543, 2847)
(1543, 2848)
(1543, 2849)
(1543, 2850)
(1543, 2851)
(1543, 2852)
(1543, 2853)
(1543, 2854)
(1543, 2855)
(1543, 2856)
(1543, 2857)
(1543, 2858)
(1543, 2859)
(1543, 2860)
(1543, 2861)
(1543, 2862)
(1542, 2863)
(1542, 2864)
(1542, 2865)
(1542, 2866)
(1542, 2867)
(1542, 2868)
(1542, 2869)
(1542, 2870)
(1542, 2871)
(1542, 2872)
(1541, 2873)
(1541, 2874)
(1541, 2875)
(1541, 2876)
(1541, 2877)
(1541, 2878)
(1541, 2879)
(1541, 2880)
(1541, 2881)
(1541, 2882)
(1541, 2883)
(1541, 2884)
(1541, 2885)
(1541, 2886)
(1541, 2887)
(1541, 2888)
(1540, 2889)
(1540, 2890)
(1540, 2891)
(1540, 2892)
(1540, 2893)
(1540, 2894)
(1540, 2895)
(1540, 2896)
(1540, 2897)
(1540, 2898)
(1540, 2899)
(1541, 2900)
(1541, 2901)
(1541, 2902)
(1541, 2903)
(1541, 2904)
(1541, 2905)
(1541, 2906)
(1541, 2907)
(1541, 2908)
(1541, 2909)
(1541, 2910)
(1541, 2911)
(1541, 2912)
(1541, 2913)
(1542, 2914)
(1541, 2915)
(1541, 2916)
(1541, 2917)
(1541, 2918)
(1541, 2919)
(1541, 2920)
(1541, 2921)
(1540, 2922)
(1540, 2923)
(1540, 2924)
(1540, 2925)
(1539, 2926)
(1539, 2927)
(1539, 2928)
(1539, 2929)
(1538, 2930)
(1538, 2931)
(1538, 2932)
(1538, 2933)
(1538, 2934)
(1538, 2935)
(1537, 2936)
(1537, 2937)
(1537, 2938)
(1537, 2939)
(1537, 2940)
(1537, 2941)
(1537, 2942)
(1537, 2943)
(1537, 2944)
(1538, 2945)
(1537, 2946)
(1537, 2947)
(1537, 2948)
(1538, 2949)
(1538, 2950)
(1538, 2951)
(1538, 2952)
(1538, 2953)
(1538, 2954)
(1538, 2955)
(1538, 2956)
(1538, 2957)
(1538, 2958)
(1538, 2959)
(1538, 2960)
(1538, 2961)
(1538, 2962)
(1538, 2963)
(1538, 2964)
(1538, 2965)
(1538, 2966)
(1538, 2967)
(1538, 2968)
(1537, 2969)
(1537, 2970)
(1537, 2971)
(1537, 2972)
(1537, 2973)
(1537, 2974)
(1536, 2975)
(1536, 2976)
(1536, 2977)
(1536, 2978)
(1536, 2979)
(1536, 2980)
(1535, 2981)
(1535, 2982)
(1535, 2983)
(1535, 2984)
(1534, 2985)
(1534, 2986)
(1534, 2987)
(1534, 2988)
(1533, 2989)
(1533, 2990)
(1533, 2991)
(1533, 2992)
(1533, 2993)
(1533, 2994)
(1533, 2995)
(1533, 2996)
(1533, 2997)
(1533, 2998)
(1533, 2999)
(1533, 3000)
(1533, 3001)
(1533, 3002)
(1533, 3003)
(1532, 3004)
(1532, 3005)
(1532, 3006)
(1532, 3007)
(1533, 3008)
(1533, 3009)
(1533, 3010)
(1533, 3011)
(1533, 3012)
(1533, 3013)
(1534, 3017)
(1534, 3018)
(1534, 3019)
(1534, 3020)
(1535, 3021)
(1535, 3022)
(1535, 3023)
(1535, 3024)
(1535, 3025)
(1536, 3026)
(1536, 3027)
(1537, 3028)
(1537, 3029)
(1537, 3030)
(1538, 3031)
(1538, 3032)
(1538, 3033)
(1538, 3034)
(1539, 3035)
(1539, 3036)
(1539, 3037)
(1539, 3038)
(1540, 3039)
(1540, 3040)
(1540, 3041)
(1540, 3042)
(1539, 3043)
(1539, 3044)
(1539, 3045)
(1539, 3046)
(1539, 3047)
(1539, 3048)
(1539, 3049)
(1539, 3050)
(1539, 3051)
(1539, 3052)
(1539, 3053)
(1539, 3054)
(1539, 3055)
(1539, 3056)
(1539, 3057)
(1539, 3058)
(1539, 3059)
(1539, 3060)
(1540, 3061)
(1540, 3062)
(1540, 3063)
(1540, 3064)
(1540, 3065)
(1540, 3066)
(1540, 3067)
(1540, 3068)
(1540, 3069)
(1540, 3070)
(1540, 3071)
(1540, 3072)
(1540, 3073)
(1540, 3074)
(1541, 3075)
(1541, 3076)
(1541, 3077)
(1541, 3078)
(1541, 3079)
(1541, 3080)
(1542, 3081)
(1542, 3082)
(1542, 3083)
(1542, 3084)
(1542, 3085)
(1542, 3086)
(1542, 3087)
(1542, 3088)
(1542, 3089)
(1542, 3090)
(1542, 3091)
(1542, 3092)
(1542, 3093)
(1542, 3094)
(1542, 3095)
(1542, 3096)
(1542, 3097)
(1543, 3098)
(1543, 3099)
(1543, 3100)
(1543, 3101)
(1543, 3102)
(1543, 3103)
(1543, 3104)
(1543, 3105)
(1543, 3106)
(1543, 3107)
(1543, 3108)
(1543, 3109)
(1543, 3110)
(1543, 3111)
(1543, 3112)
(1543, 3113)
(1543, 3114)
(1543, 3115)
(1543, 3116)
(1543, 3117)
(1543, 3118)
(1543, 3119)
(1543, 3120)
(1543, 3121)
(1543, 3122)
(1543, 3123)
(1543, 3124)
(1543, 3125)
(1543, 3126)
(1543, 3127)
(1543, 3128)
(1542, 3129)
(1543, 3130)
(1542, 3131)
(1542, 3132)
(1542, 3133)
(1542, 3134)
(1542, 3135)
(1542, 3136)
(1542, 3137)
(1542, 3138)
(1542, 3139)
(1542, 3140)
(1542, 3141)
(1542, 3142)
(1542, 3143)
(1542, 3144)
(1542, 3145)
(1542, 3146)
(1542, 3147)
(1542, 3148)
(1542, 3149)
(1542, 3150)
(1542, 3151)
(1542, 3152)
(1542, 3153)
(1542, 3154)
(1542, 3155)
(1542, 3156)
(1542, 3157)
(1542, 3158)
(1542, 3159)
(1542, 3160)
(1542, 3161)
(1542, 3162)
(1542, 3163)
(1542, 3164)
(1542, 3165)
(1542, 3166)
(1542, 3167)
(1542, 3168)
(1542, 3169)
(1542, 3170)
(1542, 3171)
(1542, 3172)
(1542, 3173)
(1542, 3174)
(1542, 3175)
(1542, 3176)
(1542, 3177)
(1542, 3178)
(1542, 3179)
(1542, 3180)
(1542, 3181)
(1542, 3182)
(1542, 3183)
(1542, 3184)
(1542, 3185)
(1542, 3186)
(1542, 3187)
(1542, 3188)
(1542, 3189)
(1542, 3190)
(1542, 3191)
(1542, 3192)
(1542, 3193)
(1542, 3194)
(1542, 3195)
(1542, 3196)
(1543, 3199)
(1543, 3200)
(1543, 3201)
(1543, 3202)
(1543, 3203)
(1543, 3204)
(1543, 3205)
(1543, 3206)
(1543, 3207)
(1543, 3208)
(1543, 3209)
(1543, 3210)
(1543, 3211)
(1543, 3212)
(1543, 3213)
(1543, 3214)
(1543, 3215)
(1542, 3216)
(1542, 3217)
(1542, 3218)
(1542, 3219)
(1542, 3220)
(1542, 3221)
(1542, 3222)
(1542, 3223)
(1542, 3224)
(1542, 3225)
(1542, 3226)
(1542, 3227)
(1541, 3228)
(1541, 3229)
(1542, 3230)
(1542, 3231)
(1542, 3232)
(1541, 3233)
(1542, 3234)
(1542, 3235)
(1542, 3236)
(1542, 3237)
(1542, 3238)
(1542, 3239)
(1542, 3240)
(1542, 3241)
(1542, 3242)
(1542, 3243)
(1542, 3244)
(1542, 3245)
(1542, 3246)
(1543, 3247)
(1543, 3248)
(1543, 3249)
(1543, 3250)
(1543, 3251)
(1543, 3252)
(1543, 3253)
(1543, 3254)
(1543, 3255)
(1543, 3256)
(1543, 3257)
(1543, 3258)
(1543, 3259)
(1543, 3260)
(1543, 3261)
(1543, 3262)
(1543, 3263)
(1543, 3264)
(1544, 3265)
(1544, 3266)
(1544, 3267)
(1544, 3268)
(1544, 3269)
(1544, 3270)
(1544, 3271)
(1544, 3272)
(1544, 3273)
(1544, 3274)
(1544, 3275)
(1544, 3276)
(1544, 3277)
(1544, 3278)
(1544, 3279)
(1544, 3280)
(1544, 3281)
(1544, 3282)
(1544, 3283)
(1545, 3284)
(1545, 3285)
(1545, 3286)
(1545, 3287)
(1545, 3288)
(1545, 3289)
(1545, 3290)
(1545, 3291)
(1545, 3292)
(1546, 3293)
(1546, 3294)
(1546, 3295)
(1546, 3296)
(1546, 3297)
(1546, 3298)
(1546, 3299)
(1546, 3300)
(1546, 3301)
(1546, 3302)
(1546, 3303)
(1545, 3304)
(1545, 3305)
(1545, 3306)
(1545, 3307)
(1545, 3308)
(1545, 3309)
(1545, 3310)
(1545, 3311)
(1545, 3312)
(1545, 3313)
(1545, 3314)
(1545, 3315)
(1545, 3316)
(1545, 3317)
(1545, 3318)
(1545, 3319)
(1545, 3320)
(1545, 3321)
(1545, 3322)
(1545, 3323)
(1545, 3324)
(1545, 3325)
(1545, 3326)
(1545, 3327)
(1545, 3328)
(1545, 3329)
(1545, 3330)
(1545, 3331)
(1545, 3332)
(1545, 3333)
(1545, 3334)
(1545, 3335)
(1544, 3336)
(1544, 3337)
(1544, 3338)
(1544, 3339)
(1545, 3340)
(1545, 3341)
(1545, 3342)
(1545, 3343)
(1545, 3344)
(1545, 3345)
(1545, 3346)
(1545, 3347)
(1545, 3348)
(1545, 3349)
(1545, 3350)
(1545, 3351)
(1545, 3352)
(1545, 3353)
(1545, 3354)
(1545, 3355)
(1545, 3356)
(1545, 3357)
(1545, 3358)
(1545, 3359)
(1545, 3360)
(1545, 3361)
(1545, 3362)
(1545, 3363)
(1545, 3364)
(1545, 3365)
(1545, 3366)
(1545, 3367)
(1545, 3368)
(1545, 3369)
(1545, 3370)
(1545, 3371)
(1545, 3372)
(1545, 3373)
(1545, 3374)
(1545, 3375)
(1545, 3376)
(1545, 3377)
(1545, 3378)
(1545, 3379)
(1546, 3380)
(1545, 3381)
(1545, 3382)
(1546, 3385)
(1546, 3386)
(1546, 3387)
(1546, 3388)
(1546, 3389)
(1546, 3390)
(1546, 3391)
(1546, 3392)
(1546, 3393)
(1546, 3394)
(1546, 3395)
(1546, 3396)
(1546, 3397)
(1546, 3398)
(1546, 3399)
(1546, 3400)
(1546, 3401)
(1546, 3402)
(1546, 3403)
(1546, 3404)
(1546, 3405)
(1546, 3406)
(1546, 3407)
(1546, 3408)
(1546, 3409)
(1546, 3410)
(1546, 3411)
(1546, 3412)
(1546, 3413)
(1547, 3414)
(1546, 3415)
(1546, 3416)
(1546, 3417)
(1546, 3418)
(1546, 3419)
(1547, 3420)
(1547, 3421)
(1546, 3422)
(1546, 3423)
(1546, 3424)
(1546, 3425)
(1546, 3426)
(1546, 3427)
(1546, 3428)
(1546, 3429)
(1546, 3430)
(1546, 3431)
(1546, 3432)
(1546, 3433)
(1546, 3434)
(1546, 3435)
(1546, 3436)
(1546, 3437)
(1546, 3438)
(1546, 3439)
(1546, 3440)
(1546, 3441)
(1546, 3442)
(1546, 3443)
(1546, 3444)
(1546, 3445)
(1546, 3446)
(1546, 3447)
(1546, 3448)
(1546, 3449)
(1546, 3450)
(1546, 3451)
(1546, 3452)
(1546, 3453)
(1546, 3454)
(1546, 3455)
(1546, 3456)
(1546, 3457)
(1546, 3458)
(1545, 3459)
(1545, 3460)
(1545, 3461)
(1545, 3462)
(1545, 3463)
(1545, 3464)
(1545, 3465)
(1544, 3466)
(1544, 3467)
(1544, 3468)
(1544, 3469)
(1544, 3470)
(1544, 3471)
(1544, 3472)
(1544, 3473)
(1544, 3474)
(1544, 3475)
(1544, 3476)
(1544, 3477)
(1544, 3478)
(1544, 3479)
(1544, 3480)
(1544, 3481)
(1544, 3482)
(1544, 3483)
(1544, 3484)
(1544, 3485)
(1544, 3486)
(1543, 3487)
(1543, 3488)
(1543, 3489)
(1543, 3490)
(1543, 3491)
(1543, 3492)
(1543, 3493)
(1543, 3494)
(1543, 3495)
(1543, 3496)
(1543, 3497)
(1543, 3498)
(1543, 3499)
(1543, 3500)
(1543, 3501)
(1543, 3502)
(1543, 3503)
(1543, 3504)
(1543, 3505)
(1543, 3506)
(1543, 3507)
(1543, 3508)
(1542, 3509)
(1542, 3510)
(1542, 3511)
(1542, 3512)
(1542, 3513)
(1542, 3514)
(1542, 3515)
(1542, 3516)
(1542, 3517)
(1542, 3518)
(1542, 3519)
(1542, 3520)
(1542, 3521)
(1542, 3522)
(1542, 3523)
(1542, 3524)
(1542, 3525)
(1542, 3526)
(1542, 3527)
(1542, 3528)
(1542, 3529)
(1542, 3530)
(1542, 3531)
(1542, 3532)
(1542, 3533)
(1542, 3534)
(1542, 3535)
(1542, 3536)
(1542, 3537)
(1542, 3538)
(1543, 3539)
(1543, 3540)
(1542, 3541)
(1542, 3542)
(1542, 3543)
(1542, 3544)
(1542, 3545)
(1542, 3546)
(1542, 3547)
(1542, 3548)
(1542, 3549)
(1542, 3550)
(1543, 3551)
(1542, 3552)
(1542, 3553)
(1543, 3554)
(1543, 3555)
(1543, 3556)
(1543, 3557)
(1543, 3558)
(1543, 3559)
(1543, 3560)
(1543, 3561)
(1542, 3562)
(1543, 3563)
(1543, 3564)
(1543, 3565)
(1542, 3568)
(1543, 3569)
(1542, 3570)
(1542, 3571)
(1541, 3572)
(1542, 3573)
(1541, 3574)
(1541, 3575)
(1542, 3576)
(1542, 3577)
(1542, 3578)
(1542, 3579)
(1542, 3580)
(1542, 3581)
(1542, 3582)
(1542, 3583)
(1542, 3584)
(1542, 3585)
(1542, 3586)
(1542, 3587)
(1542, 3588)
(1542, 3589)
(1542, 3590)
(1542, 3591)
(1542, 3592)
(1542, 3593)
(1542, 3594)
(1542, 3595)
(1542, 3596)
(1542, 3597)
(1542, 3598)
(1542, 3599)
(1542, 3600)
(1542, 3601)
(1542, 3602)
(1542, 3603)
(1542, 3604)
(1542, 3605)
(1541, 3606)
(1541, 3607)
(1541, 3608)
(1541, 3609)
(1541, 3610)
(1542, 3611)
(1542, 3612)
(1541, 3613)
(1541, 3614)
(1541, 3615)
(1541, 3616)
(1541, 3617)
(1541, 3618)
(1540, 3619)
(1540, 3620)
(1540, 3621)
(1540, 3622)
(1540, 3623)
(1540, 3624)
(1540, 3625)
(1540, 3626)
(1540, 3627)
(1540, 3628)
(1539, 3629)
(1539, 3630)
(1539, 3631)
(1540, 3632)
(1540, 3633)
(1540, 3634)
(1540, 3635)
(1540, 3636)
(1540, 3637)
(1540, 3638)
(1540, 3639)
(1540, 3640)
(1540, 3641)
(1540, 3642)
(1540, 3643)
(1540, 3644)
(1541, 3645)
(1541, 3646)
(1541, 3647)
(1541, 3648)
(1541, 3649)
(1541, 3650)
(1541, 3651)
(1541, 3652)
(1541, 3653)
(1541, 3654)
(1541, 3655)
(1541, 3656)
(1541, 3657)
(1540, 3658)
(1540, 3659)
(1540, 3660)
(1540, 3661)
(1540, 3662)
(1540, 3663)
(1540, 3664)
(1540, 3665)
(1540, 3666)
(1540, 3667)
(1540, 3668)
(1541, 3669)
(1541, 3670)
(1541, 3671)
(1541, 3672)
(1541, 3673)
(1541, 3674)
(1541, 3675)
(1541, 3676)
(1541, 3677)
(1541, 3678)
(1541, 3679)
(1541, 3680)
(1541, 3681)
(1541, 3682)
(1541, 3683)
(1541, 3684)
(1541, 3685)
(1541, 3686)
(1541, 3687)
(1541, 3688)
(1541, 3689)
(1541, 3690)
(1541, 3691)
(1541, 3692)
(1541, 3693)
(1541, 3694)
(1541, 3695)
(1541, 3696)
(1541, 3697)
(1541, 3698)
(1541, 3699)
(1541, 3700)
(1541, 3701)
(1541, 3702)
(1541, 3703)
(1542, 3704)
(1542, 3705)
(1542, 3706)
(1542, 3707)
(1542, 3708)
(1542, 3709)
(1542, 3710)
(1542, 3711)
(1542, 3712)
(1542, 3713)
(1542, 3714)
(1542, 3715)
(1542, 3716)
(1542, 3717)
(1542, 3718)
(1542, 3719)
(1542, 3720)
(1542, 3721)
(1542, 3722)
(1542, 3723)
(1542, 3724)
(1542, 3725)
(1542, 3726)
(1542, 3727)
(1542, 3728)
(1542, 3729)
(1542, 3730)
(1542, 3731)
(1542, 3732)
(1542, 3733)
(1542, 3734)
(1542, 3735)
(1542, 3736)
(1542, 3737)
(1542, 3738)
(1543, 3739)
(1543, 3740)
(1543, 3741)
(1543, 3742)
(1543, 3743)
(1542, 3744)
(1543, 3745)
(1543, 3746)
(1542, 3747)
(1543, 3751)
(1543, 3752)
(1543, 3753)
(1543, 3754)
(1543, 3755)
(1543, 3756)
(1543, 3757)
(1543, 3758)
(1543, 3759)
(1543, 3760)
(1543, 3761)
(1543, 3762)
(1543, 3763)
(1543, 3764)
(1543, 3765)
(1543, 3766)
(1543, 3767)
(1543, 3768)
(1543, 3769)
(1543, 3770)
(1543, 3771)
(1543, 3772)
(1543, 3773)
(1543, 3774)
(1543, 3775)
(1543, 3776)
(1543, 3777)
(1543, 3778)
(1543, 3779)
(1543, 3780)
(1543, 3781)
(1543, 3782)
(1543, 3783)
(1543, 3784)
(1543, 3785)
(1543, 3786)
(1543, 3787)
(1543, 3788)
(1543, 3789)
(1543, 3790)
(1543, 3791)
(1543, 3792)
(1544, 3793)
(1544, 3794)
(1544, 3795)
(1544, 3796)
(1544, 3797)
(1544, 3798)
(1544, 3799)
(1545, 3800)
(1545, 3801)
(1545, 3802)
(1545, 3803)
(1545, 3804)
(1545, 3805)
(1545, 3806)
(1545, 3807)
(1545, 3808)
(1545, 3809)
(1545, 3810)
(1545, 3811)
(1546, 3812)
(1546, 3813)
(1546, 3814)
(1546, 3815)
(1547, 3816)
(1547, 3817)
(1547, 3818)
(1547, 3819)
(1547, 3820)
(1547, 3821)
(1546, 3822)
(1546, 3823)
(1546, 3824)
(1546, 3825)
(1546, 3826)
(1546, 3827)
(1546, 3828)
(1546, 3829)
(1546, 3830)
(1546, 3831)
(1545, 3832)
(1545, 3833)
(1546, 3834)
(1546, 3835)
(1546, 3836)
(1546, 3837)
(1546, 3838)
(1546, 3839)
(1546, 3840)
(1546, 3841)
(1546, 3842)
(1546, 3843)
(1546, 3844)
(1546, 3845)
(1546, 3846)
(1546, 3847)
(1546, 3848)
(1546, 3849)
(1545, 3850)
(1545, 3851)
(1545, 3852)
(1545, 3853)
(1545, 3854)
(1545, 3855)
(1545, 3856)
(1545, 3857)
(1545, 3858)
(1545, 3859)
(1545, 3860)
(1545, 3861)
(1546, 3862)
(1546, 3863)
(1546, 3864)
(1546, 3865)
(1546, 3866)
(1546, 3867)
(1546, 3868)
(1546, 3869)
(1546, 3870)
(1546, 3871)
(1546, 3872)
(1546, 3873)
(1546, 3874)
(1546, 3875)
(1546, 3876)
(1545, 3877)
(1545, 3878)
(1545, 3879)
(1545, 3880)
(1545, 3881)
(1545, 3882)
(1545, 3883)
(1545, 3884)
(1545, 3885)
(1545, 3886)
(1545, 3887)
(1544, 3888)
(1544, 3889)
(1544, 3890)
(1544, 3891)
(1544, 3892)
(1544, 3893)
(1544, 3894)
(1544, 3895)
(1544, 3896)
(1545, 3897)
(1545, 3898)
(1545, 3899)
(1545, 3900)
(1545, 3901)
(1545, 3902)
(1545, 3903)
(1544, 3904)
(1544, 3905)
(1544, 3906)
(1544, 3907)
(1544, 3908)
(1544, 3909)
(1544, 3910)
(1544, 3911)
(1544, 3912)
(1544, 3913)
(1544, 3914)
(1544, 3915)
(1544, 3916)
(1544, 3917)
(1544, 3918)
(1544, 3919)
(1544, 3920)
(1544, 3921)
(1543, 3922)
(1543, 3923)
(1543, 3924)
(1543, 3925)
(1542, 3926)
(1543, 3927)
(1542, 3928)
(1543, 3931)
(1543, 3932)
(1543, 3933)
(1543, 3934)
(1543, 3935)
(1543, 3936)
(1543, 3937)
(1543, 3938)
(1543, 3939)
(1543, 3940)
(1543, 3941)
(1543, 3942)
(1543, 3943)
(1543, 3944)
(1543, 3945)
(1543, 3946)
(1544, 3947)
(1544, 3948)
(1544, 3949)
(1544, 3950)
(1544, 3951)
(1544, 3952)
(1544, 3953)
(1544, 3954)
(1544, 3955)
(1544, 3956)
(1544, 3957)
(1544, 3958)
(1543, 3959)
(1543, 3960)
(1543, 3961)
(1543, 3962)
(1543, 3963)
(1543, 3964)
(1543, 3965)
(1543, 3966)
(1543, 3967)
(1543, 3968)
(1542, 3969)
(1542, 3970)
(1542, 3971)
(1543, 3972)
(1543, 3973)
(1542, 3974)
(1542, 3975)
(1542, 3976)
(1542, 3977)
(1542, 3978)
(1542, 3979)
(1542, 3980)
(1542, 3981)
(1542, 3982)
(1542, 3983)
(1542, 3984)
(1542, 3985)
(1542, 3986)
(1542, 3987)
(1542, 3988)
(1542, 3989)
(1542, 3990)
(1542, 3991)
(1542, 3992)
(1542, 3993)
(1542, 3994)
(1542, 3995)
(1542, 3996)
(1542, 3997)
(1542, 3998)
(1542, 3999)
(1542, 4000)
(1542, 4001)
(1542, 4002)
(1542, 4003)
(1542, 4004)
(1542, 4005)
(1542, 4006)
(1542, 4007)
(1542, 4008)
(1542, 4009)
(1541, 4010)
(1542, 4011)
(1542, 4012)
(1542, 4013)
(1542, 4014)
(1542, 4015)
(1542, 4016)
(1542, 4017)
(1542, 4018)
(1542, 4019)
(1542, 4020)
(1542, 4021)
(1542, 4022)
(1542, 4023)
(1542, 4024)
(1542, 4025)
(1542, 4026)
(1542, 4027)
(1541, 4028)
(1541, 4029)
(1541, 4030)
(1541, 4031)
(1541, 4032)
(1541, 4033)
(1541, 4034)
(1540, 4035)
(1540, 4036)
(1540, 4037)
(1540, 4038)
(1540, 4039)
(1539, 4040)
(1539, 4041)
(1540, 4042)
(1540, 4043)
(1540, 4044)
(1540, 4045)
(1539, 4046)
(1539, 4047)
(1539, 4048)
(1539, 4049)
(1539, 4050)
(1539, 4051)
(1539, 4052)
(1539, 4053)
(1539, 4054)
(1540, 4055)
(1540, 4056)
(1540, 4057)
(1540, 4058)
(1540, 4059)
(1540, 4060)
(1540, 4061)
(1540, 4062)
(1540, 4063)
(1540, 4064)
(1540, 4065)
(1540, 4066)
(1540, 4067)
(1540, 4068)
(1540, 4069)
(1540, 4070)
(1540, 4071)
(1540, 4072)
(1540, 4073)
(1541, 4074)
(1541, 4075)
(1541, 4076)
(1541, 4077)
(1541, 4078)
(1541, 4079)
(1541, 4080)
(1541, 4081)
(1541, 4082)
(1541, 4083)
(1542, 4084)
(1542, 4085)
(1542, 4086)
(1542, 4087)
(1542, 4088)
(1542, 4089)
(1542, 4090)
(1542, 4091)
(1542, 4092)
(1542, 4093)
(1542, 4094)
(1542, 4095)
(1542, 4096)
(1542, 4097)
(1542, 4098)
(1542, 4099)
(1542, 4100)
(1542, 4101)
(1542, 4102)
(1542, 4103)
(1542, 4104)
(1542, 4105)
(1542, 4106)
(1542, 4107)
(1542, 4108)
(1542, 4111)
(1542, 4112)
(1542, 4113)
(1542, 4114)
(1542, 4115)
(1542, 4116)
(1542, 4117)
(1542, 4118)
(1542, 4119)
(1542, 4120)
(1542, 4121)
(1542, 4122)
(1542, 4123)
(1542, 4124)
(1542, 4125)
(1542, 4126)
(1542, 4127)
(1543, 4128)
(1543, 4129)
(1543, 4130)
(1543, 4131)
(1543, 4132)
(1544, 4133)
(1543, 4134)
(1543, 4135)
(1543, 4136)
(1544, 4137)
(1544, 4138)
(1543, 4139)
(1544, 4140)
(1544, 4141)
(1543, 4142)
(1543, 4143)
(1543, 4144)
(1543, 4145)
(1543, 4146)
(1543, 4147)
(1543, 4148)
(1543, 4149)
(1543, 4150)
(1543, 4151)
(1543, 4152)
(1543, 4153)
(1543, 4154)
(1543, 4155)
(1543, 4156)
(1543, 4157)
(1543, 4158)
(1543, 4159)
(1543, 4160)
(1543, 4161)
(1543, 4162)
(1543, 4163)
(1543, 4164)
(1543, 4165)
(1543, 4166)
(1543, 4167)
(1543, 4168)
(1543, 4169)
(1543, 4170)
(1543, 4171)
(1543, 4172)
(1543, 4173)
(1543, 4174)
(1543, 4175)
(1543, 4176)
(1543, 4177)
(1544, 4178)
(1543, 4179)
(1543, 4180)
(1543, 4181)
(1543, 4182)
(1543, 4183)
(1543, 4184)
(1544, 4185)
(1544, 4186)
(1544, 4187)
(1544, 4188)
(1544, 4189)
(1544, 4190)
(1544, 4191)
(1544, 4192)
(1544, 4193)
(1544, 4194)
(1544, 4195)
(1544, 4196)
(1545, 4197)
(1545, 4198)
(1545, 4199)
(1545, 4200)
(1545, 4201)
(1545, 4202)
(1546, 4203)
(1546, 4204)
(1546, 4205)
(1546, 4206)
(1546, 4207)
(1546, 4208)
(1546, 4209)
(1546, 4210)
(1546, 4211)
(1547, 4212)
(1547, 4213)
(1548, 4214)
(1548, 4215)
(1547, 4216)
(1547, 4217)
(1547, 4218)
(1547, 4219)
(1547, 4220)
(1547, 4221)
(1547, 4222)
(1547, 4223)
(1547, 4224)
(1547, 4225)
(1547, 4226)
(1547, 4227)
(1547, 4228)
(1547, 4229)
(1547, 4230)
(1547, 4231)
(1546, 4232)
(1546, 4233)
(1546, 4234)
(1546, 4235)
(1546, 4236)
(1546, 4237)
(1546, 4238)
(1546, 4239)
(1546, 4240)
(1546, 4241)
(1545, 4242)
(1545, 4243)
(1545, 4244)
(1545, 4245)
(1545, 4246)
(1545, 4247)
(1544, 4248)
(1544, 4249)
(1544, 4250)
(1543, 4251)
(1543, 4252)
(1543, 4253)
(1543, 4254)
(1543, 4255)
(1543, 4256)
(1543, 4257)
(1543, 4258)
(1543, 4259)
(1543, 4260)
(1543, 4261)
(1543, 4262)
(1543, 4263)
(1543, 4264)
(1542, 4265)
(1542, 4266)
(1542, 4267)
(1542, 4268)
(1542, 4269)
(1542, 4270)
(1542, 4271)
(1542, 4272)
(1541, 4273)
(1541, 4274)
(1541, 4275)
(1541, 4276)
(1541, 4277)
(1541, 4278)
(1540, 4279)
(1540, 4280)
(1540, 4281)
(1540, 4282)
(1540, 4283)
(1540, 4284)
(1539, 4285)
(1539, 4286)
(1539, 4287)
(1539, 4288)
(1539, 4289)
(1538, 4290)
(1538, 4291)
(1538, 4292)
(1538, 4295)
(1538, 4296)
(1538, 4297)
(1538, 4298)
(1538, 4299)
(1538, 4300)
(1538, 4301)
(1538, 4302)
(1538, 4303)
(1539, 4304)
(1539, 4305)
(1539, 4306)
(1538, 4307)
(1538, 4308)
(1538, 4309)
(1538, 4310)
(1538, 4311)
(1538, 4312)
(1538, 4313)
(1537, 4314)
(1538, 4315)
(1538, 4316)
(1538, 4317)
(1538, 4318)
(1537, 4319)
(1537, 4320)
(1537, 4321)
(1537, 4322)
(1537, 4323)
(1537, 4324)
(1537, 4325)
(1537, 4326)
(1537, 4327)
(1537, 4328)
(1537, 4329)
(1537, 4330)
(1537, 4331)
(1537, 4332)
(1537, 4333)
(1536, 4334)
(1536, 4335)
(1536, 4336)
(1537, 4337)
(1537, 4338)
(1537, 4339)
(1537, 4340)
(1537, 4341)
(1537, 4342)
(1537, 4343)
(1537, 4344)
(1536, 4345)
(1536, 4346)
(1536, 4347)
(1536, 4348)
(1536, 4349)
(1536, 4350)
(1536, 4351)
(1536, 4352)
(1536, 4353)
(1535, 4354)
(1535, 4355)
(1535, 4356)
(1535, 4357)
(1535, 4358)
(1535, 4359)
(1535, 4360)
(1535, 4361)
(1535, 4362)
(1535, 4363)
(1535, 4364)
(1535, 4365)
(1534, 4366)
(1534, 4367)
(1534, 4368)
(1534, 4369)
(1534, 4370)
(1534, 4371)
(1534, 4372)
(1534, 4373)
(1534, 4374)
(1534, 4375)
(1534, 4376)
(1534, 4377)
(1535, 4378)
(1535, 4379)
(1535, 4380)
(1534, 4381)
(1534, 4382)
(1534, 4383)
(1534, 4384)
(1534, 4385)
(1534, 4386)
(1534, 4387)
(1534, 4388)
(1534, 4389)
(1534, 4390)
(1534, 4391)
(1534, 4392)
(1534, 4393)
(1534, 4394)
(1534, 4395)
(1534, 4396)
(1534, 4397)
(1534, 4398)
(1534, 4399)
(1534, 4400)
(1534, 4401)
(1534, 4402)
(1535, 4403)
(1535, 4404)
(1535, 4405)
(1535, 4406)
(1536, 4407)
(1536, 4408)
(1536, 4409)
(1536, 4410)
(1537, 4411)
(1537, 4412)
(1537, 4413)
(1537, 4414)
(1537, 4415)
(1537, 4416)
(1537, 4417)
(1537, 4418)
(1537, 4419)
(1538, 4420)
(1538, 4421)
(1538, 4422)
(1538, 4423)
(1538, 4424)
(1539, 4425)
(1539, 4426)
(1539, 4427)
(1539, 4428)
(1539, 4429)
(1539, 4430)
(1540, 4431)
(1540, 4432)
(1539, 4433)
(1540, 4434)
(1540, 4435)
(1540, 4436)
(1540, 4437)
(1540, 4438)
(1541, 4439)
(1541, 4440)
(1541, 4441)
(1541, 4442)
(1541, 4443)
(1541, 4444)
(1541, 4445)
(1541, 4446)
(1542, 4447)
(1542, 4448)
(1542, 4449)
(1542, 4450)
(1542, 4451)
(1542, 4452)
(1542, 4453)
(1542, 4454)
(1542, 4455)
(1543, 4456)
(1543, 4457)
(1543, 4458)
(1542, 4459)
(1542, 4460)
(1542, 4461)
(1542, 4462)
(1542, 4463)
(1542, 4464)
(1542, 4465)
(1542, 4466)
(1542, 4467)
(1542, 4468)
(1542, 4469)
(1542, 4470)
(1541, 4471)
(1541, 4472)
(1541, 4473)
(1541, 4474)
(1541, 4475)
(1541, 4476)
(1540, 4477)
(1540, 4480)
(1540, 4481)
(1540, 4482)
(1540, 4483)
(1540, 4484)
(1540, 4485)
(1540, 4486)
(1540, 4487)
(1540, 4488)
(1540, 4489)
(1540, 4490)
(1540, 4491)
(1540, 4492)
(1540, 4493)
(1540, 4494)
(1540, 4495)
(1540, 4496)
(1540, 4497)
(1540, 4498)
(1540, 4499)
(1540, 4500)
(1540, 4501)
(1540, 4502)
(1541, 4503)
(1541, 4504)
(1541, 4505)
(1541, 4506)
(1541, 4507)
(1541, 4508)
(1541, 4509)
(1541, 4510)
(1541, 4511)
(1541, 4512)
(1541, 4513)
(1541, 4514)
(1541, 4515)
(1541, 4516)
(1541, 4517)
(1541, 4518)
(1541, 4519)
(1541, 4520)
(1541, 4521)
(1541, 4522)
(1541, 4523)
(1541, 4524)
(1541, 4525)
(1541, 4526)
(1541, 4527)
(1541, 4528)
(1541, 4529)
(1541, 4530)
(1541, 4531)
(1541, 4532)
(1541, 4533)
(1541, 4534)
(1541, 4535)
(1540, 4536)
(1541, 4537)
(1541, 4542)
(1540, 4543)
(1540, 4544)
(1539, 4545)
(1538, 4546)
(1538, 4547)
(1538, 4548)
(1538, 4549)
(1538, 4550)
(1538, 4551)
(1538, 4552)
(1538, 4553)
(1538, 4554)
(1538, 4555)
(1537, 4556)
(1537, 4557)
(1537, 4558)
(1537, 4559)
(1537, 4560)
(1536, 4561)
(1536, 4562)
(1536, 4563)
(1536, 4564)
(1536, 4565)
(1536, 4566)
(1535, 4567)
(1534, 4568)
(1534, 4569)
(1534, 4570)
(1533, 4571)
(1533, 4572)
(1532, 4573)
(1531, 4574)
(1531, 4575)
(1530, 4576)
(1530, 4577)
(1529, 4578)
(1529, 4579)
(1529, 4580)
(1528, 4581)
(1528, 4582)
(1528, 4583)
(1527, 4584)
(1527, 4585)
(1527, 4586)
(1526, 4587)
(1526, 4588)
(1526, 4589)
(1526, 4590)
(1526, 4591)
(1526, 4592)
(1526, 4593)
(1526, 4594)
(1526, 4595)
(1526, 4596)
(1525, 4597)
(1525, 4598)
(1525, 4599)
(1525, 4600)
(1525, 4601)
(1525, 4602)
(1525, 4603)
(1525, 4604)
(1525, 4605)
(1525, 4606)
(1525, 4607)
(1524, 4608)
(1524, 4609)
(1524, 4610)
(1523, 4611)
(1523, 4612)
(1523, 4613)
(1523, 4614)
(1522, 4615)
(1522, 4616)
(1522, 4617)
(1522, 4618)
(1522, 4619)
(1522, 4620)
(1522, 4621)
(1522, 4622)
(1522, 4623)
(1522, 4624)
(1522, 4625)
(1522, 4626)
(1521, 4627)
(1521, 4628)
(1521, 4629)
(1521, 4630)
(1521, 4631)
(1521, 4632)
(1521, 4633)
(1521, 4634)
(1520, 4635)
(1521, 4636)
(1521, 4637)
(1521, 4638)
(1521, 4639)
(1521, 4640)
(1522, 4641)
(1522, 4642)
(1522, 4643)
(1522, 4644)
(1522, 4645)
(1522, 4646)
(1522, 4647)
(1522, 4648)
(1522, 4649)
(1522, 4650)
(1522, 4651)
(1522, 4652)
(1522, 4653)
(1522, 4654)
(1522, 4655)
