Tam.: (1820, 4760)
(476, 275)
(477, 276)
(477, 277)
(479, 278)
(480, 279)
(482, 280)
(483, 281)
(483, 282)
(484, 283)
(484, 284)
(485, 285)
(485, 286)
(486, 287)
(486, 288)
(485, 289)
(485, 290)
(485, 291)
(485, 292)
(485, 293)
(485, 294)
(484, 295)
(484, 296)
(485, 297)
(485, 298)
(484, 299)
(483, 300)
(483, 301)
(482, 302)
(481, 303)
(481, 304)
(481, 305)
(481, 306)
(481, 307)
(481, 308)
(481, 309)
(482, 310)
(482, 311)
(482, 312)
(481, 313)
(481, 314)
(482, 315)
(482, 316)
(482, 317)
(482, 318)
(483, 319)
(483, 320)
(483, 321)
(483, 322)
(483, 323)
(483, 324)
(483, 325)
(482, 326)
(482, 327)
(481, 328)
(481, 329)
(480, 330)
(480, 331)
(479, 332)
(479, 333)
(478, 334)
(477, 335)
(476, 336)
(475, 337)
(475, 338)
(475, 339)
(475, 340)
(474, 341)
(474, 342)
(474, 343)
(473, 344)
(472, 345)
(471, 346)
(470, 347)
(469, 348)
(469, 349)
(468, 350)
(467, 351)
(467, 352)
(467, 353)
(467, 354)
(467, 355)
(467, 356)
(467, 357)
(467, 358)
(467, 359)
(466, 360)
(466, 361)
(466, 362)
(465, 363)
(465, 364)
(465, 365)
(465, 366)
(466, 367)
(466, 368)
(467, 369)
(467, 370)
(468, 371)
(469, 372)
(470, 373)
(470, 374)
(471, 375)
(471, 376)
(471, 377)
(471, 378)
(471, 379)
(471, 380)
(471, 381)
(471, 382)
(472, 383)
(473, 384)
(473, 385)
(474, 386)
(474, 387)
(474, 388)
(474, 389)
(473, 390)
(473, 391)
(473, 392)
(472, 393)
(472, 394)
(472, 395)
(472, 396)
(472, 397)
(472, 398)
(473, 399)
(473, 400)
(473, 401)
(472, 402)
(472, 403)
(472, 404)
(471, 405)
(470, 406)
(470, 407)
(469, 408)
(468, 409)
(468, 410)
(467, 411)
(467, 412)
(467, 413)
(467, 414)
(467, 415)
(467, 416)
(466, 417)
(465, 418)
(465, 419)
(465, 420)
(465, 421)
(465, 422)
(466, 423)
(467, 424)
(470, 425)
(471, 426)
(473, 427)
(475, 428)
(476, 429)
(476, 430)
(476, 431)
(476, 432)
(476, 433)
(477, 434)
(477, 435)
(478, 436)
(479, 437)
(479, 438)
(478, 439)
(477, 440)
(477, 441)
(476, 442)
(475, 443)
(474, 444)
(467, 447)
(467, 448)
(466, 449)
(466, 450)
(465, 451)
(465, 452)
(465, 453)
(464, 454)
(463, 455)
(462, 456)
(462, 457)
(461, 458)
(460, 459)
(459, 460)
(459, 461)
(458, 462)
(458, 463)
(458, 464)
(457, 465)
(457, 466)
(456, 467)
(456, 468)
(456, 469)
(455, 470)
(455, 471)
(454, 472)
(453, 473)
(452, 474)
(451, 475)
(450, 476)
(449, 477)
(448, 478)
(447, 479)
(446, 480)
(446, 481)
(445, 482)
(444, 483)
(444, 484)
(444, 485)
(443, 486)
(443, 487)
(443, 488)
(443, 489)
(443, 490)
(442, 491)
(442, 492)
(442, 493)
(441, 494)
(440, 495)
(440, 496)
(439, 497)
(438, 498)
(437, 499)
(436, 500)
(435, 501)
(434, 502)
(434, 503)
(433, 504)
(432, 505)
(432, 506)
(431, 507)
(431, 508)
(430, 509)
(429, 510)
(429, 511)
(428, 512)
(428, 513)
(427, 514)
(427, 515)
(426, 516)
(426, 517)
(426, 518)
(425, 519)
(425, 520)
(424, 521)
(424, 522)
(423, 523)
(422, 524)
(422, 525)
(421, 526)
(421, 527)
(421, 528)
(420, 529)
(419, 530)
(419, 531)
(418, 532)
(417, 533)
(417, 534)
(416, 535)
(416, 536)
(416, 537)
(416, 538)
(416, 539)
(416, 540)
(415, 541)
(415, 542)
(415, 543)
(414, 544)
(414, 545)
(414, 546)
(413, 547)
(413, 548)
(413, 549)
(413, 550)
(413, 551)
(412, 552)
(411, 553)
(411, 554)
(410, 555)
(410, 556)
(409, 557)
(408, 558)
(408, 559)
(407, 560)
(407, 561)
(407, 562)
(406, 563)
(406, 564)
(405, 565)
(405, 566)
(405, 567)
(404, 568)
(404, 569)
(404, 570)
(403, 571)
(403, 572)
(402, 573)
(401, 574)
(401, 575)
(400, 576)
(400, 577)
(399, 578)
(398, 579)
(398, 580)
(397, 581)
(397, 582)
(396, 583)
(395, 584)
(394, 585)
(394, 586)
(393, 587)
(393, 588)
(392, 589)
(392, 590)
(392, 591)
(391, 592)
(391, 593)
(391, 594)
(391, 595)
(390, 596)
(390, 597)
(390, 598)
(390, 599)
(390, 600)
(390, 601)
(390, 602)
(390, 603)
(389, 604)
(389, 605)
(389, 606)
(388, 607)
(388, 608)
(388, 609)
(387, 610)
(387, 611)
(387, 612)
(387, 613)
(386, 614)
(386, 615)
(386, 616)
(385, 617)
(385, 618)
(385, 619)
(384, 620)
(384, 621)
(384, 622)
(383, 623)
(384, 624)
(383, 625)
(386, 626)
(386, 627)
(384, 628)
(384, 629)
(384, 630)
(384, 631)
(383, 632)
(383, 633)
(383, 634)
(382, 635)
(382, 636)
(381, 637)
(381, 638)
(380, 639)
(380, 640)
(379, 641)
(379, 642)
(379, 643)
(378, 644)
(378, 645)
(378, 646)
(378, 647)
(378, 648)
(378, 649)
(378, 650)
(378, 651)
(377, 652)
(377, 653)
(376, 654)
(375, 655)
(375, 656)
(375, 657)
(374, 658)
(374, 659)
(374, 660)
(373, 661)
(373, 662)
(373, 663)
(373, 664)
(373, 665)
(373, 666)
(373, 667)
(374, 668)
(374, 669)
(374, 670)
(375, 671)
(376, 672)
(376, 673)
(376, 674)
(377, 675)
(377, 676)
(378, 677)
(378, 678)
(379, 679)
(380, 680)
(382, 681)
(383, 682)
(384, 683)
(385, 684)
(387, 685)
(387, 686)
(388, 687)
(388, 688)
(389, 689)
(390, 690)
(390, 691)
(391, 692)
(392, 693)
(392, 694)
(392, 695)
(392, 696)
(391, 697)
(391, 698)
(390, 699)
(390, 700)
(390, 701)
(390, 702)
(390, 703)
(390, 704)
(390, 705)
(390, 706)
(390, 707)
(390, 708)
(391, 709)
(390, 710)
(390, 711)
(390, 712)
(390, 713)
(390, 714)
(390, 715)
(390, 716)
(390, 717)
(390, 718)
(390, 719)
(389, 720)
(389, 721)
(389, 722)
(389, 723)
(388, 724)
(388, 725)
(388, 726)
(388, 727)
(388, 728)
(388, 729)
(389, 730)
(389, 731)
(389, 732)
(390, 733)
(390, 734)
(391, 735)
(391, 736)
(392, 737)
(393, 738)
(393, 739)
(393, 740)
(393, 741)
(392, 742)
(392, 743)
(393, 744)
(394, 745)
(394, 746)
(395, 747)
(395, 748)
(396, 749)
(396, 750)
(396, 751)
(397, 752)
(397, 753)
(397, 754)
(397, 755)
(397, 756)
(396, 757)
(396, 758)
(396, 759)
(396, 760)
(396, 761)
(396, 762)
(396, 763)
(396, 764)
(396, 765)
(396, 766)
(395, 767)
(395, 768)
(395, 769)
(396, 770)
(396, 771)
(396, 772)
(397, 773)
(397, 774)
(398, 775)
(398, 776)
(398, 777)
(398, 778)
(399, 779)
(399, 780)
(400, 781)
(401, 782)
(402, 783)
(403, 784)
(404, 785)
(405, 786)
(406, 787)
(407, 788)
(408, 789)
(409, 790)
(409, 791)
(409, 792)
(409, 793)
(409, 794)
(409, 795)
(409, 796)
(409, 797)
(409, 798)
(409, 799)
(409, 800)
(409, 801)
(409, 802)
(409, 803)
(409, 804)
(409, 805)
(409, 806)
(410, 807)
(409, 808)
(409, 811)
(409, 812)
(409, 813)
(409, 814)
(408, 815)
(408, 816)
(408, 817)
(408, 818)
(409, 819)
(409, 820)
(410, 821)
(411, 822)
(412, 823)
(412, 824)
(413, 825)
(413, 826)
(413, 827)
(413, 828)
(413, 829)
(413, 830)
(413, 831)
(413, 832)
(413, 833)
(413, 834)
(413, 835)
(414, 836)
(414, 837)
(414, 838)
(414, 839)
(415, 840)
(414, 841)
(414, 842)
(414, 843)
(414, 844)
(415, 845)
(415, 846)
(415, 847)
(415, 848)
(415, 849)
(414, 850)
(414, 851)
(414, 852)
(414, 853)
(413, 854)
(413, 855)
(413, 856)
(412, 857)
(412, 858)
(412, 859)
(412, 860)
(412, 861)
(412, 862)
(411, 863)
(411, 864)
(411, 865)
(411, 866)
(411, 867)
(411, 868)
(411, 869)
(412, 870)
(412, 871)
(412, 872)
(412, 873)
(412, 874)
(412, 875)
(412, 876)
(412, 877)
(412, 878)
(412, 879)
(412, 880)
(412, 881)
(412, 882)
(412, 883)
(412, 884)
(412, 885)
(412, 886)
(412, 887)
(412, 888)
(413, 889)
(414, 890)
(414, 891)
(415, 892)
(415, 893)
(416, 894)
(417, 895)
(418, 896)
(418, 897)
(418, 898)
(418, 899)
(419, 900)
(419, 901)
(419, 902)
(419, 903)
(419, 904)
(419, 905)
(420, 906)
(420, 907)
(419, 908)
(419, 909)
(419, 910)
(418, 911)
(418, 912)
(418, 913)
(417, 914)
(417, 915)
(417, 916)
(417, 917)
(417, 918)
(417, 919)
(417, 920)
(417, 921)
(417, 922)
(416, 923)
(416, 924)
(416, 925)
(416, 926)
(415, 927)
(415, 928)
(415, 929)
(414, 930)
(414, 931)
(413, 932)
(413, 933)
(414, 934)
(414, 935)
(414, 936)
(414, 937)
(415, 938)
(415, 939)
(415, 940)
(414, 941)
(414, 942)
(414, 943)
(414, 944)
(414, 945)
(414, 946)
(414, 947)
(414, 948)
(415, 949)
(415, 950)
(415, 951)
(415, 952)
(415, 953)
(415, 954)
(414, 955)
(414, 956)
(413, 957)
(413, 958)
(413, 959)
(413, 960)
(413, 961)
(414, 962)
(414, 963)
(415, 964)
(415, 965)
(415, 966)
(416, 967)
(417, 968)
(417, 969)
(417, 970)
(417, 971)
(417, 972)
(419, 973)
(420, 974)
(420, 975)
(420, 976)
(421, 977)
(421, 978)
(421, 979)
(422, 980)
(421, 981)
(421, 982)
(421, 983)
(420, 984)
(420, 985)
(420, 986)
(419, 987)
(419, 988)
(419, 989)
(419, 990)
(418, 991)
(419, 992)
(419, 993)
(420, 994)
(421, 995)
(421, 996)
(422, 997)
(422, 998)
(422, 999)
(423, 1000)
(423, 1001)
(424, 1002)
(424, 1003)
(424, 1004)
(425, 1005)
(425, 1006)
(426, 1007)
(426, 1008)
(426, 1009)
(425, 1010)
(425, 1011)
(424, 1012)
(424, 1013)
(424, 1014)
(424, 1015)
(425, 1016)
(425, 1017)
(425, 1018)
(424, 1019)
(424, 1020)
(424, 1021)
(424, 1022)
(424, 1023)
(424, 1024)
(423, 1025)
(423, 1026)
(423, 1027)
(423, 1028)
(423, 1029)
(423, 1030)
(423, 1031)
(424, 1032)
(424, 1033)
(424, 1034)
(424, 1035)
(424, 1036)
(424, 1037)
(424, 1038)
(425, 1039)
(425, 1040)
(426, 1041)
(426, 1042)
(426, 1043)
(426, 1044)
(426, 1045)
(425, 1046)
(425, 1047)
(425, 1048)
(424, 1049)
(424, 1050)
(424, 1051)
(424, 1052)
(424, 1053)
(424, 1054)
(424, 1055)
(425, 1056)
(425, 1057)
(425, 1058)
(425, 1059)
(426, 1060)
(427, 1061)
(427, 1062)
(428, 1063)
(428, 1064)
(428, 1065)
(428, 1066)
(429, 1067)
(429, 1068)
(429, 1069)
(430, 1070)
(430, 1071)
(430, 1072)
(430, 1073)
(430, 1074)
(430, 1075)
(430, 1076)
(431, 1077)
(431, 1078)
(432, 1079)
(432, 1080)
(433, 1081)
(433, 1082)
(433, 1083)
(433, 1084)
(434, 1085)
(435, 1086)
(435, 1087)
(436, 1088)
(436, 1089)
(436, 1090)
(437, 1091)
(437, 1092)
(437, 1093)
(438, 1094)
(438, 1095)
(438, 1096)
(438, 1097)
(438, 1098)
(439, 1099)
(439, 1100)
(439, 1101)
(439, 1102)
(439, 1103)
(439, 1104)
(439, 1105)
(439, 1106)
(439, 1107)
(439, 1108)
(438, 1109)
(438, 1110)
(439, 1111)
(439, 1112)
(439, 1113)
(440, 1114)
(441, 1115)
(441, 1116)
(442, 1117)
(443, 1118)
(443, 1119)
(443, 1120)
(443, 1121)
(442, 1122)
(442, 1123)
(441, 1124)
(440, 1125)
(440, 1126)
(441, 1127)
(441, 1128)
(442, 1129)
(442, 1130)
(442, 1131)
(441, 1132)
(440, 1133)
(439, 1134)
(439, 1135)
(440, 1136)
(440, 1137)
(441, 1138)
(442, 1139)
(443, 1140)
(444, 1141)
(444, 1142)
(444, 1143)
(443, 1144)
(443, 1145)
(443, 1146)
(444, 1147)
(444, 1148)
(444, 1149)
(445, 1150)
(445, 1151)
(446, 1152)
(446, 1153)
(446, 1154)
(446, 1155)
(446, 1156)
(446, 1157)
(447, 1158)
(447, 1159)
(448, 1160)
(449, 1161)
(450, 1162)
(450, 1163)
(451, 1164)
(452, 1165)
(452, 1166)
(453, 1167)
(454, 1168)
(454, 1169)
(455, 1170)
(456, 1171)
(456, 1172)
(457, 1173)
(457, 1174)
(458, 1175)
(458, 1176)
(459, 1177)
(463, 1179)
(463, 1180)
(464, 1181)
(464, 1182)
(465, 1183)
(466, 1184)
(467, 1185)
(467, 1186)
(468, 1187)
(468, 1188)
(468, 1189)
(468, 1190)
(468, 1191)
(467, 1192)
(466, 1193)
(466, 1194)
(465, 1195)
(465, 1196)
(465, 1197)
(465, 1198)
(465, 1199)
(465, 1200)
(466, 1201)
(467, 1202)
(467, 1203)
(467, 1204)
(467, 1205)
(468, 1206)
(468, 1207)
(469, 1208)
(469, 1209)
(470, 1210)
(471, 1211)
(471, 1212)
(471, 1213)
(472, 1214)
(471, 1215)
(471, 1216)
(471, 1217)
(472, 1218)
(473, 1219)
(474, 1220)
(474, 1221)
(474, 1222)
(475, 1223)
(475, 1224)
(475, 1225)
(475, 1226)
(475, 1227)
(475, 1228)
(475, 1229)
(475, 1230)
(475, 1231)
(475, 1232)
(475, 1233)
(476, 1234)
(477, 1235)
(477, 1236)
(477, 1237)
(478, 1238)
(479, 1239)
(479, 1240)
(480, 1241)
(480, 1242)
(479, 1243)
(478, 1244)
(477, 1245)
(477, 1246)
(476, 1247)
(474, 1248)
(472, 1249)
(471, 1250)
(470, 1251)
(469, 1252)
(468, 1253)
(468, 1254)
(468, 1255)
(468, 1256)
(469, 1257)
(470, 1258)
(472, 1259)
(474, 1260)
(474, 1261)
(476, 1262)
(476, 1263)
(476, 1264)
(476, 1265)
(476, 1266)
(476, 1267)
(476, 1268)
(476, 1269)
(475, 1270)
(475, 1271)
(475, 1272)
(475, 1273)
(475, 1274)
(475, 1275)
(475, 1276)
(475, 1277)
(475, 1278)
(475, 1279)
(476, 1280)
(476, 1281)
(476, 1282)
(476, 1283)
(477, 1284)
(477, 1285)
(477, 1286)
(478, 1287)
(479, 1288)
(479, 1289)
(480, 1290)
(480, 1291)
(480, 1292)
(479, 1293)
(479, 1294)
(478, 1295)
(478, 1296)
(479, 1297)
(480, 1298)
(482, 1299)
(484, 1300)
(486, 1301)
(487, 1302)
(488, 1303)
(488, 1304)
(488, 1305)
(488, 1306)
(488, 1307)
(487, 1308)
(487, 1309)
(487, 1310)
(486, 1311)
(486, 1312)
(486, 1313)
(485, 1314)
(485, 1315)
(485, 1316)
(484, 1317)
(484, 1318)
(483, 1319)
(483, 1320)
(483, 1321)
(483, 1322)
(484, 1323)
(484, 1324)
(485, 1325)
(486, 1326)
(487, 1327)
(488, 1328)
(489, 1329)
(490, 1330)
(490, 1331)
(491, 1332)
(491, 1333)
(490, 1334)
(490, 1335)
(489, 1336)
(488, 1337)
(487, 1338)
(484, 1339)
(483, 1340)
(482, 1341)
(481, 1342)
(481, 1343)
(483, 1344)
(485, 1345)
(486, 1346)
(488, 1347)
(490, 1348)
(491, 1349)
(491, 1350)
(490, 1351)
(490, 1352)
(490, 1353)
(490, 1354)
(490, 1355)
(491, 1356)
(492, 1357)
(493, 1358)
(494, 1359)
(494, 1360)
(495, 1361)
(496, 1362)
(496, 1363)
(497, 1364)
(497, 1365)
(497, 1366)
(498, 1367)
(498, 1368)
(498, 1369)
(499, 1370)
(499, 1371)
(500, 1372)
(501, 1373)
(501, 1374)
(503, 1375)
(504, 1376)
(504, 1377)
(508, 1378)
(509, 1379)
(510, 1380)
(511, 1381)
(512, 1382)
(513, 1383)
(514, 1384)
(515, 1385)
(516, 1386)
(517, 1387)
(517, 1388)
(519, 1389)
(519, 1390)
(521, 1391)
(522, 1392)
(523, 1393)
(523, 1394)
(524, 1395)
(525, 1396)
(526, 1397)
(527, 1398)
(528, 1399)
(528, 1400)
(528, 1401)
(529, 1402)
(529, 1403)
(529, 1404)
(529, 1405)
(529, 1406)
(529, 1407)
(529, 1408)
(530, 1409)
(530, 1410)
(530, 1411)
(530, 1412)
(530, 1413)
(531, 1414)
(530, 1415)
(530, 1416)
(529, 1417)
(528, 1418)
(527, 1419)
(526, 1420)
(526, 1421)
(526, 1422)
(526, 1423)
(526, 1424)
(526, 1425)
(527, 1426)
(527, 1427)
(527, 1428)
(527, 1429)
(527, 1430)
(526, 1431)
(526, 1432)
(526, 1433)
(527, 1434)
(527, 1435)
(527, 1436)
(528, 1437)
(528, 1438)
(529, 1439)
(529, 1440)
(529, 1441)
(530, 1442)
(531, 1443)
(532, 1444)
(532, 1445)
(532, 1446)
(533, 1447)
(533, 1448)
(533, 1449)
(533, 1450)
(533, 1451)
(533, 1452)
(534, 1453)
(534, 1454)
(534, 1455)
(534, 1456)
(534, 1457)
(534, 1458)
(533, 1459)
(533, 1460)
(534, 1461)
(535, 1462)
(536, 1463)
(537, 1464)
(540, 1465)
(542, 1466)
(544, 1467)
(546, 1468)
(547, 1469)
(546, 1470)
(545, 1471)
(545, 1472)
(545, 1473)
(545, 1474)
(546, 1475)
(547, 1476)
(548, 1477)
(550, 1478)
(551, 1479)
(552, 1480)
(553, 1481)
(553, 1482)
(554, 1483)
(555, 1484)
(556, 1485)
(557, 1486)
(558, 1487)
(559, 1488)
(559, 1489)
(560, 1490)
(561, 1491)
(562, 1492)
(562, 1493)
(563, 1494)
(564, 1495)
(564, 1496)
(566, 1497)
(566, 1498)
(567, 1499)
(568, 1500)
(568, 1501)
(569, 1502)
(570, 1503)
(570, 1504)
(571, 1505)
(571, 1506)
(572, 1507)
(573, 1508)
(573, 1509)
(574, 1510)
(574, 1511)
(575, 1512)
(575, 1513)
(575, 1514)
(575, 1515)
(574, 1516)
(574, 1517)
(574, 1518)
(573, 1519)
(573, 1520)
(573, 1521)
(572, 1522)
(572, 1523)
(572, 1524)
(571, 1525)
(570, 1526)
(570, 1527)
(569, 1528)
(569, 1529)
(568, 1530)
(567, 1531)
(567, 1532)
(567, 1533)
(566, 1534)
(566, 1535)
(565, 1536)
(564, 1537)
(564, 1538)
(563, 1539)
(563, 1540)
(563, 1541)
(563, 1542)
(563, 1543)
(563, 1544)
(559, 1546)
(557, 1547)
(557, 1548)
(557, 1549)
(557, 1550)
(556, 1551)
(556, 1552)
(556, 1553)
(556, 1554)
(556, 1555)
(556, 1556)
(556, 1557)
(555, 1558)
(555, 1559)
(555, 1560)
(554, 1561)
(554, 1562)
(553, 1563)
(553, 1564)
(553, 1565)
(552, 1566)
(552, 1567)
(552, 1568)
(552, 1569)
(552, 1570)
(552, 1571)
(553, 1572)
(553, 1573)
(553, 1574)
(554, 1575)
(554, 1576)
(554, 1577)
(554, 1578)
(554, 1579)
(554, 1580)
(553, 1581)
(553, 1582)
(553, 1583)
(553, 1584)
(553, 1585)
(553, 1586)
(554, 1587)
(554, 1588)
(554, 1589)
(555, 1590)
(555, 1591)
(555, 1592)
(555, 1593)
(555, 1594)
(555, 1595)
(555, 1596)
(556, 1597)
(556, 1598)
(557, 1599)
(557, 1600)
(557, 1601)
(558, 1602)
(558, 1603)
(559, 1604)
(559, 1605)
(560, 1606)
(561, 1607)
(562, 1608)
(563, 1609)
(563, 1610)
(563, 1611)
(564, 1612)
(564, 1613)
(564, 1614)
(565, 1615)
(565, 1616)
(565, 1617)
(565, 1618)
(566, 1619)
(566, 1620)
(566, 1621)
(566, 1622)
(567, 1623)
(567, 1624)
(567, 1625)
(568, 1626)
(569, 1627)
(570, 1628)
(570, 1629)
(571, 1630)
(572, 1631)
(572, 1632)
(572, 1633)
(573, 1634)
(574, 1635)
(574, 1636)
(575, 1637)
(576, 1638)
(576, 1639)
(576, 1640)
(577, 1641)
(577, 1642)
(578, 1643)
(579, 1644)
(579, 1645)
(580, 1646)
(581, 1647)
(582, 1648)
(583, 1649)
(584, 1650)
(585, 1651)
(585, 1652)
(585, 1653)
(586, 1654)
(586, 1655)
(586, 1656)
(587, 1657)
(588, 1658)
(588, 1659)
(589, 1660)
(589, 1661)
(589, 1662)
(590, 1663)
(590, 1664)
(590, 1665)
(591, 1666)
(591, 1667)
(591, 1668)
(591, 1669)
(592, 1670)
(592, 1671)
(593, 1672)
(593, 1673)
(593, 1674)
(593, 1675)
(594, 1676)
(594, 1677)
(594, 1678)
(595, 1679)
(595, 1680)
(596, 1681)
(596, 1682)
(597, 1683)
(597, 1684)
(598, 1685)
(599, 1686)
(599, 1687)
(600, 1688)
(600, 1689)
(600, 1690)
(600, 1691)
(600, 1692)
(599, 1693)
(599, 1694)
(598, 1695)
(598, 1696)
(597, 1697)
(597, 1698)
(597, 1699)
(598, 1700)
(599, 1701)
(599, 1702)
(599, 1703)
(599, 1704)
(599, 1705)
(600, 1706)
(600, 1707)
(600, 1708)
(601, 1709)
(601, 1710)
(601, 1711)
(601, 1712)
(601, 1713)
(602, 1714)
(602, 1715)
(602, 1716)
(602, 1717)
(602, 1718)
(602, 1719)
(602, 1720)
(602, 1721)
(602, 1722)
(603, 1723)
(603, 1724)
(603, 1725)
(603, 1726)
(603, 1727)
(603, 1728)
(603, 1729)
(603, 1730)
(602, 1731)
(602, 1732)
(602, 1733)
(603, 1734)
(603, 1735)
(603, 1736)
(603, 1737)
(602, 1738)
(602, 1739)
(602, 1740)
(601, 1741)
(601, 1742)
(601, 1743)
(601, 1744)
(601, 1745)
(601, 1746)
(601, 1747)
(601, 1748)
(601, 1749)
(601, 1750)
(601, 1751)
(601, 1752)
(600, 1753)
(600, 1754)
(601, 1755)
(601, 1756)
(602, 1757)
(602, 1758)
(603, 1759)
(603, 1760)
(604, 1761)
(604, 1762)
(604, 1763)
(604, 1764)
(605, 1765)
(605, 1766)
(606, 1767)
(606, 1768)
(607, 1769)
(607, 1770)
(608, 1771)
(608, 1772)
(609, 1773)
(610, 1774)
(611, 1775)
(611, 1776)
(612, 1777)
(613, 1778)
(613, 1779)
(614, 1780)
(614, 1781)
(615, 1782)
(615, 1783)
(617, 1784)
(618, 1785)
(619, 1786)
(620, 1787)
(621, 1788)
(622, 1789)
(623, 1790)
(624, 1791)
(625, 1792)
(626, 1793)
(627, 1794)
(629, 1795)
(630, 1796)
(631, 1797)
(631, 1798)
(632, 1799)
(633, 1800)
(634, 1801)
(635, 1802)
(635, 1803)
(637, 1804)
(638, 1805)
(639, 1806)
(640, 1807)
(640, 1808)
(641, 1809)
(641, 1810)
(642, 1811)
(642, 1812)
(642, 1813)
(643, 1814)
(644, 1815)
(644, 1816)
(645, 1817)
(645, 1818)
(645, 1819)
(645, 1820)
(646, 1821)
(646, 1822)
(646, 1823)
(646, 1824)
(647, 1825)
(647, 1826)
(647, 1827)
(647, 1828)
(647, 1829)
(647, 1830)
(647, 1831)
(647, 1832)
(647, 1833)
(647, 1834)
(647, 1835)
(647, 1836)
(646, 1837)
(646, 1838)
(646, 1839)
(646, 1840)
(645, 1841)
(645, 1842)
(644, 1843)
(644, 1844)
(643, 1845)
(642, 1846)
(641, 1847)
(641, 1848)
(640, 1849)
(640, 1850)
(639, 1851)
(638, 1852)
(637, 1853)
(636, 1854)
(635, 1855)
(634, 1856)
(633, 1857)
(632, 1858)
(631, 1859)
(631, 1860)
(629, 1861)
(628, 1862)
(627, 1863)
(625, 1864)
(624, 1865)
(623, 1866)
(622, 1867)
(621, 1868)
(620, 1869)
(620, 1870)
(619, 1871)
(618, 1872)
(617, 1873)
(616, 1874)
(615, 1875)
(613, 1876)
(613, 1877)
(612, 1878)
(611, 1879)
(610, 1880)
(610, 1881)
(609, 1882)
(608, 1883)
(608, 1884)
(607, 1885)
(606, 1886)
(606, 1887)
(606, 1888)
(605, 1889)
(605, 1890)
(604, 1891)
(604, 1892)
(603, 1893)
(603, 1894)
(602, 1895)
(601, 1896)
(601, 1897)
(601, 1898)
(600, 1899)
(600, 1900)
(600, 1901)
(599, 1902)
(599, 1903)
(598, 1904)
(598, 1905)
(597, 1906)
(597, 1907)
(596, 1908)
(596, 1909)
(595, 1910)
(594, 1912)
(593, 1913)
(593, 1914)
(592, 1915)
(592, 1916)
(592, 1917)
(592, 1918)
(592, 1919)
(591, 1920)
(591, 1921)
(591, 1922)
(591, 1923)
(590, 1924)
(590, 1925)
(590, 1926)
(590, 1927)
(590, 1928)
(590, 1929)
(590, 1930)
(590, 1931)
(589, 1932)
(589, 1933)
(589, 1934)
(590, 1935)
(590, 1936)
(590, 1937)
(590, 1938)
(590, 1939)
(590, 1940)
(590, 1941)
(590, 1942)
(590, 1943)
(590, 1944)
(590, 1945)
(590, 1946)
(589, 1947)
(589, 1948)
(589, 1949)
(589, 1950)
(589, 1951)
(589, 1952)
(589, 1953)
(589, 1954)
(589, 1955)
(589, 1956)
(589, 1957)
(589, 1958)
(589, 1959)
(589, 1960)
(588, 1961)
(588, 1962)
(588, 1963)
(588, 1964)
(588, 1965)
(588, 1966)
(587, 1967)
(587, 1968)
(587, 1969)
(586, 1970)
(586, 1971)
(586, 1972)
(585, 1973)
(585, 1974)
(585, 1975)
(585, 1976)
(585, 1977)
(584, 1978)
(584, 1979)
(584, 1980)
(583, 1981)
(583, 1982)
(583, 1983)
(583, 1984)
(583, 1985)
(583, 1986)
(582, 1987)
(582, 1988)
(582, 1989)
(582, 1990)
(582, 1991)
(582, 1992)
(581, 1993)
(581, 1994)
(581, 1995)
(581, 1996)
(581, 1997)
(580, 1998)
(580, 1999)
(580, 2000)
(580, 2001)
(580, 2002)
(580, 2003)
(580, 2004)
(580, 2005)
(580, 2006)
(580, 2007)
(580, 2008)
(580, 2009)
(580, 2010)
(580, 2011)
(580, 2012)
(579, 2013)
(579, 2014)
(579, 2015)
(579, 2016)
(578, 2017)
(578, 2018)
(578, 2019)
(578, 2020)
(578, 2021)
(578, 2022)
(577, 2023)
(577, 2024)
(577, 2025)
(577, 2026)
(577, 2027)
(577, 2028)
(576, 2029)
(576, 2030)
(576, 2031)
(576, 2032)
(576, 2033)
(576, 2034)
(576, 2035)
(577, 2036)
(577, 2037)
(577, 2038)
(577, 2039)
(577, 2040)
(577, 2041)
(577, 2042)
(577, 2043)
(578, 2044)
(578, 2045)
(578, 2046)
(578, 2047)
(578, 2048)
(578, 2049)
(578, 2050)
(579, 2051)
(579, 2052)
(579, 2053)
(579, 2054)
(579, 2055)
(579, 2056)
(580, 2057)
(580, 2058)
(580, 2059)
(580, 2060)
(580, 2061)
(581, 2062)
(581, 2063)
(581, 2064)
(582, 2065)
(581, 2066)
(582, 2067)
(582, 2068)
(582, 2069)
(583, 2070)
(583, 2071)
(583, 2072)
(583, 2073)
(583, 2074)
(583, 2075)
(583, 2076)
(583, 2077)
(583, 2078)
(583, 2079)
(584, 2080)
(584, 2081)
(584, 2082)
(584, 2083)
(584, 2084)
(584, 2085)
(584, 2086)
(585, 2087)
(585, 2088)
(585, 2089)
(585, 2090)
(585, 2091)
(585, 2092)
(585, 2093)
(590, 2094)
(589, 2095)
(588, 2096)
(589, 2097)
(589, 2098)
(589, 2099)
(589, 2100)
(589, 2101)
(589, 2102)
(590, 2103)
(590, 2104)
(590, 2105)
(590, 2106)
(590, 2107)
(590, 2108)
(590, 2109)
(590, 2110)
(591, 2111)
(591, 2112)
(591, 2113)
(591, 2114)
(591, 2115)
(591, 2116)
(591, 2117)
(591, 2118)
(591, 2119)
(591, 2120)
(592, 2121)
(593, 2122)
(593, 2123)
(594, 2124)
(595, 2125)
(596, 2126)
(597, 2127)
(597, 2128)
(597, 2129)
(598, 2130)
(598, 2131)
(599, 2132)
(599, 2133)
(599, 2134)
(600, 2135)
(600, 2136)
(600, 2137)
(600, 2138)
(599, 2139)
(599, 2140)
(599, 2141)
(599, 2142)
(599, 2143)
(599, 2144)
(599, 2145)
(599, 2146)
(599, 2147)
(599, 2148)
(599, 2149)
(599, 2150)
(599, 2151)
(599, 2152)
(598, 2153)
(598, 2154)
(598, 2155)
(598, 2156)
(597, 2157)
(597, 2158)
(597, 2159)
(597, 2160)
(597, 2161)
(597, 2162)
(597, 2163)
(597, 2164)
(596, 2165)
(596, 2166)
(596, 2167)
(596, 2168)
(595, 2169)
(595, 2170)
(594, 2171)
(594, 2172)
(593, 2173)
(592, 2174)
(592, 2175)
(591, 2176)
(590, 2177)
(590, 2178)
(590, 2179)
(589, 2180)
(588, 2181)
(587, 2182)
(587, 2183)
(587, 2184)
(587, 2185)
(586, 2186)
(586, 2187)
(585, 2188)
(585, 2189)
(585, 2190)
(585, 2191)
(584, 2192)
(584, 2193)
(584, 2194)
(584, 2195)
(583, 2196)
(583, 2197)
(583, 2198)
(583, 2199)
(583, 2200)
(582, 2201)
(582, 2202)
(582, 2203)
(582, 2204)
(582, 2205)
(582, 2206)
(582, 2207)
(582, 2208)
(582, 2209)
(582, 2210)
(582, 2211)
(582, 2212)
(582, 2213)
(582, 2214)
(582, 2215)
(582, 2216)
(582, 2217)
(582, 2218)
(581, 2219)
(581, 2220)
(581, 2221)
(580, 2222)
(580, 2223)
(580, 2224)
(580, 2225)
(580, 2226)
(579, 2227)
(579, 2228)
(579, 2229)
(579, 2230)
(579, 2231)
(579, 2232)
(579, 2233)
(579, 2234)
(579, 2235)
(579, 2236)
(579, 2237)
(579, 2238)
(579, 2239)
(579, 2240)
(578, 2241)
(578, 2242)
(577, 2243)
(577, 2244)
(577, 2245)
(576, 2246)
(575, 2247)
(575, 2248)
(574, 2249)
(573, 2250)
(573, 2251)
(573, 2252)
(573, 2253)
(572, 2254)
(572, 2255)
(572, 2256)
(572, 2257)
(572, 2258)
(572, 2259)
(572, 2260)
(572, 2261)
(572, 2262)
(572, 2263)
(572, 2264)
(572, 2265)
(572, 2266)
(571, 2267)
(571, 2268)
(571, 2269)
(571, 2270)
(570, 2271)
(570, 2272)
(570, 2273)
(569, 2274)
(570, 2275)
(570, 2276)
(567, 2278)
(567, 2279)
(566, 2280)
(566, 2281)
(566, 2282)
(566, 2283)
(566, 2284)
(565, 2285)
(565, 2286)
(564, 2287)
(564, 2288)
(563, 2289)
(562, 2290)
(561, 2291)
(559, 2292)
(558, 2293)
(558, 2294)
(557, 2295)
(557, 2296)
(556, 2297)
(555, 2298)
(554, 2299)
(553, 2300)
(550, 2301)
(547, 2302)
(546, 2303)
(545, 2304)
(544, 2305)
(543, 2306)
(542, 2307)
(541, 2308)
(540, 2309)
(539, 2310)
(538, 2311)
(537, 2312)
(536, 2313)
(535, 2314)
(535, 2315)
(534, 2316)
(534, 2317)
(534, 2318)
(533, 2319)
(533, 2320)
(533, 2321)
(533, 2322)
(532, 2323)
(531, 2324)
(531, 2325)
(531, 2326)
(530, 2327)
(530, 2328)
(530, 2329)
(530, 2330)
(530, 2331)
(529, 2332)
(529, 2333)
(529, 2334)
(528, 2335)
(528, 2336)
(528, 2337)
(529, 2338)
(529, 2339)
(530, 2340)
(531, 2341)
(533, 2342)
(533, 2343)
(534, 2344)
(535, 2345)
(536, 2346)
(536, 2347)
(537, 2348)
(538, 2349)
(539, 2350)
(540, 2351)
(541, 2352)
(543, 2353)
(543, 2354)
(544, 2355)
(544, 2356)
(545, 2357)
(545, 2358)
(545, 2359)
(545, 2360)
(545, 2361)
(545, 2362)
(545, 2363)
(545, 2364)
(545, 2365)
(545, 2366)
(545, 2367)
(544, 2368)
(544, 2369)
(543, 2370)
(543, 2371)
(542, 2372)
(541, 2373)
(540, 2374)
(540, 2375)
(540, 2376)
(539, 2377)
(538, 2378)
(538, 2379)
(537, 2380)
(536, 2381)
(535, 2382)
(535, 2383)
(534, 2384)
(533, 2385)
(533, 2386)
(532, 2387)
(531, 2388)
(530, 2389)
(529, 2390)
(528, 2391)
(527, 2392)
(526, 2393)
(525, 2394)
(525, 2395)
(524, 2396)
(523, 2397)
(523, 2398)
(522, 2399)
(522, 2400)
(521, 2401)
(520, 2402)
(520, 2403)
(520, 2404)
(520, 2405)
(520, 2406)
(520, 2407)
(520, 2408)
(520, 2409)
(520, 2410)
(520, 2411)
(519, 2412)
(519, 2413)
(519, 2414)
(519, 2415)
(517, 2416)
(517, 2417)
(516, 2418)
(515, 2419)
(514, 2420)
(512, 2421)
(511, 2422)
(510, 2423)
(510, 2424)
(510, 2425)
(509, 2426)
(508, 2427)
(508, 2428)
(507, 2429)
(507, 2430)
(507, 2431)
(507, 2432)
(507, 2433)
(507, 2434)
(507, 2435)
(507, 2436)
(507, 2437)
(508, 2438)
(508, 2439)
(508, 2440)
(508, 2441)
(508, 2442)
(508, 2443)
(509, 2444)
(509, 2445)
(510, 2446)
(510, 2447)
(510, 2448)
(511, 2449)
(511, 2450)
(511, 2451)
(512, 2452)
(512, 2453)
(512, 2454)
(513, 2455)
(513, 2456)
(513, 2457)
(514, 2458)
(518, 2460)
(518, 2461)
(518, 2462)
(518, 2463)
(518, 2464)
(519, 2465)
(519, 2466)
(520, 2467)
(520, 2468)
(521, 2469)
(521, 2470)
(521, 2471)
(522, 2472)
(523, 2473)
(523, 2474)
(524, 2475)
(524, 2476)
(525, 2477)
(525, 2478)
(525, 2479)
(526, 2480)
(527, 2481)
(527, 2482)
(528, 2483)
(528, 2484)
(529, 2485)
(529, 2486)
(530, 2487)
(530, 2488)
(530, 2489)
(531, 2490)
(531, 2491)
(531, 2492)
(531, 2493)
(532, 2494)
(532, 2495)
(532, 2496)
(532, 2497)
(532, 2498)
(532, 2499)
(532, 2500)
(532, 2501)
(532, 2502)
(532, 2503)
(532, 2504)
(532, 2505)
(532, 2506)
(532, 2507)
(532, 2508)
(532, 2509)
(533, 2510)
(533, 2511)
(533, 2512)
(533, 2513)
(533, 2514)
(533, 2515)
(533, 2516)
(533, 2517)
(533, 2518)
(534, 2519)
(534, 2520)
(533, 2521)
(533, 2522)
(533, 2523)
(532, 2524)
(532, 2525)
(532, 2526)
(532, 2527)
(532, 2528)
(532, 2529)
(532, 2530)
(532, 2531)
(532, 2532)
(532, 2533)
(532, 2534)
(532, 2535)
(532, 2536)
(532, 2537)
(532, 2538)
(532, 2539)
(532, 2540)
(532, 2541)
(532, 2542)
(532, 2543)
(532, 2544)
(532, 2545)
(532, 2546)
(533, 2547)
(533, 2548)
(533, 2549)
(533, 2550)
(534, 2551)
(534, 2552)
(534, 2553)
(534, 2554)
(534, 2555)
(534, 2556)
(534, 2557)
(534, 2558)
(534, 2559)
(534, 2560)
(533, 2561)
(534, 2562)
(533, 2563)
(533, 2564)
(533, 2565)
(533, 2566)
(532, 2567)
(532, 2568)
(532, 2569)
(532, 2570)
(532, 2571)
(532, 2572)
(532, 2573)
(532, 2574)
(532, 2575)
(532, 2576)
(532, 2577)
(532, 2578)
(532, 2579)
(532, 2580)
(532, 2581)
(532, 2582)
(532, 2583)
(532, 2584)
(532, 2585)
(532, 2586)
(532, 2587)
(533, 2588)
(533, 2589)
(533, 2590)
(533, 2591)
(533, 2592)
(534, 2593)
(534, 2594)
(534, 2595)
(534, 2596)
(534, 2597)
(535, 2598)
(535, 2599)
(536, 2600)
(536, 2601)
(537, 2602)
(537, 2603)
(537, 2604)
(537, 2605)
(538, 2606)
(538, 2607)
(538, 2608)
(538, 2609)
(539, 2610)
(539, 2611)
(539, 2612)
(539, 2613)
(540, 2614)
(540, 2615)
(540, 2616)
(540, 2617)
(540, 2618)
(541, 2619)
(541, 2620)
(542, 2621)
(542, 2622)
(541, 2623)
(541, 2624)
(542, 2625)
(542, 2626)
(540, 2627)
(540, 2628)
(540, 2629)
(541, 2630)
(541, 2631)
(541, 2632)
(541, 2633)
(541, 2634)
(542, 2635)
(542, 2636)
(542, 2637)
(542, 2638)
(542, 2639)
(542, 2640)
(542, 2641)
(541, 2644)
(541, 2645)
(541, 2646)
(541, 2647)
(541, 2648)
(541, 2649)
(541, 2650)
(541, 2651)
(541, 2652)
(541, 2653)
(541, 2654)
(542, 2655)
(542, 2656)
(542, 2657)
(542, 2658)
(542, 2659)
(542, 2660)
(542, 2661)
(542, 2662)
(542, 2663)
(543, 2664)
(543, 2665)
(543, 2666)
(543, 2667)
(543, 2668)
(544, 2669)
(544, 2670)
(544, 2671)
(544, 2672)
(544, 2673)
(545, 2674)
(545, 2675)
(545, 2676)
(545, 2677)
(545, 2678)
(545, 2679)
(546, 2680)
(546, 2681)
(546, 2682)
(546, 2683)
(547, 2684)
(547, 2685)
(547, 2686)
(547, 2687)
(548, 2688)
(548, 2689)
(548, 2690)
(548, 2691)
(549, 2692)
(549, 2693)
(549, 2694)
(549, 2695)
(549, 2696)
(550, 2697)
(550, 2698)
(550, 2699)
(551, 2700)
(551, 2701)
(551, 2702)
(551, 2703)
(551, 2704)
(551, 2705)
(551, 2706)
(551, 2707)
(551, 2708)
(551, 2709)
(552, 2710)
(552, 2711)
(552, 2712)
(552, 2713)
(552, 2714)
(552, 2715)
(552, 2716)
(553, 2717)
(553, 2718)
(553, 2719)
(553, 2720)
(553, 2721)
(553, 2722)
(553, 2723)
(553, 2724)
(552, 2725)
(552, 2726)
(552, 2727)
(552, 2728)
(552, 2729)
(551, 2730)
(551, 2731)
(551, 2732)
(552, 2733)
(551, 2734)
(551, 2735)
(551, 2736)
(551, 2737)
(551, 2738)
(550, 2739)
(550, 2740)
(550, 2741)
(550, 2742)
(550, 2743)
(550, 2744)
(550, 2745)
(550, 2746)
(550, 2747)
(550, 2748)
(550, 2749)
(550, 2750)
(549, 2751)
(549, 2752)
(549, 2753)
(549, 2754)
(548, 2755)
(548, 2756)
(547, 2757)
(546, 2758)
(546, 2759)
(545, 2760)
(545, 2761)
(545, 2762)
(545, 2763)
(545, 2764)
(545, 2765)
(545, 2766)
(545, 2767)
(546, 2768)
(546, 2769)
(546, 2770)
(547, 2771)
(548, 2772)
(548, 2773)
(548, 2774)
(548, 2775)
(548, 2776)
(547, 2777)
(547, 2778)
(547, 2779)
(547, 2780)
(547, 2781)
(547, 2782)
(547, 2783)
(547, 2784)
(547, 2785)
(547, 2786)
(547, 2787)
(547, 2788)
(547, 2789)
(547, 2790)
(546, 2791)
(546, 2792)
(546, 2793)
(546, 2794)
(546, 2795)
(546, 2796)
(546, 2797)
(546, 2798)
(546, 2799)
(546, 2800)
(546, 2801)
(546, 2802)
(546, 2803)
(547, 2804)
(547, 2805)
(547, 2806)
(547, 2807)
(547, 2808)
(547, 2809)
(548, 2810)
(548, 2811)
(548, 2812)
(548, 2813)
(548, 2814)
(549, 2815)
(549, 2816)
(549, 2817)
(550, 2818)
(550, 2819)
(550, 2820)
(551, 2821)
(551, 2822)
(552, 2823)
(551, 2824)
(553, 2826)
(553, 2827)
(553, 2828)
(553, 2829)
(553, 2830)
(553, 2831)
(553, 2832)
(554, 2833)
(554, 2834)
(554, 2835)
(554, 2836)
(555, 2837)
(555, 2838)
(555, 2839)
(556, 2840)
(556, 2841)
(556, 2842)
(556, 2843)
(556, 2844)
(556, 2845)
(556, 2846)
(556, 2847)
(556, 2848)
(555, 2849)
(555, 2850)
(555, 2851)
(555, 2852)
(555, 2853)
(554, 2854)
(554, 2855)
(553, 2856)
(553, 2857)
(553, 2858)
(552, 2859)
(552, 2860)
(552, 2861)
(552, 2862)
(552, 2863)
(552, 2864)
(552, 2865)
(552, 2866)
(552, 2867)
(551, 2868)
(551, 2869)
(551, 2870)
(551, 2871)
(552, 2872)
(551, 2873)
(551, 2874)
(551, 2875)
(551, 2876)
(551, 2877)
(551, 2878)
(550, 2879)
(550, 2880)
(550, 2881)
(550, 2882)
(550, 2883)
(549, 2884)
(550, 2885)
(550, 2886)
(550, 2887)
(550, 2888)
(550, 2889)
(551, 2890)
(551, 2891)
(551, 2892)
(551, 2893)
(551, 2894)
(551, 2895)
(551, 2896)
(551, 2897)
(551, 2898)
(551, 2899)
(552, 2900)
(552, 2901)
(552, 2902)
(552, 2903)
(553, 2904)
(553, 2905)
(553, 2906)
(552, 2907)
(552, 2908)
(552, 2909)
(551, 2910)
(550, 2911)
(550, 2912)
(549, 2913)
(549, 2914)
(548, 2915)
(547, 2916)
(546, 2917)
(545, 2918)
(544, 2919)
(544, 2920)
(543, 2921)
(543, 2922)
(542, 2923)
(541, 2924)
(541, 2925)
(540, 2926)
(540, 2927)
(540, 2928)
(540, 2929)
(539, 2930)
(539, 2931)
(539, 2932)
(539, 2933)
(539, 2934)
(539, 2935)
(539, 2936)
(539, 2937)
(539, 2938)
(539, 2939)
(539, 2940)
(540, 2941)
(540, 2942)
(540, 2943)
(540, 2944)
(540, 2945)
(540, 2946)
(540, 2947)
(540, 2948)
(540, 2949)
(540, 2950)
(540, 2951)
(540, 2952)
(540, 2953)
(540, 2954)
(540, 2955)
(540, 2956)
(539, 2957)
(538, 2958)
(537, 2959)
(536, 2960)
(535, 2961)
(534, 2962)
(533, 2963)
(533, 2964)
(532, 2965)
(532, 2966)
(531, 2967)
(531, 2968)
(530, 2969)
(529, 2970)
(528, 2971)
(527, 2972)
(526, 2973)
(525, 2974)
(525, 2975)
(524, 2976)
(523, 2977)
(522, 2978)
(521, 2979)
(521, 2980)
(520, 2981)
(520, 2982)
(519, 2983)
(519, 2984)
(519, 2985)
(518, 2986)
(517, 2987)
(517, 2988)
(516, 2989)
(516, 2990)
(515, 2991)
(514, 2992)
(514, 2993)
(513, 2994)
(513, 2995)
(512, 2996)
(512, 2997)
(512, 2998)
(511, 2999)
(511, 3000)
(511, 3001)
(511, 3002)
(510, 3003)
(510, 3004)
(510, 3005)
(510, 3006)
(510, 3007)
(510, 3008)
(511, 3009)
(511, 3010)
(511, 3011)
(511, 3012)
(512, 3013)
(512, 3014)
(512, 3015)
(512, 3016)
(513, 3017)
(514, 3018)
(514, 3019)
(515, 3020)
(515, 3021)
(515, 3022)
(516, 3023)
(516, 3024)
(516, 3025)
(516, 3026)
(516, 3027)
(516, 3028)
(516, 3029)
(516, 3030)
(516, 3031)
(515, 3032)
(515, 3033)
(515, 3034)
(515, 3035)
(515, 3036)
(515, 3037)
(515, 3038)
(514, 3039)
(514, 3040)
(514, 3041)
(514, 3042)
(514, 3043)
(514, 3044)
(514, 3045)
(514, 3046)
(514, 3047)
(514, 3048)
(514, 3049)
(514, 3050)
(515, 3051)
(515, 3052)
(515, 3053)
(516, 3054)
(516, 3055)
(516, 3056)
(517, 3057)
(517, 3058)
(517, 3059)
(518, 3060)
(518, 3061)
(518, 3062)
(518, 3063)
(519, 3064)
(519, 3065)
(519, 3066)
(520, 3067)
(520, 3068)
(521, 3069)
(521, 3070)
(521, 3071)
(522, 3072)
(522, 3073)
(522, 3074)
(523, 3075)
(523, 3076)
(523, 3077)
(523, 3078)
(523, 3079)
(524, 3080)
(524, 3081)
(524, 3082)
(524, 3083)
(525, 3084)
(525, 3085)
(525, 3086)
(525, 3087)
(526, 3088)
(526, 3089)
(526, 3090)
(527, 3091)
(527, 3092)
(527, 3093)
(528, 3094)
(528, 3095)
(528, 3096)
(528, 3097)
(529, 3098)
(529, 3099)
(529, 3100)
(529, 3101)
(529, 3102)
(529, 3103)
(529, 3104)
(529, 3105)
(530, 3106)
(530, 3107)
(530, 3108)
(530, 3109)
(530, 3110)
(530, 3111)
(530, 3112)
(530, 3113)
(530, 3114)
(530, 3115)
(530, 3116)
(529, 3117)
(529, 3118)
(529, 3119)
(529, 3120)
(529, 3121)
(528, 3122)
(528, 3123)
(528, 3124)
(528, 3125)
(528, 3126)
(527, 3127)
(527, 3128)
(527, 3129)
(527, 3130)
(527, 3131)
(527, 3132)
(527, 3133)
(527, 3134)
(527, 3135)
(528, 3136)
(528, 3137)
(528, 3138)
(528, 3139)
(528, 3140)
(528, 3141)
(528, 3142)
(528, 3143)
(528, 3144)
(528, 3145)
(528, 3146)
(528, 3147)
(528, 3148)
(528, 3149)
(528, 3150)
(528, 3151)
(528, 3152)
(528, 3153)
(528, 3154)
(528, 3155)
(528, 3156)
(528, 3157)
(528, 3158)
(528, 3159)
(528, 3160)
(528, 3161)
(528, 3162)
(528, 3163)
(528, 3164)
(528, 3165)
(528, 3166)
(528, 3167)
(527, 3168)
(527, 3169)
(527, 3170)
(527, 3171)
(527, 3172)
(527, 3173)
(527, 3174)
(527, 3175)
(527, 3176)
(528, 3177)
(528, 3178)
(528, 3179)
(529, 3180)
(529, 3181)
(529, 3182)
(530, 3183)
(530, 3184)
(531, 3185)
(530, 3186)
(531, 3187)
(531, 3188)
(531, 3189)
(532, 3190)
(532, 3191)
(532, 3192)
(532, 3193)
(532, 3194)
(532, 3195)
(532, 3196)
(532, 3197)
(532, 3198)
(532, 3199)
(532, 3200)
(532, 3201)
(532, 3202)
(532, 3203)
(532, 3204)
(532, 3205)
(532, 3206)
(532, 3207)
(532, 3208)
(532, 3209)
(532, 3210)
(532, 3211)
(532, 3212)
(532, 3213)
(532, 3214)
(532, 3215)
(532, 3216)
(532, 3217)
(532, 3218)
(532, 3219)
(532, 3220)
(532, 3221)
(532, 3222)
(532, 3223)
(532, 3224)
(532, 3225)
(532, 3226)
(532, 3227)
(532, 3228)
(532, 3229)
(533, 3230)
(533, 3231)
(533, 3232)
(533, 3233)
(533, 3234)
(533, 3235)
(533, 3236)
(534, 3237)
(534, 3238)
(534, 3239)
(534, 3240)
(534, 3241)
(534, 3242)
(534, 3243)
(535, 3244)
(535, 3245)
(535, 3246)
(535, 3247)
(535, 3248)
(535, 3249)
(535, 3250)
(535, 3251)
(535, 3252)
(536, 3253)
(536, 3254)
(536, 3255)
(536, 3256)
(536, 3257)
(536, 3258)
(536, 3259)
(536, 3260)
(536, 3261)
(536, 3262)
(535, 3263)
(535, 3264)
(535, 3265)
(535, 3266)
(535, 3267)
(536, 3268)
(536, 3269)
(536, 3270)
(536, 3271)
(536, 3272)
(537, 3273)
(537, 3274)
(537, 3275)
(537, 3276)
(537, 3277)
(538, 3278)
(538, 3279)
(538, 3280)
(538, 3281)
(538, 3282)
(538, 3283)
(539, 3284)
(539, 3285)
(539, 3286)
(539, 3287)
(539, 3288)
(539, 3289)
(539, 3290)
(539, 3291)
(539, 3292)
(539, 3293)
(539, 3294)
(538, 3295)
(538, 3296)
(538, 3297)
(538, 3298)
(538, 3299)
(538, 3300)
(538, 3301)
(538, 3302)
(537, 3303)
(537, 3304)
(537, 3305)
(538, 3306)
(537, 3307)
(537, 3308)
(537, 3309)
(537, 3310)
(537, 3311)
(536, 3312)
(536, 3313)
(536, 3314)
(536, 3315)
(536, 3316)
(535, 3317)
(535, 3318)
(535, 3319)
(534, 3320)
(534, 3321)
(534, 3322)
(534, 3323)
(534, 3324)
(534, 3325)
(534, 3326)
(533, 3327)
(533, 3328)
(533, 3329)
(533, 3330)
(533, 3331)
(534, 3332)
(534, 3333)
(534, 3334)
(533, 3335)
(533, 3336)
(533, 3337)
(533, 3338)
(533, 3339)
(533, 3340)
(533, 3341)
(533, 3342)
(533, 3343)
(533, 3344)
(532, 3345)
(532, 3346)
(532, 3347)
(532, 3348)
(532, 3349)
(532, 3350)
(532, 3351)
(532, 3352)
(532, 3353)
(532, 3354)
(532, 3355)
(532, 3356)
(532, 3357)
(532, 3358)
(532, 3359)
(532, 3360)
(532, 3361)
(532, 3362)
(533, 3363)
(533, 3364)
(533, 3365)
(533, 3366)
(533, 3367)
(533, 3368)
(533, 3369)
(533, 3370)
(533, 3371)
(533, 3372)
(533, 3373)
(534, 3374)
(533, 3375)
(533, 3376)
(532, 3377)
(533, 3378)
(533, 3379)
(532, 3380)
(532, 3381)
(532, 3382)
(532, 3383)
(532, 3384)
(532, 3385)
(532, 3386)
(532, 3387)
(532, 3388)
(531, 3389)
(531, 3390)
(531, 3391)
(531, 3392)
(531, 3393)
(531, 3394)
(531, 3395)
(531, 3396)
(531, 3397)
(531, 3398)
(531, 3399)
(531, 3400)
(531, 3401)
(531, 3402)
(531, 3403)
(532, 3404)
(532, 3405)
(533, 3406)
(533, 3407)
(533, 3408)
(533, 3409)
(533, 3410)
(533, 3411)
(533, 3412)
(533, 3413)
(533, 3414)
(533, 3415)
(533, 3416)
(533, 3417)
(533, 3418)
(533, 3419)
(533, 3420)
(533, 3421)
(533, 3422)
(533, 3423)
(533, 3424)
(533, 3425)
(533, 3426)
(533, 3427)
(533, 3428)
(533, 3429)
(533, 3430)
(533, 3431)
(534, 3432)
(534, 3433)
(534, 3434)
(534, 3435)
(534, 3436)
(534, 3437)
(534, 3438)
(535, 3439)
(535, 3440)
(535, 3441)
(535, 3442)
(534, 3443)
(534, 3444)
(534, 3445)
(534, 3446)
(534, 3447)
(534, 3448)
(534, 3449)
(534, 3450)
(533, 3451)
(533, 3452)
(533, 3453)
(533, 3454)
(532, 3455)
(532, 3456)
(532, 3457)
(532, 3458)
(532, 3459)
(532, 3460)
(532, 3461)
(532, 3462)
(532, 3463)
(532, 3464)
(532, 3465)
(532, 3466)
(532, 3467)
(532, 3468)
(532, 3469)
(532, 3470)
(532, 3471)
(531, 3472)
(531, 3473)
(531, 3474)
(531, 3475)
(531, 3476)
(531, 3477)
(531, 3478)
(531, 3479)
(530, 3480)
(530, 3481)
(530, 3482)
(530, 3483)
(530, 3484)
(530, 3485)
(530, 3486)
(529, 3487)
(529, 3488)
(529, 3489)
(528, 3490)
(528, 3491)
(528, 3492)
(528, 3493)
(528, 3494)
(527, 3495)
(526, 3496)
(526, 3497)
(526, 3498)
(526, 3499)
(525, 3500)
(525, 3501)
(525, 3502)
(525, 3503)
(524, 3504)
(524, 3505)
(524, 3506)
(524, 3507)
(524, 3508)
(523, 3509)
(523, 3510)
(523, 3511)
(523, 3512)
(523, 3513)
(523, 3514)
(523, 3515)
(522, 3516)
(522, 3517)
(522, 3518)
(522, 3519)
(521, 3520)
(521, 3521)
(521, 3522)
(521, 3523)
(521, 3524)
(521, 3525)
(520, 3526)
(520, 3527)
(520, 3528)
(520, 3529)
(520, 3530)
(520, 3531)
(520, 3532)
(520, 3533)
(520, 3534)
(520, 3535)
(520, 3536)
(520, 3537)
(520, 3538)
(520, 3539)
(520, 3540)
(520, 3541)
(520, 3542)
(520, 3543)
(520, 3544)
(520, 3545)
(520, 3546)
(520, 3547)
(520, 3548)
(519, 3549)
(519, 3550)
(519, 3551)
(519, 3552)
(519, 3553)
(519, 3554)
(518, 3555)
(519, 3556)
(518, 3557)
(518, 3558)
(517, 3559)
(517, 3560)
(517, 3561)
(517, 3562)
(516, 3563)
(516, 3564)
(516, 3565)
(516, 3566)
(516, 3567)
(516, 3568)
(516, 3569)
(516, 3570)
(516, 3571)
(516, 3572)
(516, 3573)
(516, 3574)
(516, 3575)
(516, 3576)
(516, 3577)
(516, 3578)
(516, 3579)
(516, 3580)
(516, 3581)
(516, 3582)
(516, 3583)
(516, 3584)
(517, 3585)
(517, 3586)
(516, 3587)
(516, 3588)
(516, 3589)
(516, 3590)
(516, 3591)
(516, 3592)
(516, 3593)
(516, 3594)
(516, 3595)
(516, 3596)
(516, 3597)
(516, 3598)
(516, 3599)
(516, 3600)
(516, 3601)
(516, 3602)
(516, 3603)
(515, 3604)
(515, 3605)
(515, 3606)
(515, 3607)
(515, 3608)
(515, 3609)
(515, 3610)
(515, 3611)
(515, 3612)
(515, 3613)
(514, 3614)
(514, 3615)
(514, 3616)
(514, 3617)
(514, 3618)
(514, 3619)
(514, 3620)
(515, 3621)
(515, 3622)
(515, 3623)
(515, 3624)
(515, 3625)
(515, 3626)
(515, 3627)
(515, 3628)
(515, 3629)
(515, 3630)
(515, 3631)
(515, 3632)
(515, 3633)
(515, 3634)
(515, 3635)
(515, 3636)
(515, 3637)
(515, 3638)
(515, 3639)
(514, 3640)
(514, 3641)
(514, 3642)
(514, 3643)
(514, 3644)
(514, 3645)
(514, 3646)
(514, 3647)
(514, 3648)
(514, 3649)
(514, 3650)
(514, 3651)
(514, 3652)
(514, 3653)
(513, 3654)
(513, 3655)
(513, 3656)
(513, 3657)
(513, 3658)
(513, 3659)
(513, 3660)
(513, 3661)
(514, 3662)
(514, 3663)
(514, 3664)
(514, 3665)
(514, 3666)
(514, 3667)
(514, 3668)
(514, 3669)
(514, 3670)
(514, 3671)
(514, 3672)
(514, 3673)
(514, 3674)
(514, 3675)
(514, 3676)
(514, 3677)
(514, 3678)
(514, 3679)
(514, 3680)
(514, 3681)
(513, 3682)
(513, 3683)
(513, 3684)
(513, 3685)
(513, 3686)
(513, 3687)
(513, 3688)
(513, 3689)
(513, 3690)
(514, 3691)
(514, 3692)
(514, 3693)
(514, 3694)
(515, 3695)
(515, 3696)
(515, 3697)
(515, 3698)
(515, 3699)
(515, 3700)
(515, 3701)
(515, 3702)
(515, 3703)
(515, 3704)
(515, 3705)
(515, 3706)
(515, 3707)
(515, 3708)
(515, 3709)
(515, 3710)
(515, 3711)
(515, 3712)
(515, 3713)
(516, 3714)
(516, 3715)
(516, 3716)
(516, 3717)
(516, 3718)
(516, 3719)
(516, 3720)
(516, 3721)
(516, 3722)
(516, 3723)
(517, 3724)
(517, 3725)
(517, 3726)
(518, 3727)
(518, 3728)
(518, 3729)
(518, 3730)
(518, 3731)
(518, 3732)
(518, 3733)
(518, 3734)
(518, 3735)
(518, 3736)
(518, 3737)
(518, 3738)
(518, 3739)
(518, 3740)
(518, 3741)
(517, 3742)
(518, 3743)
(518, 3744)
(518, 3745)
(518, 3746)
(518, 3747)
(519, 3748)
(519, 3749)
(519, 3750)
(519, 3751)
(519, 3752)
(519, 3753)
(519, 3754)
(519, 3755)
(519, 3756)
(519, 3757)
(519, 3758)
(519, 3759)
(518, 3760)
(518, 3761)
(518, 3762)
(518, 3763)
(518, 3764)
(518, 3765)
(518, 3766)
(518, 3767)
(518, 3768)
(518, 3769)
(518, 3770)
(518, 3771)
(519, 3772)
(519, 3773)
(519, 3774)
(519, 3775)
(520, 3776)
(520, 3777)
(520, 3778)
(520, 3779)
(521, 3780)
(521, 3781)
(521, 3782)
(522, 3783)
(522, 3784)
(522, 3785)
(523, 3786)
(523, 3787)
(523, 3788)
(523, 3789)
(523, 3790)
(523, 3791)
(523, 3792)
(523, 3793)
(523, 3794)
(523, 3795)
(524, 3796)
(524, 3797)
(524, 3798)
(525, 3799)
(525, 3800)
(525, 3801)
(526, 3802)
(527, 3803)
(527, 3804)
(527, 3805)
(528, 3806)
(528, 3807)
(528, 3808)
(528, 3809)
(528, 3810)
(528, 3811)
(528, 3812)
(528, 3813)
(528, 3814)
(528, 3815)
(528, 3816)
(528, 3817)
(528, 3818)
(528, 3819)
(528, 3820)
(528, 3821)
(528, 3822)
(528, 3823)
(528, 3824)
(529, 3825)
(529, 3826)
(529, 3827)
(529, 3828)
(529, 3829)
(529, 3830)
(529, 3831)
(529, 3832)
(529, 3833)
(529, 3834)
(529, 3835)
(529, 3836)
(529, 3837)
(529, 3838)
(529, 3839)
(529, 3840)
(529, 3841)
(529, 3842)
(529, 3843)
(529, 3844)
(529, 3845)
(529, 3846)
(529, 3847)
(530, 3848)
(530, 3849)
(530, 3850)
(530, 3851)
(530, 3852)
(530, 3853)
(530, 3854)
(530, 3855)
(530, 3856)
(530, 3857)
(530, 3858)
(530, 3859)
(530, 3860)
(529, 3861)
(529, 3862)
(529, 3863)
(529, 3864)
(529, 3865)
(528, 3866)
(528, 3867)
(528, 3868)
(528, 3869)
(528, 3870)
(527, 3871)
(527, 3872)
(527, 3873)
(527, 3874)
(527, 3875)
(527, 3876)
(527, 3877)
(527, 3878)
(527, 3879)
(527, 3880)
(527, 3881)
(528, 3882)
(528, 3883)
(528, 3884)
(528, 3885)
(528, 3886)
(529, 3887)
(529, 3888)
(529, 3889)
(529, 3890)
(528, 3891)
(528, 3892)
(528, 3893)
(528, 3894)
(528, 3895)
(528, 3896)
(527, 3897)
(527, 3898)
(527, 3899)
(527, 3900)
(527, 3901)
(527, 3902)
(527, 3903)
(527, 3904)
(527, 3905)
(527, 3906)
(526, 3907)
(525, 3908)
(525, 3909)
(524, 3910)
(524, 3911)
(523, 3912)
(522, 3913)
(522, 3914)
(522, 3915)
(522, 3916)
(521, 3917)
(522, 3918)
(522, 3919)
(523, 3920)
(520, 3921)
(520, 3922)
(519, 3923)
(519, 3924)
(519, 3925)
(519, 3926)
(519, 3927)
(519, 3928)
(519, 3929)
(519, 3930)
(519, 3931)
(520, 3932)
(520, 3933)
(520, 3934)
(521, 3935)
(521, 3936)
(521, 3937)
(521, 3938)
(522, 3939)
(522, 3940)
(522, 3941)
(523, 3942)
(523, 3943)
(522, 3944)
(522, 3945)
(522, 3946)
(522, 3947)
(521, 3948)
(521, 3949)
(521, 3950)
(521, 3951)
(520, 3952)
(520, 3953)
(520, 3954)
(520, 3955)
(519, 3956)
(519, 3957)
(519, 3958)
(519, 3959)
(519, 3960)
(520, 3961)
(520, 3962)
(520, 3963)
(519, 3964)
(519, 3965)
(519, 3966)
(519, 3967)
(519, 3968)
(520, 3969)
(520, 3970)
(519, 3971)
(519, 3972)
(520, 3973)
(520, 3974)
(520, 3975)
(520, 3976)
(520, 3977)
(520, 3978)
(520, 3979)
(520, 3980)
(520, 3981)
(520, 3982)
(520, 3983)
(520, 3984)
(520, 3985)
(520, 3986)
(519, 3987)
(519, 3988)
(519, 3989)
(519, 3990)
(520, 3991)
(520, 3992)
(520, 3993)
(520, 3994)
(520, 3995)
(520, 3996)
(520, 3997)
(520, 3998)
(520, 3999)
(520, 4000)
(520, 4001)
(520, 4002)
(520, 4003)
(520, 4004)
(520, 4005)
(520, 4006)
(520, 4007)
(519, 4008)
(519, 4009)
(519, 4010)
(519, 4011)
(519, 4012)
(518, 4013)
(518, 4014)
(518, 4015)
(518, 4016)
(518, 4017)
(518, 4018)
(518, 4019)
(518, 4020)
(517, 4021)
(517, 4022)
(517, 4023)
(516, 4024)
(516, 4025)
(516, 4026)
(515, 4027)
(515, 4028)
(514, 4029)
(514, 4030)
(513, 4031)
(512, 4032)
(512, 4033)
(512, 4034)
(512, 4035)
(511, 4036)
(511, 4037)
(511, 4038)
(511, 4039)
(511, 4040)
(511, 4041)
(510, 4042)
(510, 4043)
(510, 4044)
(510, 4045)
(510, 4046)
(510, 4047)
(510, 4048)
(510, 4049)
(510, 4050)
(510, 4051)
(509, 4052)
(509, 4053)
(509, 4054)
(509, 4055)
(509, 4056)
(509, 4057)
(509, 4058)
(509, 4059)
(509, 4060)
(509, 4061)
(509, 4062)
(509, 4063)
(509, 4064)
(509, 4065)
(509, 4066)
(509, 4067)
(509, 4068)
(509, 4069)
(509, 4070)
(509, 4071)
(509, 4072)
(509, 4073)
(509, 4074)
(509, 4075)
(509, 4076)
(509, 4077)
(509, 4078)
(509, 4079)
(509, 4080)
(509, 4081)
(509, 4082)
(509, 4083)
(509, 4084)
(509, 4085)
(509, 4086)
(509, 4087)
(509, 4088)
(509, 4089)
(509, 4090)
(509, 4091)
(509, 4092)
(509, 4093)
(509, 4094)
(509, 4095)
(509, 4096)
(509, 4097)
(509, 4098)
(509, 4099)
(508, 4100)
(508, 4101)
(508, 4102)
(508, 4103)
(508, 4104)
(508, 4105)
(508, 4106)
(508, 4107)
(508, 4108)
(508, 4109)
(508, 4110)
(508, 4111)
(508, 4112)
(508, 4113)
(508, 4114)
(508, 4115)
(508, 4116)
(508, 4117)
(508, 4118)
(508, 4119)
(508, 4120)
(508, 4121)
(508, 4122)
(508, 4123)
(508, 4124)
(508, 4125)
(508, 4126)
(509, 4127)
(509, 4128)
(509, 4129)
(509, 4130)
(509, 4131)
(509, 4132)
(509, 4133)
(509, 4134)
(510, 4135)
(510, 4136)
(510, 4137)
(510, 4138)
(510, 4139)
(510, 4140)
(510, 4141)
(511, 4142)
(511, 4143)
(511, 4144)
(511, 4145)
(511, 4146)
(511, 4147)
(511, 4148)
(511, 4149)
(512, 4150)
(512, 4151)
(512, 4152)
(512, 4153)
(512, 4154)
(512, 4155)
(513, 4156)
(513, 4157)
(513, 4158)
(514, 4159)
(514, 4160)
(514, 4161)
(514, 4162)
(514, 4163)
(515, 4164)
(515, 4165)
(515, 4166)
(515, 4167)
(515, 4168)
(515, 4169)
(516, 4170)
(516, 4171)
(516, 4172)
(516, 4173)
(516, 4174)
(517, 4175)
(517, 4176)
(517, 4177)
(517, 4178)
(517, 4179)
(518, 4180)
(518, 4181)
(518, 4182)
(518, 4183)
(519, 4184)
(519, 4185)
(519, 4186)
(520, 4187)
(520, 4188)
(520, 4189)
(521, 4190)
(521, 4191)
(522, 4192)
(522, 4193)
(523, 4194)
(523, 4195)
(524, 4196)
(524, 4197)
(525, 4198)
(526, 4199)
(526, 4200)
(526, 4201)
(526, 4202)
(527, 4203)
(527, 4204)
(527, 4205)
(527, 4206)
(527, 4207)
(527, 4208)
(527, 4209)
(527, 4210)
(526, 4211)
(526, 4212)
(526, 4213)
(526, 4214)
(526, 4215)
(526, 4216)
(526, 4217)
(525, 4218)
(525, 4219)
(525, 4220)
(525, 4221)
(525, 4222)
(525, 4223)
(525, 4224)
(525, 4225)
(525, 4226)
(525, 4227)
(525, 4228)
(525, 4229)
(525, 4230)
(525, 4231)
(525, 4232)
(525, 4233)
(524, 4234)
(524, 4235)
(524, 4236)
(524, 4237)
(523, 4238)
(523, 4239)
(523, 4240)
(523, 4241)
(523, 4242)
(522, 4243)
(522, 4244)
(522, 4245)
(522, 4246)
(522, 4247)
(522, 4248)
(522, 4249)
(522, 4250)
(522, 4251)
(522, 4252)
(522, 4253)
(521, 4254)
(521, 4255)
(521, 4256)
(521, 4257)
(521, 4258)
(520, 4259)
(520, 4260)
(520, 4261)
(520, 4262)
(519, 4263)
(519, 4264)
(519, 4265)
(519, 4266)
(518, 4267)
(518, 4268)
(517, 4269)
(516, 4270)
(516, 4271)
(516, 4272)
(516, 4273)
(515, 4274)
(515, 4275)
(515, 4276)
(514, 4277)
(514, 4278)
(514, 4279)
(513, 4280)
(513, 4281)
(513, 4282)
(513, 4283)
(513, 4284)
(513, 4285)
(513, 4286)
(512, 4287)
(512, 4288)
(512, 4289)
(512, 4290)
(512, 4291)
(511, 4292)
(511, 4293)
(511, 4294)
(511, 4295)
(511, 4296)
(510, 4297)
(510, 4298)
(509, 4299)
(509, 4300)
(509, 4301)
(509, 4302)
(508, 4303)
(508, 4304)
(508, 4305)
(508, 4306)
(507, 4307)
(507, 4308)
(506, 4309)
(506, 4310)
(505, 4311)
(505, 4312)
(505, 4313)
(504, 4314)
(504, 4315)
(503, 4316)
(503, 4317)
(502, 4318)
(502, 4319)
(502, 4320)
(501, 4321)
(501, 4322)
(501, 4323)
(500, 4324)
(500, 4325)
(500, 4326)
(500, 4327)
(500, 4328)
(499, 4329)
(499, 4330)
(499, 4331)
(499, 4332)
(498, 4333)
(498, 4334)
(498, 4335)
(498, 4336)
(497, 4337)
(497, 4338)
(496, 4339)
(496, 4340)
(495, 4341)
(495, 4342)
(495, 4343)
(494, 4344)
(494, 4345)
(494, 4346)
(494, 4347)
(493, 4348)
(493, 4349)
(492, 4350)
(492, 4351)
(491, 4352)
(491, 4353)
(491, 4354)
(491, 4355)
(490, 4356)
(490, 4357)
(489, 4358)
(489, 4359)
(489, 4360)
(489, 4361)
(488, 4362)
(488, 4363)
(488, 4364)
(487, 4365)
(487, 4366)
(487, 4367)
(487, 4368)
(487, 4369)
(487, 4370)
(487, 4371)
(487, 4372)
(486, 4373)
(486, 4374)
(486, 4375)
(485, 4376)
(485, 4377)
(484, 4378)
(484, 4379)
(483, 4380)
(483, 4381)
(483, 4382)
(483, 4383)
(483, 4384)
(483, 4385)
(483, 4386)
(483, 4387)
(483, 4388)
(483, 4389)
(483, 4390)
(483, 4391)
(483, 4392)
(482, 4393)
(482, 4394)
(483, 4395)
(483, 4396)
(484, 4397)
(484, 4398)
(484, 4399)
(484, 4400)
(483, 4401)
(483, 4402)
(483, 4403)
(483, 4404)
(484, 4405)
(484, 4406)
(484, 4407)
(484, 4408)
(484, 4409)
(484, 4410)
(484, 4411)
(484, 4412)
(484, 4413)
(485, 4414)
(485, 4415)
(485, 4416)
(485, 4417)
(485, 4418)
(485, 4419)
(485, 4420)
(485, 4421)
(485, 4422)
(485, 4423)
(485, 4424)
(485, 4425)
(485, 4426)
(485, 4427)
(485, 4428)
(485, 4429)
(485, 4430)
(485, 4431)
(485, 4432)
(485, 4433)
(485, 4434)
(485, 4435)
(485, 4436)
(485, 4437)
(486, 4438)
(486, 4439)
(486, 4440)
(486, 4441)
(486, 4442)
(486, 4443)
(486, 4444)
(486, 4445)
(486, 4446)
(486, 4447)
(486, 4448)
(486, 4449)
(486, 4450)
(486, 4451)
(486, 4452)
(486, 4453)
(486, 4454)
(486, 4455)
(486, 4456)
(486, 4457)
(485, 4458)
(485, 4459)
(485, 4460)
(485, 4461)
(485, 4462)
(484, 4463)
(484, 4464)
(485, 4465)
(484, 4466)
(485, 4467)
(483, 4468)
(485, 4469)
(485, 4470)
(485, 4471)
(485, 4472)
(485, 4473)
(485, 4474)
(485, 4475)
(485, 4476)
(486, 4477)
(486, 4478)
(486, 4479)
(486, 4480)
(486, 4481)
(486, 4482)
(486, 4483)
(486, 4484)
(486, 4485)
(486, 4486)
(487, 4487)
(487, 4488)
(487, 4489)
(488, 4490)
(488, 4491)
(488, 4492)
(488, 4493)
(488, 4494)
(488, 4495)
(488, 4496)
(488, 4497)
(488, 4498)
(489, 4499)
(489, 4500)
(489, 4501)
(489, 4502)
(489, 4503)
(489, 4504)
(489, 4505)
(489, 4506)
(489, 4507)
(489, 4508)
(490, 4509)
(490, 4510)
(490, 4511)
(490, 4512)
(491, 4513)
(491, 4514)
(491, 4515)
(491, 4516)
(491, 4517)
(492, 4518)
(492, 4519)
(492, 4520)
(491, 4521)
(491, 4522)
(491, 4523)
(491, 4524)
(491, 4525)
(491, 4526)
(491, 4527)
(491, 4528)
(491, 4529)
(491, 4530)
(491, 4531)
(491, 4532)
(491, 4533)
(491, 4534)
(491, 4535)
(491, 4536)
(492, 4537)
(491, 4538)
(491, 4539)
(491, 4540)
(491, 4541)
(491, 4542)
(491, 4543)
(491, 4544)
(490, 4545)
(489, 4546)
(489, 4547)
(489, 4548)
(489, 4549)
(489, 4550)
(489, 4551)
(489, 4552)
(489, 4553)
(489, 4554)
(488, 4555)
(488, 4556)
(488, 4557)
(487, 4558)
(486, 4559)
(484, 4560)
(483, 4561)
(483, 4562)
(482, 4563)
(481, 4564)
(481, 4565)
(480, 4566)
(480, 4567)
(479, 4568)
(479, 4569)
(479, 4570)
(479, 4571)
(479, 4572)
(478, 4573)
(478, 4574)
(478, 4575)
(477, 4576)
(477, 4577)
(477, 4578)
(476, 4579)
(476, 4580)
(476, 4581)
(476, 4582)
(476, 4583)
(475, 4584)
(475, 4585)
(475, 4586)
(475, 4587)
(475, 4588)
(475, 4589)
(475, 4590)
(475, 4591)
(475, 4592)
(475, 4593)
(474, 4594)
(474, 4595)
(474, 4596)
(474, 4597)
(473, 4598)
(473, 4599)
(473, 4600)
(473, 4601)
(473, 4602)
(472, 4603)
(472, 4604)
(472, 4605)
(472, 4606)
(472, 4607)
(472, 4608)
(471, 4609)
(471, 4610)
(472, 4611)
(472, 4612)
(472, 4613)
(472, 4614)
(472, 4615)
(472, 4616)
(472, 4617)
(472, 4618)
(472, 4619)
(472, 4620)
(473, 4621)
(473, 4622)
(473, 4623)
(473, 4624)
(474, 4625)
(474, 4626)
(475, 4627)
(476, 4628)
(476, 4629)
(476, 4630)
(477, 4631)
(477, 4632)
(477, 4633)
(477, 4634)
(477, 4635)
(478, 4636)
(478, 4637)
(478, 4638)
(478, 4639)
(478, 4640)
(478, 4641)
(479, 4642)
(479, 4643)
(479, 4644)
(478, 4645)
(478, 4646)
(478, 4647)
