Tam.: (1800, 4590)
(1389, 232)
(1389, 233)
(1389, 234)
(1389, 235)
(1389, 236)
(1389, 237)
(1389, 238)
(1389, 239)
(1389, 240)
(1389, 241)
(1389, 242)
(1389, 243)
(1389, 244)
(1389, 245)
(1389, 246)
(1389, 247)
(1389, 248)
(1389, 249)
(1389, 250)
(1389, 251)
(1389, 252)
(1390, 253)
(1390, 254)
(1390, 255)
(1390, 256)
(1390, 257)
(1390, 258)
(1390, 259)
(1390, 260)
(1390, 261)
(1390, 262)
(1390, 263)
(1390, 264)
(1390, 265)
(1390, 266)
(1390, 267)
(1390, 268)
(1390, 269)
(1390, 270)
(1390, 271)
(1390, 272)
(1390, 273)
(1390, 274)
(1390, 275)
(1390, 276)
(1390, 277)
(1390, 278)
(1390, 279)
(1390, 280)
(1390, 281)
(1390, 282)
(1390, 283)
(1390, 284)
(1390, 285)
(1390, 286)
(1390, 287)
(1390, 288)
(1390, 289)
(1390, 290)
(1390, 291)
(1390, 292)
(1390, 293)
(1390, 294)
(1390, 295)
(1389, 296)
(1389, 297)
(1388, 298)
(1390, 299)
(1389, 306)
(1389, 307)
(1389, 308)
(1389, 309)
(1389, 310)
(1389, 311)
(1389, 312)
(1389, 313)
(1389, 314)
(1389, 315)
(1389, 316)
(1389, 317)
(1389, 318)
(1389, 319)
(1389, 320)
(1389, 321)
(1389, 322)
(1389, 323)
(1389, 324)
(1389, 325)
(1389, 326)
(1389, 327)
(1389, 328)
(1389, 329)
(1389, 330)
(1389, 331)
(1389, 332)
(1389, 333)
(1389, 334)
(1389, 335)
(1389, 336)
(1389, 337)
(1389, 338)
(1389, 339)
(1389, 340)
(1389, 341)
(1389, 342)
(1390, 343)
(1390, 344)
(1390, 345)
(1390, 346)
(1390, 347)
(1390, 348)
(1390, 349)
(1390, 350)
(1390, 351)
(1390, 352)
(1390, 353)
(1390, 354)
(1390, 355)
(1390, 356)
(1390, 357)
(1390, 358)
(1390, 359)
(1390, 360)
(1391, 361)
(1391, 362)
(1391, 363)
(1391, 364)
(1391, 365)
(1391, 366)
(1391, 367)
(1391, 368)
(1391, 369)
(1391, 370)
(1391, 371)
(1391, 372)
(1391, 373)
(1391, 374)
(1390, 375)
(1390, 376)
(1390, 377)
(1390, 378)
(1390, 379)
(1391, 380)
(1391, 381)
(1391, 382)
(1390, 383)
(1390, 384)
(1390, 385)
(1390, 386)
(1390, 387)
(1390, 388)
(1390, 389)
(1390, 390)
(1390, 391)
(1390, 392)
(1391, 393)
(1391, 394)
(1391, 395)
(1391, 396)
(1391, 397)
(1391, 398)
(1390, 399)
(1390, 400)
(1390, 401)
(1391, 402)
(1392, 406)
(1390, 407)
(1391, 408)
(1390, 409)
(1390, 410)
(1390, 411)
(1390, 412)
(1389, 413)
(1389, 414)
(1389, 415)
(1389, 416)
(1389, 417)
(1389, 418)
(1389, 419)
(1389, 420)
(1390, 421)
(1390, 422)
(1390, 423)
(1390, 424)
(1390, 425)
(1390, 426)
(1390, 427)
(1390, 428)
(1390, 429)
(1390, 430)
(1390, 431)
(1390, 432)
(1390, 433)
(1390, 434)
(1391, 435)
(1391, 436)
(1391, 437)
(1391, 438)
(1391, 439)
(1391, 440)
(1391, 441)
(1391, 442)
(1391, 443)
(1391, 444)
(1391, 445)
(1391, 446)
(1391, 447)
(1391, 448)
(1391, 449)
(1391, 450)
(1391, 451)
(1391, 452)
(1391, 453)
(1391, 454)
(1391, 455)
(1391, 456)
(1391, 457)
(1391, 458)
(1391, 459)
(1391, 460)
(1391, 461)
(1391, 462)
(1391, 463)
(1391, 464)
(1391, 465)
(1391, 466)
(1391, 467)
(1391, 468)
(1391, 469)
(1391, 470)
(1391, 471)
(1391, 472)
(1391, 473)
(1391, 474)
(1391, 475)
(1391, 476)
(1391, 477)
(1391, 478)
(1391, 479)
(1391, 480)
(1390, 481)
(1390, 482)
(1390, 483)
(1390, 484)
(1390, 485)
(1390, 486)
(1390, 487)
(1390, 488)
(1390, 489)
(1390, 490)
(1390, 491)
(1390, 492)
(1390, 493)
(1390, 494)
(1391, 495)
(1391, 496)
(1391, 497)
(1391, 498)
(1391, 499)
(1391, 500)
(1391, 501)
(1391, 502)
(1391, 503)
(1391, 504)
(1391, 505)
(1391, 506)
(1391, 507)
(1391, 508)
(1391, 509)
(1391, 510)
(1391, 511)
(1391, 512)
(1391, 513)
(1391, 514)
(1391, 515)
(1391, 516)
(1391, 517)
(1391, 518)
(1391, 519)
(1391, 520)
(1391, 521)
(1391, 522)
(1391, 523)
(1390, 524)
(1390, 525)
(1390, 526)
(1390, 527)
(1390, 528)
(1390, 529)
(1390, 530)
(1390, 531)
(1390, 532)
(1390, 533)
(1390, 534)
(1390, 535)
(1390, 536)
(1391, 537)
(1391, 538)
(1391, 539)
(1391, 540)
(1391, 541)
(1391, 542)
(1391, 543)
(1391, 544)
(1391, 545)
(1391, 546)
(1391, 547)
(1391, 548)
(1391, 549)
(1391, 550)
(1391, 551)
(1391, 552)
(1391, 553)
(1391, 554)
(1391, 555)
(1391, 556)
(1391, 557)
(1391, 558)
(1391, 559)
(1391, 560)
(1391, 561)
(1390, 562)
(1390, 563)
(1390, 564)
(1391, 565)
(1391, 566)
(1391, 567)
(1391, 568)
(1391, 569)
(1391, 570)
(1391, 571)
(1391, 572)
(1391, 573)
(1391, 574)
(1391, 575)
(1391, 576)
(1391, 577)
(1390, 578)
(1390, 585)
(1390, 586)
(1390, 587)
(1390, 588)
(1390, 589)
(1389, 590)
(1389, 591)
(1389, 592)
(1389, 593)
(1389, 594)
(1389, 595)
(1389, 596)
(1389, 597)
(1389, 598)
(1389, 599)
(1389, 600)
(1389, 601)
(1389, 602)
(1389, 603)
(1389, 604)
(1389, 605)
(1389, 606)
(1389, 607)
(1390, 608)
(1390, 609)
(1390, 610)
(1390, 611)
(1390, 612)
(1390, 613)
(1391, 614)
(1391, 615)
(1391, 616)
(1391, 617)
(1391, 618)
(1391, 619)
(1391, 620)
(1391, 621)
(1391, 622)
(1391, 623)
(1391, 624)
(1391, 625)
(1391, 626)
(1391, 627)
(1391, 628)
(1390, 629)
(1390, 630)
(1390, 631)
(1390, 632)
(1390, 633)
(1390, 634)
(1390, 635)
(1391, 636)
(1391, 637)
(1391, 638)
(1391, 639)
(1391, 640)
(1391, 641)
(1391, 642)
(1391, 643)
(1391, 644)
(1391, 645)
(1391, 646)
(1391, 647)
(1391, 648)
(1390, 649)
(1390, 650)
(1390, 651)
(1391, 652)
(1391, 653)
(1391, 654)
(1391, 655)
(1391, 656)
(1391, 657)
(1391, 658)
(1391, 659)
(1390, 660)
(1390, 661)
(1390, 662)
(1390, 663)
(1390, 664)
(1390, 665)
(1390, 666)
(1390, 667)
(1390, 668)
(1390, 669)
(1390, 670)
(1390, 671)
(1391, 672)
(1391, 673)
(1391, 674)
(1391, 675)
(1391, 676)
(1391, 677)
(1391, 678)
(1391, 679)
(1391, 680)
(1391, 681)
(1391, 682)
(1391, 683)
(1391, 684)
(1391, 685)
(1391, 686)
(1391, 687)
(1391, 688)
(1391, 689)
(1391, 690)
(1391, 691)
(1391, 692)
(1391, 693)
(1391, 694)
(1391, 695)
(1390, 696)
(1390, 697)
(1390, 698)
(1390, 699)
(1390, 700)
(1390, 701)
(1390, 702)
(1390, 703)
(1390, 704)
(1390, 705)
(1390, 706)
(1390, 707)
(1391, 708)
(1391, 709)
(1391, 710)
(1391, 711)
(1391, 712)
(1391, 713)
(1391, 714)
(1391, 715)
(1390, 716)
(1390, 717)
(1390, 718)
(1390, 719)
(1390, 720)
(1390, 721)
(1390, 722)
(1390, 723)
(1390, 724)
(1390, 725)
(1390, 726)
(1390, 727)
(1390, 728)
(1390, 729)
(1390, 730)
(1390, 731)
(1390, 732)
(1390, 733)
(1390, 734)
(1390, 735)
(1390, 736)
(1391, 737)
(1391, 738)
(1391, 739)
(1391, 740)
(1391, 741)
(1391, 742)
(1391, 743)
(1391, 744)
(1391, 745)
(1391, 746)
(1391, 747)
(1391, 748)
(1391, 749)
(1391, 750)
(1391, 751)
(1391, 752)
(1391, 753)
(1391, 754)
(1391, 755)
(1390, 760)
(1390, 761)
(1390, 762)
(1390, 763)
(1390, 764)
(1390, 765)
(1390, 766)
(1391, 772)
(1389, 773)
(1389, 774)
(1389, 775)
(1389, 776)
(1389, 777)
(1389, 778)
(1389, 779)
(1390, 780)
(1390, 781)
(1390, 782)
(1390, 783)
(1390, 784)
(1390, 785)
(1391, 786)
(1391, 787)
(1391, 788)
(1391, 789)
(1391, 790)
(1391, 791)
(1391, 792)
(1391, 793)
(1391, 794)
(1391, 795)
(1391, 796)
(1391, 797)
(1391, 798)
(1391, 799)
(1391, 800)
(1391, 801)
(1391, 802)
(1391, 803)
(1391, 804)
(1391, 805)
(1391, 806)
(1391, 807)
(1391, 808)
(1391, 809)
(1391, 810)
(1391, 811)
(1391, 812)
(1391, 813)
(1391, 814)
(1391, 815)
(1391, 816)
(1391, 817)
(1391, 818)
(1391, 819)
(1391, 820)
(1391, 821)
(1391, 822)
(1391, 823)
(1391, 824)
(1391, 825)
(1391, 826)
(1391, 827)
(1391, 828)
(1391, 829)
(1391, 830)
(1391, 831)
(1391, 832)
(1391, 833)
(1391, 834)
(1391, 835)
(1391, 836)
(1391, 837)
(1391, 838)
(1391, 839)
(1391, 840)
(1391, 841)
(1391, 842)
(1391, 843)
(1391, 844)
(1391, 845)
(1391, 846)
(1392, 847)
(1392, 848)
(1392, 849)
(1392, 850)
(1392, 851)
(1392, 852)
(1392, 853)
(1392, 854)
(1392, 855)
(1392, 856)
(1392, 857)
(1392, 858)
(1392, 859)
(1392, 860)
(1392, 861)
(1392, 862)
(1392, 863)
(1391, 864)
(1392, 865)
(1392, 866)
(1392, 867)
(1392, 868)
(1392, 869)
(1392, 870)
(1392, 871)
(1392, 872)
(1392, 873)
(1392, 874)
(1392, 875)
(1392, 876)
(1392, 877)
(1392, 878)
(1392, 879)
(1392, 880)
(1392, 881)
(1392, 882)
(1392, 883)
(1392, 884)
(1392, 885)
(1392, 886)
(1392, 887)
(1392, 888)
(1392, 889)
(1392, 890)
(1392, 891)
(1392, 892)
(1392, 893)
(1392, 894)
(1392, 895)
(1392, 896)
(1392, 897)
(1392, 898)
(1392, 899)
(1392, 900)
(1392, 901)
(1392, 902)
(1392, 903)
(1392, 904)
(1392, 905)
(1392, 906)
(1392, 907)
(1392, 908)
(1392, 909)
(1392, 910)
(1392, 911)
(1392, 912)
(1392, 913)
(1392, 914)
(1392, 915)
(1392, 916)
(1392, 917)
(1392, 918)
(1392, 919)
(1392, 920)
(1392, 921)
(1393, 922)
(1393, 923)
(1392, 924)
(1393, 925)
(1393, 926)
(1393, 927)
(1392, 928)
(1392, 929)
(1393, 934)
(1392, 935)
(1392, 936)
(1392, 937)
(1392, 938)
(1392, 939)
(1392, 940)
(1392, 941)
(1391, 942)
(1391, 943)
(1391, 944)
(1392, 945)
(1392, 946)
(1392, 947)
(1392, 948)
(1392, 949)
(1392, 950)
(1392, 951)
(1392, 952)
(1392, 953)
(1392, 954)
(1392, 955)
(1392, 956)
(1392, 957)
(1392, 958)
(1392, 959)
(1392, 960)
(1392, 961)
(1392, 962)
(1393, 963)
(1393, 964)
(1393, 965)
(1393, 966)
(1392, 967)
(1392, 968)
(1392, 969)
(1392, 970)
(1392, 971)
(1392, 972)
(1393, 973)
(1393, 974)
(1393, 975)
(1393, 976)
(1393, 977)
(1393, 978)
(1393, 979)
(1393, 980)
(1393, 981)
(1393, 982)
(1395, 983)
(1393, 984)
(1393, 985)
(1393, 986)
(1393, 987)
(1393, 988)
(1393, 989)
(1393, 990)
(1393, 991)
(1393, 992)
(1393, 993)
(1393, 994)
(1393, 995)
(1393, 996)
(1393, 997)
(1393, 998)
(1393, 999)
(1393, 1000)
(1393, 1001)
(1393, 1002)
(1393, 1003)
(1393, 1004)
(1393, 1005)
(1393, 1006)
(1393, 1007)
(1393, 1008)
(1393, 1009)
(1393, 1010)
(1393, 1011)
(1393, 1012)
(1393, 1013)
(1393, 1014)
(1393, 1015)
(1393, 1016)
(1393, 1017)
(1393, 1018)
(1393, 1019)
(1393, 1020)
(1393, 1021)
(1393, 1022)
(1393, 1023)
(1393, 1024)
(1393, 1025)
(1393, 1026)
(1393, 1027)
(1393, 1028)
(1393, 1029)
(1393, 1030)
(1393, 1031)
(1393, 1032)
(1393, 1033)
(1393, 1034)
(1393, 1035)
(1393, 1036)
(1393, 1037)
(1393, 1038)
(1393, 1039)
(1393, 1040)
(1393, 1041)
(1393, 1042)
(1393, 1043)
(1393, 1044)
(1393, 1045)
(1393, 1046)
(1393, 1047)
(1393, 1048)
(1393, 1049)
(1393, 1050)
(1393, 1051)
(1393, 1052)
(1393, 1053)
(1393, 1054)
(1393, 1055)
(1393, 1056)
(1393, 1057)
(1393, 1058)
(1393, 1059)
(1393, 1060)
(1393, 1061)
(1393, 1062)
(1393, 1063)
(1393, 1064)
(1393, 1065)
(1393, 1066)
(1393, 1067)
(1393, 1068)
(1393, 1069)
(1393, 1070)
(1393, 1071)
(1393, 1072)
(1393, 1073)
(1393, 1074)
(1393, 1075)
(1393, 1076)
(1393, 1077)
(1393, 1078)
(1393, 1079)
(1393, 1080)
(1393, 1081)
(1393, 1082)
(1393, 1083)
(1393, 1084)
(1393, 1085)
(1393, 1086)
(1393, 1087)
(1393, 1088)
(1393, 1089)
(1393, 1090)
(1393, 1091)
(1393, 1092)
(1393, 1093)
(1393, 1094)
(1393, 1095)
(1393, 1096)
(1393, 1097)
(1393, 1098)
(1393, 1099)
(1393, 1100)
(1393, 1101)
(1393, 1102)
(1393, 1103)
(1393, 1104)
(1392, 1105)
(1392, 1110)
(1393, 1111)
(1393, 1112)
(1392, 1113)
(1392, 1114)
(1392, 1115)
(1392, 1116)
(1392, 1117)
(1393, 1118)
(1393, 1119)
(1393, 1120)
(1393, 1121)
(1392, 1122)
(1392, 1123)
(1392, 1124)
(1392, 1125)
(1392, 1126)
(1392, 1127)
(1392, 1128)
(1392, 1129)
(1392, 1130)
(1392, 1131)
(1392, 1132)
(1392, 1133)
(1393, 1134)
(1393, 1135)
(1393, 1136)
(1393, 1137)
(1393, 1138)
(1393, 1139)
(1393, 1140)
(1393, 1141)
(1393, 1142)
(1393, 1143)
(1393, 1144)
(1393, 1145)
(1393, 1146)
(1393, 1147)
(1393, 1148)
(1393, 1149)
(1393, 1150)
(1393, 1151)
(1393, 1152)
(1393, 1153)
(1393, 1154)
(1393, 1155)
(1393, 1156)
(1393, 1157)
(1393, 1158)
(1394, 1159)
(1394, 1160)
(1394, 1161)
(1394, 1162)
(1394, 1163)
(1394, 1164)
(1394, 1165)
(1394, 1166)
(1394, 1167)
(1394, 1168)
(1394, 1169)
(1393, 1170)
(1393, 1171)
(1393, 1172)
(1393, 1173)
(1393, 1174)
(1393, 1175)
(1393, 1176)
(1393, 1177)
(1393, 1178)
(1393, 1179)
(1393, 1180)
(1393, 1181)
(1393, 1182)
(1393, 1183)
(1393, 1184)
(1393, 1185)
(1393, 1186)
(1393, 1187)
(1393, 1188)
(1393, 1189)
(1393, 1190)
(1393, 1191)
(1393, 1192)
(1393, 1193)
(1393, 1194)
(1393, 1195)
(1393, 1196)
(1393, 1197)
(1393, 1198)
(1393, 1199)
(1394, 1200)
(1394, 1201)
(1393, 1202)
(1393, 1203)
(1393, 1204)
(1393, 1205)
(1393, 1206)
(1393, 1207)
(1393, 1208)
(1393, 1209)
(1393, 1210)
(1393, 1211)
(1393, 1212)
(1393, 1213)
(1393, 1214)
(1393, 1215)
(1393, 1216)
(1393, 1217)
(1393, 1218)
(1393, 1219)
(1393, 1220)
(1393, 1221)
(1393, 1222)
(1393, 1223)
(1393, 1224)
(1393, 1225)
(1393, 1226)
(1393, 1227)
(1393, 1228)
(1393, 1229)
(1393, 1230)
(1393, 1231)
(1393, 1232)
(1393, 1233)
(1393, 1234)
(1393, 1235)
(1393, 1236)
(1393, 1237)
(1393, 1238)
(1393, 1239)
(1393, 1240)
(1393, 1241)
(1393, 1242)
(1393, 1243)
(1393, 1244)
(1393, 1245)
(1393, 1246)
(1393, 1247)
(1393, 1248)
(1393, 1249)
(1393, 1250)
(1393, 1251)
(1393, 1252)
(1393, 1253)
(1393, 1254)
(1393, 1255)
(1393, 1256)
(1393, 1257)
(1393, 1258)
(1393, 1259)
(1393, 1260)
(1393, 1261)
(1393, 1262)
(1393, 1263)
(1393, 1264)
(1393, 1265)
(1393, 1266)
(1393, 1267)
(1393, 1268)
(1393, 1269)
(1393, 1270)
(1393, 1271)
(1393, 1272)
(1393, 1273)
(1393, 1274)
(1393, 1275)
(1393, 1276)
(1393, 1277)
(1393, 1278)
(1393, 1279)
(1393, 1280)
(1393, 1281)
(1393, 1282)
(1392, 1287)
(1393, 1288)
(1393, 1289)
(1392, 1290)
(1392, 1291)
(1392, 1292)
(1392, 1293)
(1392, 1294)
(1392, 1295)
(1392, 1296)
(1392, 1297)
(1392, 1298)
(1392, 1299)
(1392, 1300)
(1393, 1301)
(1393, 1302)
(1393, 1303)
(1393, 1304)
(1393, 1305)
(1393, 1306)
(1393, 1307)
(1393, 1308)
(1393, 1309)
(1393, 1310)
(1393, 1311)
(1393, 1312)
(1393, 1313)
(1393, 1314)
(1393, 1315)
(1393, 1316)
(1393, 1317)
(1393, 1318)
(1393, 1319)
(1393, 1320)
(1393, 1321)
(1393, 1322)
(1393, 1323)
(1393, 1324)
(1393, 1325)
(1393, 1326)
(1393, 1327)
(1393, 1328)
(1393, 1329)
(1393, 1330)
(1393, 1331)
(1393, 1332)
(1393, 1333)
(1393, 1334)
(1393, 1335)
(1393, 1336)
(1393, 1337)
(1393, 1338)
(1393, 1339)
(1393, 1340)
(1393, 1341)
(1393, 1342)
(1393, 1343)
(1393, 1344)
(1393, 1345)
(1393, 1346)
(1393, 1347)
(1392, 1348)
(1392, 1349)
(1392, 1350)
(1393, 1351)
(1393, 1352)
(1393, 1353)
(1393, 1354)
(1393, 1355)
(1393, 1356)
(1393, 1357)
(1393, 1358)
(1393, 1359)
(1393, 1360)
(1393, 1361)
(1393, 1362)
(1393, 1363)
(1393, 1364)
(1393, 1365)
(1393, 1366)
(1393, 1367)
(1393, 1368)
(1393, 1369)
(1393, 1370)
(1393, 1371)
(1393, 1372)
(1393, 1373)
(1393, 1374)
(1393, 1375)
(1393, 1376)
(1393, 1377)
(1393, 1378)
(1393, 1379)
(1393, 1380)
(1393, 1381)
(1393, 1382)
(1393, 1383)
(1393, 1384)
(1393, 1385)
(1393, 1386)
(1393, 1387)
(1393, 1388)
(1393, 1389)
(1393, 1390)
(1393, 1391)
(1393, 1392)
(1393, 1393)
(1393, 1394)
(1393, 1395)
(1393, 1396)
(1393, 1397)
(1393, 1398)
(1393, 1399)
(1393, 1400)
(1393, 1401)
(1393, 1402)
(1393, 1403)
(1393, 1404)
(1393, 1405)
(1393, 1406)
(1393, 1407)
(1393, 1408)
(1393, 1409)
(1393, 1410)
(1393, 1411)
(1393, 1412)
(1393, 1413)
(1393, 1414)
(1393, 1415)
(1393, 1416)
(1393, 1417)
(1393, 1418)
(1393, 1419)
(1393, 1420)
(1392, 1421)
(1392, 1422)
(1392, 1423)
(1393, 1424)
(1393, 1425)
(1393, 1426)
(1393, 1427)
(1393, 1428)
(1393, 1429)
(1393, 1430)
(1393, 1431)
(1393, 1432)
(1393, 1433)
(1393, 1434)
(1393, 1435)
(1393, 1436)
(1393, 1437)
(1393, 1438)
(1393, 1439)
(1393, 1440)
(1393, 1441)
(1393, 1442)
(1393, 1443)
(1393, 1444)
(1393, 1445)
(1393, 1446)
(1393, 1447)
(1393, 1448)
(1393, 1449)
(1393, 1450)
(1393, 1451)
(1393, 1452)
(1393, 1453)
(1393, 1454)
(1393, 1455)
(1393, 1456)
(1392, 1457)
(1392, 1458)
(1392, 1459)
(1392, 1464)
(1392, 1465)
(1392, 1466)
(1392, 1467)
(1392, 1468)
(1392, 1469)
(1392, 1470)
(1392, 1471)
(1392, 1472)
(1392, 1473)
(1392, 1474)
(1392, 1475)
(1392, 1476)
(1392, 1477)
(1392, 1478)
(1392, 1479)
(1392, 1480)
(1392, 1481)
(1392, 1482)
(1392, 1483)
(1392, 1484)
(1392, 1485)
(1392, 1486)
(1392, 1487)
(1392, 1488)
(1392, 1489)
(1392, 1490)
(1392, 1491)
(1392, 1492)
(1392, 1493)
(1393, 1494)
(1393, 1495)
(1393, 1496)
(1393, 1497)
(1393, 1498)
(1393, 1499)
(1393, 1500)
(1393, 1501)
(1393, 1502)
(1393, 1503)
(1393, 1504)
(1393, 1505)
(1393, 1506)
(1393, 1507)
(1393, 1508)
(1393, 1509)
(1393, 1510)
(1393, 1511)
(1393, 1512)
(1393, 1513)
(1392, 1514)
(1392, 1515)
(1392, 1516)
(1392, 1517)
(1392, 1518)
(1392, 1519)
(1392, 1520)
(1392, 1521)
(1392, 1522)
(1392, 1523)
(1392, 1524)
(1392, 1525)
(1392, 1526)
(1392, 1527)
(1392, 1528)
(1392, 1529)
(1392, 1530)
(1392, 1531)
(1392, 1532)
(1392, 1533)
(1392, 1534)
(1392, 1535)
(1392, 1536)
(1392, 1537)
(1392, 1538)
(1392, 1539)
(1392, 1540)
(1392, 1541)
(1392, 1542)
(1392, 1543)
(1392, 1544)
(1392, 1545)
(1392, 1546)
(1392, 1547)
(1392, 1548)
(1392, 1549)
(1392, 1550)
(1392, 1551)
(1392, 1552)
(1392, 1553)
(1392, 1554)
(1392, 1555)
(1392, 1556)
(1392, 1557)
(1392, 1558)
(1392, 1559)
(1392, 1560)
(1392, 1561)
(1392, 1562)
(1392, 1563)
(1392, 1564)
(1393, 1565)
(1393, 1566)
(1393, 1567)
(1393, 1568)
(1393, 1569)
(1393, 1570)
(1393, 1571)
(1393, 1572)
(1393, 1573)
(1392, 1574)
(1392, 1575)
(1392, 1576)
(1392, 1577)
(1392, 1578)
(1392, 1579)
(1392, 1580)
(1392, 1581)
(1392, 1582)
(1392, 1583)
(1392, 1584)
(1392, 1585)
(1392, 1586)
(1392, 1587)
(1392, 1588)
(1392, 1589)
(1392, 1590)
(1392, 1591)
(1392, 1592)
(1392, 1593)
(1392, 1594)
(1392, 1595)
(1392, 1596)
(1392, 1597)
(1392, 1598)
(1392, 1599)
(1392, 1600)
(1392, 1601)
(1392, 1602)
(1392, 1603)
(1392, 1604)
(1392, 1605)
(1392, 1606)
(1392, 1607)
(1392, 1608)
(1392, 1609)
(1392, 1610)
(1392, 1611)
(1392, 1612)
(1392, 1613)
(1392, 1614)
(1393, 1615)
(1393, 1616)
(1393, 1617)
(1393, 1618)
(1393, 1619)
(1393, 1620)
(1393, 1621)
(1393, 1622)
(1393, 1623)
(1393, 1624)
(1393, 1625)
(1393, 1626)
(1393, 1627)
(1393, 1628)
(1393, 1629)
(1392, 1630)
(1392, 1631)
(1393, 1632)
(1392, 1633)
(1392, 1634)
(1391, 1635)
(1392, 1640)
(1392, 1641)
(1392, 1642)
(1392, 1643)
(1392, 1644)
(1392, 1645)
(1391, 1646)
(1391, 1647)
(1390, 1648)
(1390, 1649)
(1388, 1650)
(1390, 1651)
(1390, 1652)
(1391, 1653)
(1391, 1654)
(1391, 1655)
(1391, 1656)
(1391, 1657)
(1391, 1658)
(1391, 1659)
(1391, 1660)
(1391, 1661)
(1392, 1662)
(1392, 1663)
(1392, 1664)
(1392, 1665)
(1392, 1666)
(1392, 1667)
(1392, 1668)
(1392, 1669)
(1393, 1670)
(1393, 1671)
(1393, 1672)
(1393, 1673)
(1393, 1674)
(1393, 1675)
(1393, 1676)
(1393, 1677)
(1393, 1678)
(1392, 1679)
(1392, 1680)
(1392, 1681)
(1392, 1682)
(1392, 1683)
(1392, 1684)
(1392, 1685)
(1392, 1686)
(1392, 1687)
(1392, 1688)
(1392, 1689)
(1392, 1690)
(1392, 1691)
(1392, 1692)
(1392, 1693)
(1392, 1694)
(1392, 1695)
(1392, 1696)
(1393, 1697)
(1393, 1698)
(1393, 1699)
(1393, 1700)
(1393, 1701)
(1393, 1702)
(1392, 1703)
(1392, 1704)
(1392, 1705)
(1392, 1706)
(1392, 1707)
(1392, 1708)
(1392, 1709)
(1392, 1710)
(1392, 1711)
(1392, 1712)
(1392, 1713)
(1393, 1714)
(1393, 1715)
(1392, 1716)
(1392, 1717)
(1392, 1718)
(1392, 1719)
(1392, 1720)
(1392, 1721)
(1392, 1722)
(1392, 1723)
(1392, 1724)
(1392, 1725)
(1392, 1726)
(1392, 1727)
(1392, 1728)
(1392, 1729)
(1392, 1730)
(1392, 1731)
(1392, 1732)
(1392, 1733)
(1392, 1734)
(1392, 1735)
(1392, 1736)
(1392, 1737)
(1392, 1738)
(1392, 1739)
(1392, 1740)
(1392, 1741)
(1392, 1742)
(1392, 1743)
(1392, 1744)
(1392, 1745)
(1392, 1746)
(1392, 1747)
(1393, 1748)
(1393, 1749)
(1393, 1750)
(1393, 1751)
(1393, 1752)
(1393, 1753)
(1393, 1754)
(1393, 1755)
(1393, 1756)
(1393, 1757)
(1393, 1758)
(1393, 1759)
(1393, 1760)
(1393, 1761)
(1392, 1762)
(1392, 1763)
(1392, 1764)
(1393, 1765)
(1393, 1766)
(1393, 1767)
(1393, 1768)
(1393, 1769)
(1393, 1770)
(1393, 1771)
(1393, 1772)
(1393, 1773)
(1393, 1774)
(1393, 1775)
(1393, 1776)
(1393, 1777)
(1392, 1778)
(1392, 1779)
(1392, 1780)
(1392, 1781)
(1392, 1782)
(1392, 1783)
(1392, 1784)
(1392, 1785)
(1392, 1786)
(1392, 1787)
(1392, 1788)
(1392, 1789)
(1392, 1790)
(1392, 1791)
(1392, 1792)
(1392, 1793)
(1392, 1794)
(1392, 1795)
(1392, 1796)
(1392, 1797)
(1392, 1798)
(1392, 1799)
(1392, 1800)
(1392, 1801)
(1392, 1802)
(1393, 1803)
(1393, 1804)
(1393, 1805)
(1393, 1806)
(1393, 1807)
(1393, 1808)
(1393, 1809)
(1393, 1810)
(1393, 1811)
(1390, 1815)
(1392, 1816)
(1392, 1817)
(1392, 1818)
(1392, 1819)
(1392, 1820)
(1392, 1821)
(1392, 1822)
(1391, 1823)
(1391, 1824)
(1391, 1825)
(1391, 1826)
(1391, 1827)
(1391, 1828)
(1391, 1829)
(1391, 1830)
(1391, 1831)
(1391, 1832)
(1391, 1833)
(1391, 1834)
(1392, 1835)
(1392, 1836)
(1392, 1837)
(1391, 1838)
(1391, 1839)
(1392, 1840)
(1392, 1841)
(1392, 1842)
(1392, 1843)
(1392, 1844)
(1392, 1845)
(1392, 1846)
(1392, 1847)
(1392, 1848)
(1392, 1849)
(1392, 1850)
(1392, 1851)
(1392, 1852)
(1392, 1853)
(1392, 1854)
(1392, 1855)
(1392, 1856)
(1392, 1857)
(1392, 1858)
(1392, 1859)
(1392, 1860)
(1392, 1861)
(1392, 1862)
(1392, 1863)
(1392, 1864)
(1392, 1865)
(1392, 1866)
(1392, 1867)
(1392, 1868)
(1392, 1869)
(1392, 1870)
(1392, 1871)
(1392, 1872)
(1392, 1873)
(1392, 1874)
(1392, 1875)
(1392, 1876)
(1392, 1877)
(1392, 1878)
(1392, 1879)
(1392, 1880)
(1392, 1881)
(1392, 1882)
(1392, 1883)
(1392, 1884)
(1392, 1885)
(1392, 1886)
(1392, 1887)
(1393, 1888)
(1393, 1889)
(1393, 1890)
(1393, 1891)
(1393, 1892)
(1393, 1893)
(1393, 1894)
(1393, 1895)
(1393, 1896)
(1393, 1897)
(1393, 1898)
(1392, 1899)
(1392, 1900)
(1392, 1901)
(1392, 1902)
(1392, 1903)
(1392, 1904)
(1392, 1905)
(1392, 1906)
(1392, 1907)
(1393, 1908)
(1393, 1909)
(1393, 1910)
(1393, 1911)
(1393, 1912)
(1393, 1913)
(1393, 1914)
(1393, 1915)
(1393, 1916)
(1393, 1917)
(1393, 1918)
(1393, 1919)
(1393, 1920)
(1393, 1921)
(1393, 1922)
(1393, 1923)
(1393, 1924)
(1392, 1925)
(1392, 1926)
(1392, 1927)
(1392, 1928)
(1392, 1929)
(1392, 1930)
(1392, 1931)
(1392, 1932)
(1392, 1933)
(1392, 1934)
(1392, 1935)
(1392, 1936)
(1392, 1937)
(1392, 1938)
(1392, 1939)
(1392, 1940)
(1392, 1941)
(1392, 1942)
(1392, 1943)
(1392, 1944)
(1392, 1945)
(1392, 1946)
(1392, 1947)
(1392, 1948)
(1392, 1949)
(1392, 1950)
(1392, 1951)
(1392, 1952)
(1392, 1953)
(1392, 1954)
(1392, 1955)
(1392, 1956)
(1392, 1957)
(1392, 1958)
(1392, 1959)
(1392, 1960)
(1392, 1961)
(1393, 1962)
(1393, 1963)
(1393, 1964)
(1393, 1965)
(1393, 1966)
(1392, 1967)
(1392, 1968)
(1392, 1969)
(1392, 1970)
(1392, 1971)
(1392, 1972)
(1392, 1973)
(1392, 1974)
(1392, 1975)
(1392, 1976)
(1392, 1977)
(1392, 1978)
(1392, 1979)
(1392, 1980)
(1392, 1981)
(1393, 1982)
(1393, 1983)
(1393, 1984)
(1393, 1985)
(1393, 1986)
(1392, 1987)
(1392, 1988)
(1392, 1993)
(1392, 1994)
(1392, 1995)
(1392, 1996)
(1392, 1997)
(1392, 1998)
(1392, 1999)
(1391, 2000)
(1391, 2001)
(1391, 2002)
(1391, 2003)
(1391, 2004)
(1392, 2005)
(1392, 2006)
(1392, 2007)
(1392, 2008)
(1391, 2009)
(1391, 2010)
(1391, 2011)
(1391, 2012)
(1391, 2013)
(1391, 2014)
(1391, 2015)
(1392, 2016)
(1392, 2017)
(1392, 2018)
(1392, 2019)
(1392, 2020)
(1392, 2021)
(1392, 2022)
(1392, 2023)
(1393, 2024)
(1393, 2025)
(1393, 2026)
(1392, 2027)
(1392, 2028)
(1392, 2029)
(1392, 2030)
(1392, 2031)
(1392, 2032)
(1392, 2033)
(1392, 2034)
(1392, 2035)
(1392, 2036)
(1392, 2037)
(1392, 2038)
(1393, 2039)
(1393, 2040)
(1393, 2041)
(1392, 2042)
(1392, 2043)
(1392, 2044)
(1392, 2045)
(1392, 2046)
(1392, 2047)
(1392, 2048)
(1392, 2049)
(1392, 2050)
(1392, 2051)
(1392, 2052)
(1392, 2053)
(1392, 2054)
(1392, 2055)
(1392, 2056)
(1392, 2057)
(1392, 2058)
(1392, 2059)
(1392, 2060)
(1392, 2061)
(1392, 2062)
(1392, 2063)
(1392, 2064)
(1392, 2065)
(1392, 2066)
(1392, 2067)
(1392, 2068)
(1392, 2069)
(1392, 2070)
(1392, 2071)
(1392, 2072)
(1392, 2073)
(1392, 2074)
(1392, 2075)
(1392, 2076)
(1392, 2077)
(1392, 2078)
(1392, 2079)
(1392, 2080)
(1392, 2081)
(1393, 2082)
(1393, 2083)
(1393, 2084)
(1393, 2085)
(1393, 2086)
(1393, 2087)
(1393, 2088)
(1393, 2089)
(1393, 2090)
(1393, 2091)
(1393, 2092)
(1393, 2093)
(1393, 2094)
(1393, 2095)
(1393, 2096)
(1393, 2097)
(1393, 2098)
(1393, 2099)
(1393, 2100)
(1393, 2101)
(1393, 2102)
(1393, 2103)
(1393, 2104)
(1392, 2105)
(1392, 2106)
(1392, 2107)
(1392, 2108)
(1392, 2109)
(1392, 2110)
(1392, 2111)
(1392, 2112)
(1392, 2113)
(1392, 2114)
(1392, 2115)
(1392, 2116)
(1392, 2117)
(1392, 2118)
(1392, 2119)
(1392, 2120)
(1393, 2121)
(1393, 2122)
(1393, 2123)
(1393, 2124)
(1393, 2125)
(1393, 2126)
(1393, 2127)
(1393, 2128)
(1393, 2129)
(1393, 2130)
(1393, 2131)
(1393, 2132)
(1393, 2133)
(1393, 2134)
(1393, 2135)
(1393, 2136)
(1393, 2137)
(1393, 2138)
(1393, 2139)
(1393, 2140)
(1393, 2141)
(1393, 2142)
(1393, 2143)
(1393, 2144)
(1393, 2145)
(1393, 2146)
(1393, 2147)
(1393, 2148)
(1393, 2149)
(1393, 2150)
(1393, 2151)
(1393, 2152)
(1393, 2153)
(1393, 2154)
(1393, 2155)
(1393, 2156)
(1393, 2157)
(1393, 2158)
(1393, 2159)
(1393, 2160)
(1393, 2161)
(1393, 2162)
(1393, 2163)
(1392, 2164)
(1392, 2165)
(1392, 2169)
(1392, 2170)
(1392, 2171)
(1392, 2172)
(1392, 2173)
(1392, 2174)
(1392, 2175)
(1392, 2176)
(1392, 2177)
(1392, 2178)
(1392, 2179)
(1392, 2180)
(1392, 2181)
(1392, 2182)
(1392, 2183)
(1392, 2184)
(1392, 2185)
(1392, 2186)
(1392, 2187)
(1392, 2188)
(1392, 2189)
(1392, 2190)
(1392, 2191)
(1392, 2192)
(1392, 2193)
(1391, 2194)
(1392, 2195)
(1392, 2196)
(1392, 2197)
(1392, 2198)
(1392, 2199)
(1393, 2200)
(1393, 2201)
(1393, 2202)
(1393, 2203)
(1393, 2204)
(1393, 2205)
(1393, 2206)
(1392, 2207)
(1392, 2208)
(1392, 2209)
(1392, 2210)
(1392, 2211)
(1392, 2212)
(1392, 2213)
(1392, 2214)
(1392, 2215)
(1392, 2216)
(1392, 2217)
(1392, 2218)
(1392, 2219)
(1392, 2220)
(1392, 2221)
(1392, 2222)
(1392, 2223)
(1392, 2224)
(1392, 2225)
(1392, 2226)
(1392, 2227)
(1392, 2228)
(1392, 2229)
(1392, 2230)
(1392, 2231)
(1392, 2232)
(1392, 2233)
(1392, 2234)
(1392, 2235)
(1392, 2236)
(1392, 2237)
(1392, 2238)
(1392, 2239)
(1392, 2240)
(1392, 2241)
(1393, 2242)
(1393, 2243)
(1393, 2244)
(1393, 2245)
(1393, 2246)
(1393, 2247)
(1393, 2248)
(1393, 2249)
(1393, 2250)
(1393, 2251)
(1393, 2252)
(1393, 2253)
(1393, 2254)
(1392, 2255)
(1392, 2256)
(1392, 2257)
(1392, 2258)
(1392, 2259)
(1392, 2260)
(1392, 2261)
(1392, 2262)
(1392, 2263)
(1392, 2264)
(1392, 2265)
(1392, 2266)
(1392, 2267)
(1392, 2268)
(1392, 2269)
(1392, 2270)
(1392, 2271)
(1392, 2272)
(1392, 2273)
(1392, 2274)
(1392, 2275)
(1392, 2276)
(1392, 2277)
(1392, 2278)
(1392, 2279)
(1392, 2280)
(1392, 2281)
(1392, 2282)
(1392, 2283)
(1392, 2284)
(1392, 2285)
(1392, 2286)
(1392, 2287)
(1392, 2288)
(1392, 2289)
(1392, 2290)
(1392, 2291)
(1392, 2292)
(1392, 2293)
(1392, 2294)
(1392, 2295)
(1392, 2296)
(1392, 2297)
(1392, 2298)
(1392, 2299)
(1392, 2300)
(1392, 2301)
(1392, 2302)
(1392, 2303)
(1392, 2304)
(1392, 2305)
(1392, 2306)
(1392, 2307)
(1392, 2308)
(1392, 2309)
(1392, 2310)
(1392, 2311)
(1392, 2312)
(1392, 2313)
(1392, 2314)
(1392, 2315)
(1392, 2316)
(1392, 2317)
(1392, 2318)
(1392, 2319)
(1392, 2320)
(1392, 2321)
(1392, 2322)
(1392, 2323)
(1392, 2324)
(1392, 2325)
(1392, 2326)
(1392, 2327)
(1392, 2328)
(1392, 2329)
(1392, 2330)
(1392, 2331)
(1392, 2332)
(1392, 2333)
(1392, 2334)
(1392, 2335)
(1393, 2336)
(1393, 2337)
(1393, 2338)
(1393, 2339)
(1393, 2340)
(1393, 2341)
(1393, 2342)
(1391, 2346)
(1392, 2347)
(1392, 2348)
(1392, 2349)
(1392, 2350)
(1392, 2351)
(1392, 2352)
(1392, 2353)
(1392, 2354)
(1393, 2355)
(1393, 2356)
(1392, 2357)
(1392, 2358)
(1392, 2359)
(1392, 2360)
(1392, 2361)
(1392, 2362)
(1392, 2363)
(1392, 2364)
(1392, 2365)
(1392, 2366)
(1392, 2367)
(1392, 2368)
(1392, 2369)
(1392, 2370)
(1393, 2371)
(1393, 2372)
(1393, 2373)
(1392, 2374)
(1393, 2375)
(1393, 2376)
(1393, 2377)
(1393, 2378)
(1393, 2379)
(1393, 2380)
(1393, 2381)
(1392, 2382)
(1392, 2383)
(1392, 2384)
(1392, 2385)
(1392, 2386)
(1392, 2387)
(1392, 2388)
(1392, 2389)
(1393, 2390)
(1393, 2391)
(1393, 2392)
(1393, 2393)
(1393, 2394)
(1393, 2395)
(1393, 2396)
(1393, 2397)
(1393, 2398)
(1393, 2399)
(1393, 2400)
(1393, 2401)
(1393, 2402)
(1393, 2403)
(1393, 2404)
(1393, 2405)
(1393, 2406)
(1393, 2407)
(1393, 2408)
(1393, 2409)
(1393, 2410)
(1393, 2411)
(1393, 2412)
(1393, 2413)
(1393, 2414)
(1393, 2415)
(1393, 2416)
(1393, 2417)
(1393, 2418)
(1393, 2419)
(1393, 2420)
(1393, 2421)
(1393, 2422)
(1393, 2423)
(1393, 2424)
(1393, 2425)
(1393, 2426)
(1393, 2427)
(1393, 2428)
(1393, 2429)
(1393, 2430)
(1393, 2431)
(1393, 2432)
(1393, 2433)
(1393, 2434)
(1393, 2435)
(1393, 2436)
(1393, 2437)
(1393, 2438)
(1393, 2439)
(1393, 2440)
(1393, 2441)
(1393, 2442)
(1393, 2443)
(1393, 2444)
(1393, 2445)
(1393, 2446)
(1393, 2447)
(1393, 2448)
(1393, 2449)
(1392, 2450)
(1392, 2451)
(1392, 2452)
(1393, 2453)
(1393, 2454)
(1393, 2455)
(1393, 2456)
(1393, 2457)
(1393, 2458)
(1393, 2459)
(1393, 2460)
(1393, 2461)
(1393, 2462)
(1393, 2463)
(1393, 2464)
(1393, 2465)
(1393, 2466)
(1393, 2467)
(1393, 2468)
(1393, 2469)
(1393, 2470)
(1393, 2471)
(1393, 2472)
(1393, 2473)
(1393, 2474)
(1393, 2475)
(1393, 2476)
(1393, 2477)
(1393, 2478)
(1393, 2479)
(1393, 2480)
(1393, 2481)
(1393, 2482)
(1393, 2483)
(1393, 2484)
(1393, 2485)
(1393, 2486)
(1393, 2487)
(1393, 2488)
(1393, 2489)
(1393, 2490)
(1393, 2491)
(1393, 2492)
(1393, 2493)
(1393, 2494)
(1393, 2495)
(1393, 2496)
(1393, 2497)
(1393, 2498)
(1393, 2499)
(1393, 2500)
(1393, 2501)
(1393, 2502)
(1393, 2503)
(1393, 2504)
(1393, 2505)
(1393, 2506)
(1393, 2507)
(1393, 2508)
(1393, 2509)
(1393, 2510)
(1393, 2511)
(1393, 2512)
(1393, 2513)
(1393, 2514)
(1393, 2515)
(1393, 2516)
(1393, 2517)
(1393, 2518)
(1392, 2519)
(1393, 2520)
(1392, 2521)
(1393, 2522)
(1393, 2523)
(1393, 2524)
(1393, 2525)
(1393, 2526)
(1393, 2527)
(1393, 2528)
(1393, 2529)
(1393, 2530)
(1393, 2531)
(1393, 2532)
(1393, 2533)
(1393, 2534)
(1393, 2535)
(1393, 2536)
(1393, 2537)
(1393, 2538)
(1393, 2539)
(1393, 2540)
(1393, 2541)
(1393, 2542)
(1393, 2543)
(1393, 2544)
(1393, 2545)
(1393, 2546)
(1393, 2547)
(1393, 2548)
(1394, 2549)
(1393, 2550)
(1393, 2551)
(1393, 2552)
(1393, 2553)
(1393, 2554)
(1393, 2555)
(1393, 2556)
(1393, 2557)
(1393, 2558)
(1393, 2559)
(1393, 2560)
(1393, 2561)
(1393, 2562)
(1393, 2563)
(1393, 2564)
(1393, 2565)
(1393, 2566)
(1393, 2567)
(1393, 2568)
(1393, 2569)
(1393, 2570)
(1393, 2571)
(1393, 2572)
(1393, 2573)
(1393, 2574)
(1393, 2575)
(1393, 2576)
(1393, 2577)
(1393, 2578)
(1393, 2579)
(1393, 2580)
(1393, 2581)
(1393, 2582)
(1393, 2583)
(1393, 2584)
(1393, 2585)
(1393, 2586)
(1393, 2587)
(1393, 2588)
(1394, 2589)
(1394, 2590)
(1394, 2591)
(1394, 2592)
(1394, 2593)
(1394, 2594)
(1394, 2595)
(1394, 2596)
(1394, 2597)
(1394, 2598)
(1394, 2599)
(1394, 2600)
(1394, 2601)
(1393, 2602)
(1393, 2603)
(1393, 2604)
(1393, 2605)
(1393, 2606)
(1393, 2607)
(1393, 2608)
(1393, 2609)
(1393, 2610)
(1393, 2611)
(1393, 2612)
(1393, 2613)
(1393, 2614)
(1393, 2615)
(1393, 2616)
(1393, 2617)
(1393, 2618)
(1393, 2619)
(1393, 2620)
(1393, 2621)
(1393, 2622)
(1393, 2623)
(1393, 2624)
(1393, 2625)
(1393, 2626)
(1393, 2627)
(1393, 2628)
(1393, 2629)
(1393, 2630)
(1393, 2631)
(1393, 2632)
(1393, 2633)
(1393, 2634)
(1393, 2635)
(1393, 2636)
(1394, 2637)
(1394, 2638)
(1394, 2639)
(1394, 2640)
(1394, 2641)
(1394, 2642)
(1394, 2643)
(1394, 2644)
(1394, 2645)
(1394, 2646)
(1394, 2647)
(1394, 2648)
(1394, 2649)
(1394, 2650)
(1393, 2651)
(1393, 2652)
(1393, 2653)
(1393, 2654)
(1393, 2655)
(1393, 2656)
(1393, 2657)
(1393, 2658)
(1393, 2659)
(1393, 2660)
(1393, 2661)
(1393, 2662)
(1393, 2663)
(1393, 2664)
(1393, 2665)
(1393, 2666)
(1393, 2667)
(1393, 2668)
(1393, 2669)
(1393, 2670)
(1393, 2671)
(1393, 2672)
(1393, 2673)
(1393, 2674)
(1393, 2675)
(1393, 2676)
(1393, 2677)
(1393, 2678)
(1393, 2679)
(1393, 2680)
(1393, 2681)
(1393, 2682)
(1393, 2683)
(1393, 2684)
(1393, 2685)
(1393, 2686)
(1393, 2687)
(1393, 2688)
(1393, 2689)
(1393, 2690)
(1393, 2691)
(1394, 2692)
(1394, 2693)
(1393, 2694)
(1393, 2695)
(1391, 2696)
(1390, 2697)
(1390, 2698)
(1393, 2699)
(1393, 2700)
(1393, 2701)
(1393, 2702)
(1393, 2703)
(1393, 2704)
(1393, 2705)
(1393, 2706)
(1393, 2707)
(1393, 2708)
(1393, 2709)
(1393, 2710)
(1393, 2711)
(1393, 2712)
(1393, 2713)
(1393, 2714)
(1393, 2715)
(1393, 2716)
(1393, 2717)
(1393, 2718)
(1393, 2719)
(1393, 2720)
(1393, 2721)
(1393, 2722)
(1393, 2723)
(1393, 2724)
(1393, 2725)
(1393, 2726)
(1393, 2727)
(1393, 2728)
(1394, 2729)
(1394, 2730)
(1393, 2731)
(1393, 2732)
(1393, 2733)
(1393, 2734)
(1393, 2735)
(1393, 2736)
(1393, 2737)
(1393, 2738)
(1393, 2739)
(1393, 2740)
(1393, 2741)
(1393, 2742)
(1393, 2743)
(1393, 2744)
(1393, 2745)
(1393, 2746)
(1393, 2747)
(1393, 2748)
(1393, 2749)
(1393, 2750)
(1393, 2751)
(1393, 2752)
(1393, 2753)
(1393, 2754)
(1393, 2755)
(1393, 2756)
(1393, 2757)
(1393, 2758)
(1393, 2759)
(1393, 2760)
(1393, 2761)
(1393, 2762)
(1393, 2763)
(1393, 2764)
(1393, 2765)
(1393, 2766)
(1393, 2767)
(1393, 2768)
(1393, 2769)
(1393, 2770)
(1393, 2771)
(1393, 2772)
(1393, 2773)
(1393, 2774)
(1393, 2775)
(1393, 2776)
(1393, 2777)
(1393, 2778)
(1393, 2779)
(1393, 2780)
(1393, 2781)
(1393, 2782)
(1393, 2783)
(1393, 2784)
(1393, 2785)
(1393, 2786)
(1393, 2787)
(1393, 2788)
(1393, 2789)
(1393, 2790)
(1393, 2791)
(1393, 2792)
(1393, 2793)
(1393, 2794)
(1393, 2795)
(1393, 2796)
(1393, 2797)
(1393, 2798)
(1393, 2799)
(1393, 2800)
(1393, 2801)
(1393, 2802)
(1393, 2803)
(1393, 2804)
(1393, 2805)
(1393, 2806)
(1393, 2807)
(1393, 2808)
(1393, 2809)
(1393, 2810)
(1393, 2811)
(1393, 2812)
(1393, 2813)
(1393, 2814)
(1393, 2815)
(1393, 2816)
(1393, 2817)
(1393, 2818)
(1393, 2819)
(1393, 2820)
(1392, 2821)
(1392, 2822)
(1393, 2823)
(1393, 2824)
(1393, 2825)
(1393, 2826)
(1393, 2827)
(1393, 2828)
(1393, 2829)
(1393, 2830)
(1393, 2831)
(1393, 2832)
(1393, 2833)
(1393, 2834)
(1393, 2835)
(1393, 2836)
(1393, 2837)
(1393, 2838)
(1393, 2839)
(1393, 2840)
(1393, 2841)
(1392, 2842)
(1392, 2843)
(1392, 2844)
(1392, 2845)
(1392, 2846)
(1392, 2847)
(1392, 2848)
(1392, 2849)
(1392, 2850)
(1392, 2851)
(1392, 2852)
(1392, 2853)
(1392, 2854)
(1392, 2855)
(1392, 2856)
(1392, 2857)
(1392, 2858)
(1392, 2859)
(1392, 2860)
(1393, 2861)
(1393, 2862)
(1393, 2863)
(1393, 2864)
(1393, 2865)
(1393, 2866)
(1393, 2867)
(1393, 2868)
(1393, 2869)
(1392, 2870)
(1388, 2871)
(1388, 2872)
(1391, 2873)
(1393, 2874)
(1393, 2875)
(1393, 2876)
(1393, 2877)
(1393, 2878)
(1393, 2879)
(1393, 2880)
(1393, 2881)
(1393, 2882)
(1392, 2883)
(1392, 2884)
(1392, 2885)
(1392, 2886)
(1392, 2887)
(1392, 2888)
(1392, 2889)
(1393, 2890)
(1393, 2891)
(1393, 2892)
(1393, 2893)
(1393, 2894)
(1393, 2895)
(1393, 2896)
(1393, 2897)
(1393, 2898)
(1393, 2899)
(1393, 2900)
(1393, 2901)
(1393, 2902)
(1393, 2903)
(1393, 2904)
(1393, 2905)
(1393, 2906)
(1393, 2907)
(1393, 2908)
(1392, 2909)
(1392, 2910)
(1392, 2911)
(1392, 2912)
(1392, 2913)
(1393, 2914)
(1393, 2915)
(1393, 2916)
(1393, 2917)
(1393, 2918)
(1393, 2919)
(1393, 2920)
(1393, 2921)
(1393, 2922)
(1393, 2923)
(1393, 2924)
(1393, 2925)
(1393, 2926)
(1393, 2927)
(1392, 2928)
(1392, 2929)
(1392, 2930)
(1392, 2931)
(1392, 2932)
(1392, 2933)
(1392, 2934)
(1392, 2935)
(1392, 2936)
(1392, 2937)
(1392, 2938)
(1392, 2939)
(1392, 2940)
(1392, 2941)
(1392, 2942)
(1392, 2943)
(1392, 2944)
(1392, 2945)
(1392, 2946)
(1392, 2947)
(1392, 2948)
(1392, 2949)
(1392, 2950)
(1392, 2951)
(1392, 2952)
(1392, 2953)
(1392, 2954)
(1392, 2955)
(1392, 2956)
(1392, 2957)
(1392, 2958)
(1392, 2959)
(1392, 2960)
(1392, 2961)
(1392, 2962)
(1392, 2963)
(1392, 2964)
(1392, 2965)
(1392, 2966)
(1392, 2967)
(1392, 2968)
(1392, 2969)
(1392, 2970)
(1392, 2971)
(1392, 2972)
(1392, 2973)
(1392, 2974)
(1392, 2975)
(1392, 2976)
(1392, 2977)
(1392, 2978)
(1392, 2979)
(1393, 2980)
(1393, 2981)
(1393, 2982)
(1393, 2983)
(1393, 2984)
(1393, 2985)
(1393, 2986)
(1393, 2987)
(1393, 2988)
(1393, 2989)
(1393, 2990)
(1393, 2991)
(1393, 2992)
(1393, 2993)
(1393, 2994)
(1393, 2995)
(1393, 2996)
(1392, 2997)
(1392, 2998)
(1392, 2999)
(1392, 3000)
(1392, 3001)
(1392, 3002)
(1392, 3003)
(1392, 3004)
(1392, 3005)
(1392, 3006)
(1392, 3007)
(1392, 3008)
(1392, 3009)
(1392, 3010)
(1392, 3011)
(1392, 3012)
(1392, 3013)
(1392, 3014)
(1392, 3015)
(1392, 3016)
(1392, 3017)
(1392, 3018)
(1392, 3019)
(1392, 3020)
(1392, 3021)
(1392, 3022)
(1392, 3023)
(1392, 3024)
(1392, 3025)
(1392, 3026)
(1392, 3027)
(1392, 3028)
(1392, 3029)
(1392, 3030)
(1392, 3031)
(1393, 3032)
(1393, 3033)
(1393, 3034)
(1393, 3035)
(1393, 3036)
(1393, 3037)
(1393, 3038)
(1393, 3039)
(1393, 3040)
(1393, 3041)
(1392, 3042)
(1392, 3043)
(1393, 3044)
(1393, 3045)
(1393, 3046)
(1392, 3047)
(1389, 3048)
(1388, 3049)
(1388, 3050)
(1393, 3051)
(1392, 3052)
(1393, 3053)
(1392, 3054)
(1392, 3055)
(1392, 3056)
(1392, 3057)
(1392, 3058)
(1392, 3059)
(1392, 3060)
(1392, 3061)
(1392, 3062)
(1392, 3063)
(1392, 3064)
(1392, 3065)
(1392, 3066)
(1392, 3067)
(1392, 3068)
(1392, 3069)
(1392, 3070)
(1392, 3071)
(1392, 3072)
(1392, 3073)
(1392, 3074)
(1392, 3075)
(1392, 3076)
(1392, 3077)
(1392, 3078)
(1392, 3079)
(1393, 3080)
(1393, 3081)
(1393, 3082)
(1393, 3083)
(1393, 3084)
(1393, 3085)
(1392, 3086)
(1392, 3087)
(1392, 3088)
(1392, 3089)
(1392, 3090)
(1392, 3091)
(1392, 3092)
(1392, 3093)
(1392, 3094)
(1392, 3095)
(1392, 3096)
(1392, 3097)
(1392, 3098)
(1392, 3099)
(1392, 3100)
(1392, 3101)
(1392, 3102)
(1392, 3103)
(1392, 3104)
(1392, 3105)
(1392, 3106)
(1392, 3107)
(1392, 3108)
(1392, 3109)
(1392, 3110)
(1392, 3111)
(1392, 3112)
(1392, 3113)
(1392, 3114)
(1392, 3115)
(1392, 3116)
(1392, 3117)
(1392, 3118)
(1392, 3119)
(1392, 3120)
(1392, 3121)
(1392, 3122)
(1392, 3123)
(1392, 3124)
(1392, 3125)
(1392, 3126)
(1392, 3127)
(1392, 3128)
(1392, 3129)
(1392, 3130)
(1392, 3131)
(1393, 3132)
(1393, 3133)
(1393, 3134)
(1393, 3135)
(1393, 3136)
(1393, 3137)
(1393, 3138)
(1393, 3139)
(1393, 3140)
(1393, 3141)
(1393, 3142)
(1393, 3143)
(1393, 3144)
(1392, 3145)
(1392, 3146)
(1392, 3147)
(1392, 3148)
(1392, 3149)
(1392, 3150)
(1392, 3151)
(1392, 3152)
(1392, 3153)
(1392, 3154)
(1392, 3155)
(1392, 3156)
(1392, 3157)
(1392, 3158)
(1392, 3159)
(1392, 3160)
(1392, 3161)
(1392, 3162)
(1392, 3163)
(1392, 3164)
(1392, 3165)
(1392, 3166)
(1392, 3167)
(1392, 3168)
(1392, 3169)
(1392, 3170)
(1392, 3171)
(1392, 3172)
(1392, 3173)
(1392, 3174)
(1392, 3175)
(1392, 3176)
(1392, 3177)
(1392, 3178)
(1392, 3179)
(1392, 3180)
(1392, 3181)
(1392, 3182)
(1392, 3183)
(1392, 3184)
(1392, 3185)
(1392, 3186)
(1392, 3187)
(1392, 3188)
(1393, 3189)
(1393, 3190)
(1393, 3191)
(1393, 3192)
(1393, 3193)
(1393, 3194)
(1393, 3195)
(1393, 3196)
(1393, 3197)
(1393, 3198)
(1393, 3199)
(1393, 3200)
(1393, 3201)
(1393, 3202)
(1393, 3203)
(1393, 3204)
(1393, 3205)
(1393, 3206)
(1393, 3207)
(1393, 3208)
(1393, 3209)
(1393, 3210)
(1393, 3211)
(1393, 3212)
(1393, 3213)
(1393, 3214)
(1393, 3215)
(1393, 3216)
(1393, 3217)
(1393, 3218)
(1393, 3219)
(1393, 3220)
(1393, 3221)
(1392, 3222)
(1392, 3223)
(1392, 3224)
(1392, 3228)
(1392, 3229)
(1392, 3230)
(1392, 3231)
(1392, 3232)
(1392, 3233)
(1392, 3234)
(1392, 3235)
(1392, 3236)
(1392, 3237)
(1392, 3238)
(1392, 3239)
(1392, 3240)
(1392, 3241)
(1392, 3242)
(1392, 3243)
(1392, 3244)
(1392, 3245)
(1392, 3246)
(1392, 3247)
(1392, 3248)
(1392, 3249)
(1392, 3250)
(1392, 3251)
(1392, 3252)
(1392, 3253)
(1392, 3254)
(1392, 3255)
(1392, 3256)
(1392, 3257)
(1393, 3258)
(1392, 3259)
(1392, 3260)
(1392, 3261)
(1393, 3262)
(1393, 3263)
(1393, 3264)
(1393, 3265)
(1393, 3266)
(1393, 3267)
(1393, 3268)
(1393, 3269)
(1393, 3270)
(1393, 3271)
(1393, 3272)
(1393, 3273)
(1393, 3274)
(1393, 3275)
(1393, 3276)
(1393, 3277)
(1393, 3278)
(1392, 3279)
(1392, 3280)
(1392, 3281)
(1392, 3282)
(1392, 3283)
(1392, 3284)
(1392, 3285)
(1392, 3286)
(1392, 3287)
(1392, 3288)
(1392, 3289)
(1392, 3290)
(1392, 3291)
(1392, 3292)
(1392, 3293)
(1392, 3294)
(1393, 3295)
(1393, 3296)
(1393, 3297)
(1393, 3298)
(1393, 3299)
(1393, 3300)
(1393, 3301)
(1393, 3302)
(1393, 3303)
(1393, 3304)
(1393, 3305)
(1393, 3306)
(1393, 3307)
(1393, 3308)
(1392, 3309)
(1393, 3310)
(1393, 3311)
(1393, 3312)
(1393, 3313)
(1393, 3314)
(1393, 3315)
(1393, 3316)
(1393, 3317)
(1393, 3318)
(1393, 3319)
(1393, 3320)
(1393, 3321)
(1393, 3322)
(1393, 3323)
(1393, 3324)
(1392, 3325)
(1392, 3326)
(1393, 3327)
(1393, 3328)
(1393, 3329)
(1393, 3330)
(1393, 3331)
(1393, 3332)
(1393, 3333)
(1393, 3334)
(1393, 3335)
(1393, 3336)
(1393, 3337)
(1393, 3338)
(1393, 3339)
(1393, 3340)
(1393, 3341)
(1393, 3342)
(1393, 3343)
(1393, 3344)
(1393, 3345)
(1393, 3346)
(1393, 3347)
(1393, 3348)
(1393, 3349)
(1393, 3350)
(1393, 3351)
(1393, 3352)
(1393, 3353)
(1393, 3354)
(1393, 3355)
(1393, 3356)
(1393, 3357)
(1393, 3358)
(1393, 3359)
(1393, 3360)
(1393, 3361)
(1393, 3362)
(1393, 3363)
(1393, 3364)
(1393, 3365)
(1393, 3366)
(1393, 3367)
(1393, 3368)
(1393, 3369)
(1393, 3370)
(1393, 3371)
(1393, 3372)
(1393, 3373)
(1393, 3374)
(1393, 3375)
(1393, 3376)
(1393, 3377)
(1393, 3378)
(1393, 3379)
(1393, 3380)
(1393, 3381)
(1393, 3382)
(1393, 3383)
(1393, 3384)
(1393, 3385)
(1393, 3386)
(1393, 3387)
(1393, 3388)
(1393, 3389)
(1393, 3390)
(1393, 3391)
(1393, 3392)
(1393, 3393)
(1393, 3394)
(1393, 3395)
(1393, 3396)
(1393, 3397)
(1393, 3398)
(1393, 3399)
(1393, 3400)
(1392, 3401)
(1391, 3402)
(1393, 3407)
(1393, 3408)
(1392, 3409)
(1392, 3410)
(1392, 3411)
(1392, 3412)
(1392, 3413)
(1392, 3414)
(1392, 3415)
(1392, 3416)
(1392, 3417)
(1392, 3418)
(1392, 3419)
(1392, 3420)
(1392, 3421)
(1392, 3422)
(1392, 3423)
(1392, 3424)
(1392, 3425)
(1392, 3426)
(1392, 3427)
(1392, 3428)
(1392, 3429)
(1392, 3430)
(1392, 3431)
(1392, 3432)
(1392, 3433)
(1392, 3434)
(1393, 3435)
(1393, 3436)
(1393, 3437)
(1393, 3438)
(1393, 3439)
(1392, 3440)
(1392, 3441)
(1392, 3442)
(1392, 3443)
(1393, 3444)
(1393, 3445)
(1393, 3446)
(1393, 3447)
(1393, 3448)
(1393, 3449)
(1393, 3450)
(1393, 3451)
(1393, 3452)
(1393, 3453)
(1393, 3454)
(1393, 3455)
(1393, 3456)
(1393, 3457)
(1393, 3458)
(1393, 3459)
(1393, 3460)
(1393, 3461)
(1392, 3462)
(1393, 3463)
(1393, 3464)
(1393, 3465)
(1393, 3466)
(1393, 3467)
(1393, 3468)
(1393, 3469)
(1393, 3470)
(1393, 3471)
(1393, 3472)
(1393, 3473)
(1393, 3474)
(1393, 3475)
(1393, 3476)
(1393, 3477)
(1393, 3478)
(1393, 3479)
(1393, 3480)
(1393, 3481)
(1393, 3482)
(1393, 3483)
(1393, 3484)
(1393, 3485)
(1393, 3486)
(1393, 3487)
(1393, 3488)
(1393, 3489)
(1393, 3490)
(1393, 3491)
(1393, 3492)
(1393, 3493)
(1393, 3494)
(1393, 3495)
(1393, 3496)
(1393, 3497)
(1393, 3498)
(1393, 3499)
(1393, 3500)
(1393, 3501)
(1393, 3502)
(1393, 3503)
(1393, 3504)
(1393, 3505)
(1393, 3506)
(1393, 3507)
(1393, 3508)
(1393, 3509)
(1393, 3510)
(1393, 3511)
(1393, 3512)
(1393, 3513)
(1393, 3514)
(1393, 3515)
(1393, 3516)
(1393, 3517)
(1393, 3518)
(1393, 3519)
(1393, 3520)
(1393, 3521)
(1393, 3522)
(1392, 3523)
(1392, 3524)
(1392, 3525)
(1393, 3526)
(1393, 3527)
(1393, 3528)
(1393, 3529)
(1393, 3530)
(1393, 3531)
(1393, 3532)
(1393, 3533)
(1393, 3534)
(1393, 3535)
(1393, 3536)
(1393, 3537)
(1393, 3538)
(1393, 3539)
(1393, 3540)
(1393, 3541)
(1393, 3542)
(1393, 3543)
(1393, 3544)
(1393, 3545)
(1393, 3546)
(1393, 3547)
(1393, 3548)
(1393, 3549)
(1393, 3550)
(1393, 3551)
(1393, 3552)
(1393, 3553)
(1393, 3554)
(1393, 3555)
(1393, 3556)
(1393, 3557)
(1393, 3558)
(1393, 3559)
(1393, 3560)
(1393, 3561)
(1393, 3562)
(1393, 3563)
(1393, 3564)
(1393, 3565)
(1393, 3566)
(1393, 3567)
(1393, 3568)
(1393, 3569)
(1393, 3570)
(1393, 3571)
(1393, 3572)
(1392, 3573)
(1392, 3574)
(1392, 3575)
(1392, 3576)
(1392, 3577)
(1389, 3579)
(1389, 3580)
(1392, 3581)
(1392, 3582)
(1392, 3583)
(1392, 3584)
(1392, 3585)
(1391, 3586)
(1391, 3587)
(1391, 3588)
(1391, 3589)
(1391, 3590)
(1391, 3591)
(1391, 3592)
(1391, 3593)
(1391, 3594)
(1391, 3595)
(1392, 3596)
(1392, 3597)
(1392, 3598)
(1392, 3599)
(1392, 3600)
(1392, 3601)
(1392, 3602)
(1392, 3603)
(1391, 3604)
(1391, 3605)
(1391, 3606)
(1391, 3607)
(1391, 3608)
(1392, 3609)
(1392, 3610)
(1392, 3611)
(1392, 3612)
(1392, 3613)
(1392, 3614)
(1393, 3615)
(1392, 3616)
(1392, 3617)
(1392, 3618)
(1392, 3619)
(1392, 3620)
(1392, 3621)
(1392, 3622)
(1392, 3623)
(1392, 3624)
(1392, 3625)
(1392, 3626)
(1392, 3627)
(1392, 3628)
(1392, 3629)
(1392, 3630)
(1392, 3631)
(1392, 3632)
(1392, 3633)
(1392, 3634)
(1392, 3635)
(1392, 3636)
(1392, 3637)
(1392, 3638)
(1392, 3639)
(1392, 3640)
(1392, 3641)
(1392, 3642)
(1392, 3643)
(1392, 3644)
(1392, 3645)
(1392, 3646)
(1392, 3647)
(1392, 3648)
(1392, 3649)
(1392, 3650)
(1392, 3651)
(1392, 3652)
(1392, 3653)
(1392, 3654)
(1392, 3655)
(1392, 3656)
(1392, 3657)
(1392, 3658)
(1392, 3659)
(1392, 3660)
(1392, 3661)
(1393, 3662)
(1393, 3663)
(1393, 3664)
(1392, 3665)
(1392, 3666)
(1392, 3667)
(1392, 3668)
(1392, 3669)
(1392, 3670)
(1392, 3671)
(1392, 3672)
(1392, 3673)
(1392, 3674)
(1392, 3675)
(1392, 3676)
(1392, 3677)
(1392, 3678)
(1392, 3679)
(1392, 3680)
(1392, 3681)
(1392, 3682)
(1392, 3683)
(1392, 3684)
(1392, 3685)
(1392, 3686)
(1392, 3687)
(1392, 3688)
(1392, 3689)
(1392, 3690)
(1392, 3691)
(1392, 3692)
(1392, 3693)
(1392, 3694)
(1392, 3695)
(1392, 3696)
(1392, 3697)
(1392, 3698)
(1392, 3699)
(1392, 3700)
(1392, 3701)
(1392, 3702)
(1392, 3703)
(1392, 3704)
(1392, 3705)
(1392, 3706)
(1392, 3707)
(1392, 3708)
(1392, 3709)
(1392, 3710)
(1392, 3711)
(1392, 3712)
(1392, 3713)
(1392, 3714)
(1392, 3715)
(1392, 3716)
(1392, 3717)
(1392, 3718)
(1392, 3719)
(1392, 3720)
(1392, 3721)
(1392, 3722)
(1392, 3723)
(1392, 3724)
(1392, 3725)
(1392, 3726)
(1392, 3727)
(1392, 3728)
(1392, 3729)
(1392, 3730)
(1392, 3731)
(1392, 3732)
(1392, 3733)
(1392, 3734)
(1392, 3735)
(1392, 3736)
(1392, 3737)
(1392, 3738)
(1392, 3739)
(1392, 3740)
(1392, 3741)
(1392, 3742)
(1392, 3743)
(1392, 3744)
(1392, 3745)
(1392, 3746)
(1392, 3747)
(1392, 3748)
(1392, 3749)
(1392, 3750)
(1391, 3751)
(1388, 3752)
(1388, 3753)
(1388, 3754)
(1391, 3755)
(1392, 3756)
(1392, 3757)
(1392, 3758)
(1392, 3759)
(1392, 3760)
(1392, 3761)
(1392, 3762)
(1392, 3763)
(1391, 3764)
(1391, 3765)
(1391, 3766)
(1391, 3767)
(1391, 3768)
(1392, 3769)
(1392, 3770)
(1392, 3771)
(1391, 3772)
(1391, 3773)
(1391, 3774)
(1391, 3775)
(1391, 3776)
(1391, 3777)
(1391, 3778)
(1391, 3779)
(1391, 3780)
(1392, 3781)
(1392, 3782)
(1392, 3783)
(1392, 3784)
(1392, 3785)
(1392, 3786)
(1392, 3787)
(1392, 3788)
(1392, 3789)
(1392, 3790)
(1392, 3791)
(1392, 3792)
(1392, 3793)
(1392, 3794)
(1392, 3795)
(1392, 3796)
(1392, 3797)
(1392, 3798)
(1392, 3799)
(1392, 3800)
(1392, 3801)
(1392, 3802)
(1392, 3803)
(1392, 3804)
(1392, 3805)
(1392, 3806)
(1392, 3807)
(1392, 3808)
(1392, 3809)
(1392, 3810)
(1392, 3811)
(1392, 3812)
(1392, 3813)
(1392, 3814)
(1392, 3815)
(1392, 3816)
(1392, 3817)
(1392, 3818)
(1392, 3819)
(1392, 3820)
(1392, 3821)
(1392, 3822)
(1392, 3823)
(1392, 3824)
(1392, 3825)
(1392, 3826)
(1392, 3827)
(1392, 3828)
(1392, 3829)
(1392, 3830)
(1392, 3831)
(1392, 3832)
(1392, 3833)
(1392, 3834)
(1392, 3835)
(1392, 3836)
(1392, 3837)
(1392, 3838)
(1392, 3839)
(1392, 3840)
(1392, 3841)
(1392, 3842)
(1392, 3843)
(1392, 3844)
(1392, 3845)
(1392, 3846)
(1392, 3847)
(1392, 3848)
(1392, 3849)
(1392, 3850)
(1392, 3851)
(1392, 3852)
(1392, 3853)
(1392, 3854)
(1392, 3855)
(1392, 3856)
(1392, 3857)
(1392, 3858)
(1392, 3859)
(1392, 3860)
(1392, 3861)
(1392, 3862)
(1392, 3863)
(1392, 3864)
(1392, 3865)
(1392, 3866)
(1392, 3867)
(1392, 3868)
(1392, 3869)
(1392, 3870)
(1392, 3871)
(1392, 3872)
(1392, 3873)
(1392, 3874)
(1392, 3875)
(1392, 3876)
(1392, 3877)
(1392, 3878)
(1392, 3879)
(1392, 3880)
(1392, 3881)
(1392, 3882)
(1392, 3883)
(1392, 3884)
(1392, 3885)
(1392, 3886)
(1392, 3887)
(1392, 3888)
(1392, 3889)
(1392, 3890)
(1392, 3891)
(1392, 3892)
(1392, 3893)
(1392, 3894)
(1392, 3895)
(1392, 3896)
(1392, 3897)
(1392, 3898)
(1392, 3899)
(1392, 3900)
(1392, 3901)
(1392, 3902)
(1392, 3903)
(1392, 3904)
(1392, 3905)
(1392, 3906)
(1392, 3907)
(1392, 3908)
(1392, 3909)
(1392, 3910)
(1392, 3911)
(1392, 3912)
(1392, 3913)
(1392, 3914)
(1392, 3915)
(1392, 3916)
(1392, 3917)
(1392, 3918)
(1392, 3919)
(1392, 3920)
(1392, 3921)
(1392, 3922)
(1392, 3923)
(1392, 3924)
(1392, 3925)
(1392, 3926)
(1391, 3927)
(1388, 3928)
(1391, 3929)
(1391, 3930)
(1391, 3931)
(1392, 3932)
(1392, 3933)
(1391, 3934)
(1392, 3935)
(1392, 3936)
(1392, 3937)
(1392, 3938)
(1392, 3939)
(1392, 3940)
(1392, 3941)
(1392, 3942)
(1392, 3943)
(1392, 3944)
(1392, 3945)
(1392, 3946)
(1391, 3947)
(1391, 3948)
(1391, 3949)
(1391, 3950)
(1391, 3951)
(1391, 3952)
(1391, 3953)
(1391, 3954)
(1391, 3955)
(1391, 3956)
(1391, 3957)
(1391, 3958)
(1391, 3959)
(1391, 3960)
(1391, 3961)
(1392, 3962)
(1392, 3963)
(1392, 3964)
(1392, 3965)
(1392, 3966)
(1392, 3967)
(1392, 3968)
(1392, 3969)
(1392, 3970)
(1392, 3971)
(1392, 3972)
(1392, 3973)
(1392, 3974)
(1392, 3975)
(1392, 3976)
(1392, 3977)
(1392, 3978)
(1392, 3979)
(1392, 3980)
(1392, 3981)
(1392, 3982)
(1392, 3983)
(1392, 3984)
(1392, 3985)
(1392, 3986)
(1392, 3987)
(1391, 3988)
(1391, 3989)
(1392, 3990)
(1392, 3991)
(1392, 3992)
(1392, 3993)
(1392, 3994)
(1392, 3995)
(1392, 3996)
(1392, 3997)
(1392, 3998)
(1392, 3999)
(1392, 4000)
(1392, 4001)
(1392, 4002)
(1392, 4003)
(1392, 4004)
(1392, 4005)
(1392, 4006)
(1392, 4007)
(1392, 4008)
(1392, 4009)
(1392, 4010)
(1392, 4011)
(1392, 4012)
(1392, 4013)
(1392, 4014)
(1392, 4015)
(1392, 4016)
(1392, 4017)
(1392, 4018)
(1392, 4019)
(1392, 4020)
(1392, 4021)
(1392, 4022)
(1392, 4023)
(1392, 4024)
(1392, 4025)
(1392, 4026)
(1392, 4027)
(1392, 4028)
(1392, 4029)
(1392, 4030)
(1392, 4031)
(1392, 4032)
(1392, 4033)
(1392, 4034)
(1392, 4035)
(1392, 4036)
(1392, 4037)
(1392, 4038)
(1392, 4039)
(1392, 4040)
(1392, 4041)
(1392, 4042)
(1392, 4043)
(1392, 4044)
(1392, 4045)
(1392, 4046)
(1392, 4047)
(1392, 4048)
(1392, 4049)
(1392, 4050)
(1392, 4051)
(1392, 4052)
(1392, 4053)
(1392, 4054)
(1392, 4055)
(1392, 4056)
(1392, 4057)
(1392, 4058)
(1392, 4059)
(1392, 4060)
(1392, 4061)
(1392, 4062)
(1392, 4063)
(1392, 4064)
(1392, 4065)
(1392, 4066)
(1392, 4067)
(1392, 4068)
(1392, 4069)
(1392, 4070)
(1392, 4071)
(1392, 4072)
(1392, 4073)
(1392, 4074)
(1392, 4075)
(1392, 4076)
(1392, 4077)
(1392, 4078)
(1392, 4079)
(1392, 4080)
(1392, 4081)
(1392, 4082)
(1392, 4083)
(1392, 4084)
(1392, 4085)
(1392, 4086)
(1392, 4087)
(1392, 4088)
(1392, 4089)
(1392, 4090)
(1392, 4091)
(1392, 4092)
(1392, 4093)
(1392, 4094)
(1392, 4095)
(1392, 4096)
(1392, 4097)
(1392, 4098)
(1392, 4099)
(1392, 4100)
(1392, 4101)
(1392, 4102)
(1392, 4103)
(1392, 4104)
(1391, 4105)
(1388, 4106)
(1388, 4107)
(1390, 4108)
(1392, 4109)
(1392, 4110)
(1392, 4111)
(1392, 4112)
(1392, 4113)
(1392, 4114)
(1392, 4115)
(1391, 4116)
(1392, 4117)
(1392, 4118)
(1392, 4119)
(1392, 4120)
(1392, 4121)
(1392, 4122)
(1392, 4123)
(1392, 4124)
(1392, 4125)
(1392, 4126)
(1392, 4127)
(1392, 4128)
(1392, 4129)
(1392, 4130)
(1391, 4131)
(1391, 4132)
(1391, 4133)
(1391, 4134)
(1392, 4135)
(1392, 4136)
(1392, 4137)
(1392, 4138)
(1392, 4139)
(1392, 4140)
(1392, 4141)
(1392, 4142)
(1392, 4143)
(1392, 4144)
(1392, 4145)
(1392, 4146)
(1392, 4147)
(1392, 4148)
(1392, 4149)
(1392, 4150)
(1392, 4151)
(1392, 4152)
(1392, 4153)
(1392, 4154)
(1392, 4155)
(1392, 4156)
(1392, 4157)
(1392, 4158)
(1392, 4159)
(1392, 4160)
(1392, 4161)
(1392, 4162)
(1392, 4163)
(1392, 4164)
(1392, 4165)
(1392, 4166)
(1392, 4167)
(1392, 4168)
(1392, 4169)
(1392, 4170)
(1392, 4171)
(1392, 4172)
(1392, 4173)
(1392, 4174)
(1392, 4175)
(1392, 4176)
(1392, 4177)
(1392, 4178)
(1392, 4179)
(1392, 4180)
(1392, 4181)
(1392, 4182)
(1392, 4183)
(1392, 4184)
(1392, 4185)
(1392, 4186)
(1392, 4187)
(1392, 4188)
(1392, 4189)
(1392, 4190)
(1392, 4191)
(1392, 4192)
(1392, 4193)
(1392, 4194)
(1392, 4195)
(1392, 4196)
(1392, 4197)
(1392, 4198)
(1392, 4199)
(1392, 4200)
(1392, 4201)
(1392, 4202)
(1392, 4203)
(1392, 4204)
(1392, 4205)
(1392, 4206)
(1392, 4207)
(1392, 4208)
(1392, 4209)
(1392, 4210)
(1392, 4211)
(1392, 4212)
(1392, 4213)
(1392, 4214)
(1392, 4215)
(1392, 4216)
(1392, 4217)
(1392, 4218)
(1392, 4219)
(1392, 4220)
(1392, 4221)
(1392, 4222)
(1392, 4223)
(1392, 4224)
(1392, 4225)
(1392, 4226)
(1392, 4227)
(1392, 4228)
(1392, 4229)
(1392, 4230)
(1392, 4231)
(1392, 4232)
(1392, 4233)
(1392, 4234)
(1392, 4235)
(1392, 4236)
(1392, 4237)
(1392, 4238)
(1392, 4239)
(1392, 4240)
(1392, 4241)
(1392, 4242)
(1392, 4243)
(1392, 4244)
(1392, 4245)
(1392, 4246)
(1392, 4247)
(1392, 4248)
(1392, 4249)
(1392, 4250)
(1392, 4251)
(1392, 4252)
(1392, 4253)
(1392, 4254)
(1392, 4255)
(1392, 4256)
(1392, 4257)
(1392, 4258)
(1392, 4259)
(1392, 4260)
(1392, 4261)
(1392, 4262)
(1392, 4263)
(1392, 4264)
(1392, 4265)
(1392, 4266)
(1392, 4267)
(1392, 4268)
(1392, 4269)
(1392, 4270)
(1392, 4271)
(1392, 4272)
(1392, 4273)
(1392, 4274)
(1392, 4275)
(1392, 4276)
(1392, 4277)
(1391, 4278)
(1391, 4279)
(1391, 4280)
(1391, 4284)
(1391, 4285)
(1391, 4286)
(1392, 4287)
(1392, 4288)
(1392, 4289)
(1392, 4290)
(1391, 4291)
(1391, 4292)
(1391, 4293)
(1391, 4294)
(1391, 4295)
(1391, 4296)
(1391, 4297)
(1391, 4298)
(1391, 4299)
(1391, 4300)
(1391, 4301)
(1391, 4302)
(1391, 4303)
(1391, 4304)
(1391, 4305)
(1391, 4306)
(1391, 4307)
(1391, 4308)
(1391, 4309)
(1391, 4310)
(1391, 4311)
(1391, 4312)
(1391, 4313)
(1391, 4314)
(1391, 4315)
(1391, 4316)
(1391, 4317)
(1391, 4318)
(1391, 4319)
(1391, 4320)
(1391, 4321)
(1391, 4322)
(1391, 4323)
(1391, 4324)
(1391, 4325)
(1391, 4326)
(1391, 4327)
(1391, 4328)
(1391, 4329)
(1391, 4330)
(1391, 4331)
(1391, 4332)
(1391, 4333)
(1391, 4334)
(1391, 4335)
(1391, 4336)
(1391, 4337)
(1391, 4338)
(1391, 4339)
(1391, 4340)
(1391, 4341)
(1391, 4342)
(1391, 4343)
(1391, 4344)
(1391, 4345)
(1391, 4346)
(1391, 4347)
(1391, 4348)
(1391, 4349)
(1391, 4350)
(1391, 4351)
(1391, 4352)
(1391, 4353)
(1391, 4354)
(1391, 4355)
(1391, 4356)
(1391, 4357)
(1391, 4358)
(1391, 4359)
(1391, 4360)
(1391, 4361)
(1391, 4362)
(1391, 4363)
(1391, 4364)
(1391, 4365)
(1391, 4366)
(1391, 4367)
(1391, 4368)
(1391, 4369)
(1391, 4370)
(1391, 4371)
(1391, 4372)
(1391, 4373)
(1391, 4374)
(1391, 4375)
(1391, 4376)
(1391, 4377)
(1391, 4378)
(1391, 4379)
(1391, 4380)
(1391, 4381)
(1391, 4382)
(1391, 4383)
(1391, 4384)
(1391, 4385)
(1391, 4386)
(1391, 4387)
(1391, 4388)
(1391, 4389)
(1391, 4390)
(1391, 4391)
(1391, 4392)
(1391, 4393)
(1391, 4394)
(1391, 4395)
(1391, 4396)
(1391, 4397)
(1390, 4398)
(1390, 4399)
(1390, 4400)
(1390, 4401)
(1390, 4402)
(1390, 4403)
(1390, 4404)
(1390, 4405)
(1390, 4406)
(1390, 4407)
(1390, 4408)
(1390, 4409)
(1390, 4410)
(1390, 4411)
(1390, 4412)
(1390, 4413)
(1390, 4414)
(1390, 4415)
(1390, 4416)
(1390, 4417)
(1390, 4418)
(1390, 4419)
(1390, 4420)
(1390, 4421)
(1391, 4422)
(1391, 4423)
(1391, 4424)
(1391, 4425)
(1391, 4426)
(1391, 4427)
(1391, 4428)
(1391, 4429)
(1391, 4430)
(1391, 4431)
(1391, 4432)
(1391, 4433)
(1391, 4434)
(1391, 4435)
(1391, 4436)
(1391, 4437)
(1391, 4438)
(1391, 4439)
(1391, 4440)
(1391, 4441)
(1391, 4442)
(1391, 4443)
(1391, 4444)
(1391, 4445)
(1391, 4446)
(1390, 4447)
(1390, 4448)
(1390, 4449)
(1390, 4450)
(1390, 4451)
(1391, 4452)
(1390, 4453)
(1390, 4454)
