Tam.: (1800, 4590)
(1003, 246)
(1003, 247)
(1003, 248)
(1003, 249)
(1003, 250)
(1003, 251)
(1003, 252)
(1003, 253)
(1003, 254)
(1003, 255)
(1003, 256)
(1003, 257)
(1003, 258)
(1003, 259)
(1003, 260)
(1003, 261)
(1003, 262)
(1003, 263)
(1003, 264)
(1003, 265)
(1003, 266)
(1003, 267)
(1003, 268)
(1003, 269)
(1003, 270)
(1003, 271)
(1003, 272)
(1003, 273)
(1003, 274)
(1003, 275)
(1003, 276)
(1003, 277)
(1003, 278)
(1003, 279)
(1003, 280)
(1003, 281)
(1003, 282)
(1003, 283)
(1003, 284)
(1003, 285)
(1003, 286)
(1003, 287)
(1003, 288)
(1003, 289)
(1003, 290)
(1003, 291)
(1003, 292)
(1003, 293)
(1003, 294)
(1003, 295)
(1003, 296)
(1003, 297)
(1003, 298)
(1003, 299)
(1003, 300)
(1003, 301)
(1003, 302)
(1003, 303)
(1003, 304)
(1003, 305)
(1003, 306)
(1003, 307)
(1003, 308)
(1003, 309)
(1003, 310)
(1003, 311)
(1003, 312)
(1003, 313)
(1003, 314)
(1003, 315)
(1003, 316)
(1003, 317)
(1003, 318)
(1003, 319)
(1003, 320)
(1003, 321)
(1003, 322)
(1003, 323)
(1003, 324)
(1003, 325)
(1003, 326)
(1003, 327)
(1003, 328)
(1003, 329)
(1003, 330)
(1003, 331)
(1003, 332)
(1003, 333)
(1003, 334)
(1003, 335)
(1003, 336)
(1003, 337)
(1003, 338)
(1003, 339)
(1003, 340)
(1003, 341)
(1003, 342)
(1003, 343)
(1003, 344)
(1003, 345)
(1003, 346)
(1003, 347)
(1003, 348)
(1003, 349)
(1003, 350)
(1003, 351)
(1003, 352)
(1003, 353)
(1003, 354)
(1003, 355)
(1003, 356)
(1003, 357)
(1003, 358)
(1003, 359)
(1003, 360)
(1003, 361)
(1003, 362)
(1003, 363)
(1003, 364)
(1003, 365)
(1003, 366)
(1003, 367)
(1003, 368)
(1003, 369)
(1003, 370)
(1003, 371)
(1003, 372)
(1003, 373)
(1003, 374)
(1003, 375)
(1003, 376)
(1003, 377)
(1003, 378)
(1003, 379)
(1003, 380)
(1003, 381)
(1003, 382)
(1003, 383)
(1003, 384)
(1003, 385)
(1003, 386)
(1003, 387)
(1003, 388)
(1003, 389)
(1003, 390)
(1003, 391)
(1003, 392)
(1003, 393)
(1003, 394)
(1003, 395)
(1003, 396)
(1003, 397)
(1003, 398)
(1004, 414)
(1003, 415)
(1004, 416)
(1004, 417)
(1004, 418)
(1004, 419)
(1004, 420)
(1004, 421)
(1004, 422)
(1004, 423)
(1004, 424)
(1004, 425)
(1004, 426)
(1003, 427)
(1003, 428)
(1003, 429)
(1003, 430)
(1003, 431)
(1003, 432)
(1003, 433)
(1003, 434)
(1003, 435)
(1003, 436)
(1003, 437)
(1003, 438)
(1003, 439)
(1003, 440)
(1003, 441)
(1003, 442)
(1003, 443)
(1003, 444)
(1003, 445)
(1003, 446)
(1003, 447)
(1003, 448)
(1003, 449)
(1003, 450)
(1004, 451)
(1004, 452)
(1004, 453)
(1004, 454)
(1004, 455)
(1004, 456)
(1004, 457)
(1004, 458)
(1004, 459)
(1004, 460)
(1004, 461)
(1003, 462)
(1003, 463)
(1003, 464)
(1003, 465)
(1003, 466)
(1003, 467)
(1003, 468)
(1003, 469)
(1004, 470)
(1003, 471)
(1003, 472)
(1003, 473)
(1003, 474)
(1003, 475)
(1003, 476)
(1003, 477)
(1003, 478)
(1003, 479)
(1003, 480)
(1003, 481)
(1003, 482)
(1004, 483)
(1004, 484)
(1004, 485)
(1004, 486)
(1004, 487)
(1004, 488)
(1004, 489)
(1004, 490)
(1004, 491)
(1004, 492)
(1004, 493)
(1004, 494)
(1004, 495)
(1004, 496)
(1004, 497)
(1004, 498)
(1004, 499)
(1004, 500)
(1004, 501)
(1004, 502)
(1004, 503)
(1004, 504)
(1004, 505)
(1004, 506)
(1004, 507)
(1004, 508)
(1004, 509)
(1003, 510)
(1003, 511)
(1003, 512)
(1003, 513)
(1004, 514)
(1004, 515)
(1004, 516)
(1004, 517)
(1004, 518)
(1004, 519)
(1004, 520)
(1004, 521)
(1004, 522)
(1004, 523)
(1004, 524)
(1004, 525)
(1004, 526)
(1004, 527)
(1004, 528)
(1004, 529)
(1004, 530)
(1004, 531)
(1004, 532)
(1004, 533)
(1004, 534)
(1004, 535)
(1004, 536)
(1004, 537)
(1004, 538)
(1004, 539)
(1004, 540)
(1004, 541)
(1004, 542)
(1004, 543)
(1004, 544)
(1004, 545)
(1004, 546)
(1004, 547)
(1004, 548)
(1004, 549)
(1004, 550)
(1004, 551)
(1004, 552)
(1004, 553)
(1004, 554)
(1004, 555)
(1004, 556)
(1004, 557)
(1004, 558)
(1004, 559)
(1004, 560)
(1004, 561)
(1004, 562)
(1004, 563)
(1004, 564)
(1004, 565)
(1004, 566)
(1004, 567)
(1004, 568)
(1004, 569)
(1004, 570)
(1004, 603)
(1005, 604)
(1004, 605)
(1004, 606)
(1004, 607)
(1004, 608)
(1004, 609)
(1004, 610)
(1004, 611)
(1004, 612)
(1004, 613)
(1004, 614)
(1004, 615)
(1004, 616)
(1004, 617)
(1004, 618)
(1004, 619)
(1004, 620)
(1004, 621)
(1004, 622)
(1004, 623)
(1004, 624)
(1004, 625)
(1004, 626)
(1004, 627)
(1004, 628)
(1004, 629)
(1003, 630)
(1003, 631)
(1004, 632)
(1004, 633)
(1004, 634)
(1004, 635)
(1004, 636)
(1004, 637)
(1004, 638)
(1004, 639)
(1004, 640)
(1004, 641)
(1004, 642)
(1004, 643)
(1004, 644)
(1004, 645)
(1004, 646)
(1004, 647)
(1004, 648)
(1004, 649)
(1004, 650)
(1004, 651)
(1004, 652)
(1004, 653)
(1004, 654)
(1004, 655)
(1004, 656)
(1004, 657)
(1004, 658)
(1004, 659)
(1004, 660)
(1004, 661)
(1004, 662)
(1004, 663)
(1004, 664)
(1004, 665)
(1004, 666)
(1004, 667)
(1004, 668)
(1004, 669)
(1004, 670)
(1004, 671)
(1004, 672)
(1004, 673)
(1004, 674)
(1004, 675)
(1004, 676)
(1004, 677)
(1004, 678)
(1004, 679)
(1004, 680)
(1004, 681)
(1004, 682)
(1004, 683)
(1004, 684)
(1004, 685)
(1004, 686)
(1004, 687)
(1004, 688)
(1004, 689)
(1004, 690)
(1004, 691)
(1004, 692)
(1004, 693)
(1004, 694)
(1004, 695)
(1004, 696)
(1004, 697)
(1004, 698)
(1004, 699)
(1004, 700)
(1004, 701)
(1004, 702)
(1004, 703)
(1004, 704)
(1004, 705)
(1004, 706)
(1004, 707)
(1004, 708)
(1004, 709)
(1004, 710)
(1004, 711)
(1004, 712)
(1004, 713)
(1004, 714)
(1004, 715)
(1004, 716)
(1004, 717)
(1004, 718)
(1004, 719)
(1004, 720)
(1004, 721)
(1004, 722)
(1004, 723)
(1004, 724)
(1004, 725)
(1004, 726)
(1004, 727)
(1004, 728)
(1004, 729)
(1004, 730)
(1004, 731)
(1004, 732)
(1004, 733)
(1004, 734)
(1004, 735)
(1004, 736)
(1004, 737)
(1004, 738)
(1004, 739)
(1004, 740)
(1004, 741)
(1004, 742)
(1004, 743)
(1004, 744)
(1004, 745)
(1004, 746)
(1004, 775)
(1004, 776)
(1004, 777)
(1004, 778)
(1004, 779)
(1004, 780)
(1004, 781)
(1004, 782)
(1004, 783)
(1004, 784)
(1004, 785)
(1004, 786)
(1004, 787)
(1004, 788)
(1004, 789)
(1004, 790)
(1004, 791)
(1004, 792)
(1004, 793)
(1004, 794)
(1004, 795)
(1004, 796)
(1004, 797)
(1004, 798)
(1004, 799)
(1004, 800)
(1004, 801)
(1004, 802)
(1004, 803)
(1004, 804)
(1004, 805)
(1004, 806)
(1004, 807)
(1004, 808)
(1004, 809)
(1004, 810)
(1004, 811)
(1004, 812)
(1004, 813)
(1004, 814)
(1004, 815)
(1004, 816)
(1004, 817)
(1004, 818)
(1004, 819)
(1004, 820)
(1004, 821)
(1004, 822)
(1004, 823)
(1004, 824)
(1004, 825)
(1004, 826)
(1004, 827)
(1004, 828)
(1004, 829)
(1004, 830)
(1004, 831)
(1004, 832)
(1004, 833)
(1004, 834)
(1004, 835)
(1004, 836)
(1004, 837)
(1004, 838)
(1004, 839)
(1004, 840)
(1004, 841)
(1004, 842)
(1004, 843)
(1004, 844)
(1004, 845)
(1004, 846)
(1003, 847)
(1004, 848)
(1004, 849)
(1004, 850)
(1004, 851)
(1004, 852)
(1004, 853)
(1004, 854)
(1004, 855)
(1004, 856)
(1004, 857)
(1004, 858)
(1004, 859)
(1004, 860)
(1004, 861)
(1004, 862)
(1004, 863)
(1004, 864)
(1004, 865)
(1004, 866)
(1004, 867)
(1004, 868)
(1004, 869)
(1004, 870)
(1004, 871)
(1004, 872)
(1004, 873)
(1004, 874)
(1004, 875)
(1004, 876)
(1004, 877)
(1004, 878)
(1004, 879)
(1004, 880)
(1004, 881)
(1004, 882)
(1004, 883)
(1004, 884)
(1004, 885)
(1004, 886)
(1004, 887)
(1004, 888)
(1004, 889)
(1004, 890)
(1004, 891)
(1004, 892)
(1004, 893)
(1004, 894)
(1004, 895)
(1004, 896)
(1004, 897)
(1004, 898)
(1004, 899)
(1004, 900)
(1004, 901)
(1004, 902)
(1004, 903)
(1004, 904)
(1003, 905)
(1003, 906)
(1003, 907)
(1003, 908)
(1003, 909)
(1004, 910)
(1004, 911)
(1004, 912)
(1004, 913)
(1004, 914)
(1004, 915)
(1004, 916)
(1004, 917)
(1004, 918)
(1004, 919)
(1004, 920)
(1004, 921)
(1004, 922)
(1004, 923)
(1004, 924)
(1004, 925)
(1004, 930)
(1004, 931)
(1004, 932)
(1004, 933)
(1004, 934)
(1004, 935)
(1004, 936)
(1004, 937)
(1004, 938)
(1004, 939)
(1004, 940)
(1004, 941)
(1004, 942)
(1004, 943)
(1004, 944)
(1004, 945)
(1004, 946)
(1004, 947)
(1004, 948)
(1004, 949)
(1004, 950)
(1004, 951)
(1004, 952)
(1004, 953)
(1004, 954)
(1004, 955)
(1004, 956)
(1004, 957)
(1004, 958)
(1004, 959)
(1004, 960)
(1004, 961)
(1004, 962)
(1004, 963)
(1004, 964)
(1004, 965)
(1004, 966)
(1004, 967)
(1004, 968)
(1004, 969)
(1004, 970)
(1004, 971)
(1004, 972)
(1004, 973)
(1004, 974)
(1004, 975)
(1004, 976)
(1004, 977)
(1004, 978)
(1004, 979)
(1004, 980)
(1004, 981)
(1004, 982)
(1005, 983)
(1005, 984)
(1005, 985)
(1005, 986)
(1005, 987)
(1005, 988)
(1004, 989)
(1004, 990)
(1004, 991)
(1004, 992)
(1004, 993)
(1004, 994)
(1004, 995)
(1004, 996)
(1004, 997)
(1004, 998)
(1004, 999)
(1004, 1000)
(1004, 1001)
(1004, 1002)
(1004, 1003)
(1004, 1004)
(1004, 1005)
(1004, 1006)
(1004, 1007)
(1004, 1008)
(1004, 1009)
(1004, 1010)
(1004, 1011)
(1004, 1012)
(1004, 1013)
(1004, 1014)
(1005, 1015)
(1005, 1016)
(1005, 1017)
(1004, 1018)
(1004, 1019)
(1004, 1020)
(1004, 1021)
(1004, 1022)
(1004, 1023)
(1004, 1024)
(1004, 1025)
(1004, 1026)
(1004, 1027)
(1004, 1028)
(1004, 1029)
(1004, 1030)
(1004, 1031)
(1004, 1032)
(1004, 1033)
(1004, 1034)
(1004, 1035)
(1004, 1036)
(1004, 1037)
(1004, 1038)
(1004, 1039)
(1004, 1040)
(1004, 1041)
(1004, 1042)
(1004, 1043)
(1004, 1044)
(1004, 1045)
(1004, 1046)
(1004, 1047)
(1004, 1048)
(1004, 1049)
(1004, 1050)
(1004, 1051)
(1004, 1052)
(1004, 1053)
(1005, 1054)
(1005, 1055)
(1005, 1056)
(1005, 1057)
(1005, 1058)
(1005, 1059)
(1004, 1060)
(1004, 1061)
(1004, 1062)
(1004, 1063)
(1004, 1064)
(1004, 1065)
(1004, 1066)
(1004, 1067)
(1004, 1068)
(1004, 1069)
(1004, 1070)
(1004, 1071)
(1004, 1072)
(1004, 1073)
(1004, 1074)
(1004, 1075)
(1004, 1076)
(1004, 1077)
(1004, 1078)
(1004, 1079)
(1004, 1080)
(1004, 1081)
(1004, 1082)
(1004, 1083)
(1004, 1084)
(1004, 1085)
(1004, 1086)
(1004, 1087)
(1004, 1088)
(1004, 1089)
(1004, 1090)
(1004, 1091)
(1004, 1092)
(1004, 1093)
(1004, 1094)
(1004, 1095)
(1004, 1096)
(1004, 1097)
(1004, 1098)
(1004, 1099)
(1004, 1100)
(1004, 1101)
(1003, 1102)
(1004, 1107)
(1005, 1108)
(1004, 1109)
(1004, 1110)
(1004, 1111)
(1004, 1112)
(1004, 1113)
(1004, 1114)
(1004, 1115)
(1004, 1116)
(1004, 1117)
(1004, 1118)
(1004, 1119)
(1004, 1120)
(1004, 1121)
(1004, 1122)
(1004, 1123)
(1004, 1124)
(1004, 1125)
(1004, 1126)
(1004, 1127)
(1004, 1128)
(1004, 1129)
(1004, 1130)
(1004, 1131)
(1004, 1132)
(1004, 1133)
(1004, 1134)
(1004, 1135)
(1004, 1136)
(1004, 1137)
(1004, 1138)
(1004, 1139)
(1004, 1140)
(1004, 1141)
(1004, 1142)
(1004, 1143)
(1004, 1144)
(1004, 1145)
(1004, 1146)
(1004, 1147)
(1004, 1148)
(1004, 1149)
(1004, 1150)
(1004, 1151)
(1004, 1152)
(1004, 1153)
(1004, 1154)
(1004, 1155)
(1004, 1156)
(1004, 1157)
(1004, 1158)
(1004, 1159)
(1004, 1160)
(1004, 1161)
(1004, 1162)
(1004, 1163)
(1004, 1164)
(1004, 1165)
(1004, 1166)
(1004, 1167)
(1004, 1168)
(1004, 1169)
(1004, 1170)
(1004, 1171)
(1004, 1172)
(1004, 1173)
(1004, 1174)
(1004, 1175)
(1004, 1176)
(1004, 1177)
(1004, 1178)
(1004, 1179)
(1004, 1180)
(1004, 1181)
(1004, 1182)
(1004, 1183)
(1004, 1184)
(1004, 1185)
(1004, 1186)
(1004, 1187)
(1004, 1188)
(1004, 1189)
(1005, 1190)
(1004, 1191)
(1004, 1192)
(1004, 1193)
(1004, 1194)
(1004, 1195)
(1004, 1196)
(1004, 1197)
(1004, 1198)
(1004, 1199)
(1004, 1200)
(1004, 1201)
(1004, 1202)
(1004, 1203)
(1004, 1204)
(1004, 1205)
(1004, 1206)
(1004, 1207)
(1004, 1208)
(1004, 1209)
(1004, 1210)
(1004, 1211)
(1004, 1212)
(1004, 1213)
(1004, 1214)
(1004, 1215)
(1004, 1216)
(1004, 1217)
(1004, 1218)
(1004, 1219)
(1004, 1220)
(1004, 1221)
(1004, 1222)
(1004, 1223)
(1004, 1224)
(1004, 1225)
(1004, 1226)
(1004, 1227)
(1004, 1228)
(1004, 1229)
(1004, 1230)
(1004, 1231)
(1004, 1232)
(1004, 1233)
(1004, 1234)
(1004, 1235)
(1004, 1236)
(1004, 1237)
(1004, 1238)
(1004, 1239)
(1004, 1240)
(1004, 1241)
(1004, 1242)
(1004, 1243)
(1004, 1244)
(1004, 1245)
(1004, 1246)
(1004, 1247)
(1004, 1248)
(1004, 1249)
(1004, 1250)
(1004, 1251)
(1004, 1252)
(1004, 1253)
(1003, 1254)
(1003, 1255)
(1003, 1256)
(1003, 1257)
(1003, 1258)
(1003, 1259)
(1003, 1260)
(1003, 1261)
(1003, 1262)
(1003, 1263)
(1003, 1264)
(1003, 1265)
(1003, 1266)
(1003, 1267)
(1003, 1268)
(1003, 1269)
(1003, 1270)
(1003, 1271)
(1004, 1272)
(1004, 1273)
(1004, 1274)
(1004, 1275)
(1004, 1276)
(1004, 1277)
(1004, 1278)
(1004, 1279)
(1005, 1285)
(1004, 1286)
(1004, 1287)
(1004, 1288)
(1004, 1289)
(1004, 1290)
(1004, 1291)
(1004, 1292)
(1004, 1293)
(1004, 1294)
(1004, 1295)
(1004, 1296)
(1004, 1297)
(1004, 1298)
(1004, 1299)
(1004, 1300)
(1004, 1301)
(1004, 1302)
(1004, 1303)
(1004, 1304)
(1004, 1305)
(1004, 1306)
(1004, 1307)
(1004, 1308)
(1004, 1309)
(1004, 1310)
(1004, 1311)
(1004, 1312)
(1004, 1313)
(1004, 1314)
(1004, 1315)
(1004, 1316)
(1004, 1317)
(1004, 1318)
(1004, 1319)
(1004, 1320)
(1004, 1321)
(1004, 1322)
(1004, 1323)
(1004, 1324)
(1004, 1325)
(1004, 1326)
(1004, 1327)
(1004, 1328)
(1004, 1329)
(1004, 1330)
(1004, 1331)
(1004, 1332)
(1004, 1333)
(1005, 1334)
(1005, 1335)
(1005, 1336)
(1004, 1337)
(1004, 1338)
(1004, 1339)
(1004, 1340)
(1004, 1341)
(1004, 1342)
(1004, 1343)
(1004, 1344)
(1004, 1345)
(1004, 1346)
(1004, 1347)
(1004, 1348)
(1004, 1349)
(1004, 1350)
(1004, 1351)
(1004, 1352)
(1004, 1353)
(1004, 1354)
(1004, 1355)
(1004, 1356)
(1004, 1357)
(1004, 1358)
(1004, 1359)
(1004, 1360)
(1004, 1361)
(1004, 1362)
(1004, 1363)
(1004, 1364)
(1004, 1365)
(1004, 1366)
(1004, 1367)
(1004, 1368)
(1004, 1369)
(1004, 1370)
(1004, 1371)
(1004, 1372)
(1004, 1373)
(1004, 1374)
(1004, 1375)
(1004, 1376)
(1004, 1377)
(1004, 1378)
(1004, 1379)
(1004, 1380)
(1004, 1381)
(1004, 1382)
(1004, 1383)
(1004, 1384)
(1004, 1385)
(1004, 1386)
(1004, 1387)
(1004, 1388)
(1004, 1389)
(1004, 1390)
(1004, 1391)
(1004, 1392)
(1004, 1393)
(1004, 1394)
(1003, 1395)
(1003, 1396)
(1003, 1397)
(1004, 1398)
(1004, 1399)
(1004, 1400)
(1004, 1401)
(1004, 1402)
(1004, 1403)
(1004, 1404)
(1004, 1405)
(1004, 1406)
(1004, 1407)
(1004, 1408)
(1004, 1409)
(1004, 1410)
(1004, 1411)
(1003, 1412)
(1003, 1413)
(1003, 1414)
(1003, 1415)
(1003, 1416)
(1003, 1417)
(1004, 1418)
(1004, 1419)
(1004, 1420)
(1004, 1421)
(1004, 1422)
(1004, 1423)
(1004, 1424)
(1004, 1425)
(1004, 1426)
(1004, 1427)
(1004, 1428)
(1004, 1429)
(1004, 1430)
(1004, 1431)
(1004, 1432)
(1003, 1433)
(1003, 1434)
(1003, 1435)
(1003, 1436)
(1003, 1437)
(1003, 1438)
(1003, 1439)
(1003, 1440)
(1003, 1441)
(1003, 1442)
(1003, 1443)
(1003, 1444)
(1003, 1445)
(1003, 1446)
(1003, 1447)
(1003, 1448)
(1004, 1449)
(1004, 1450)
(1004, 1451)
(1004, 1452)
(1004, 1453)
(1004, 1454)
(1004, 1455)
(1004, 1456)
(1004, 1462)
(1004, 1463)
(1004, 1464)
(1004, 1465)
(1004, 1466)
(1004, 1467)
(1004, 1468)
(1004, 1469)
(1004, 1470)
(1004, 1471)
(1004, 1472)
(1004, 1473)
(1004, 1474)
(1004, 1475)
(1004, 1476)
(1004, 1477)
(1004, 1478)
(1004, 1479)
(1004, 1480)
(1004, 1481)
(1004, 1482)
(1004, 1483)
(1004, 1484)
(1004, 1485)
(1004, 1486)
(1004, 1487)
(1004, 1488)
(1004, 1489)
(1004, 1490)
(1004, 1491)
(1004, 1492)
(1004, 1493)
(1004, 1494)
(1004, 1495)
(1004, 1496)
(1004, 1497)
(1004, 1498)
(1004, 1499)
(1004, 1500)
(1004, 1501)
(1004, 1502)
(1004, 1503)
(1004, 1504)
(1004, 1505)
(1004, 1506)
(1004, 1507)
(1004, 1508)
(1004, 1509)
(1004, 1510)
(1004, 1511)
(1004, 1512)
(1004, 1513)
(1004, 1514)
(1004, 1515)
(1004, 1516)
(1004, 1517)
(1004, 1518)
(1004, 1519)
(1004, 1520)
(1004, 1521)
(1004, 1522)
(1004, 1523)
(1004, 1524)
(1004, 1525)
(1004, 1526)
(1004, 1527)
(1004, 1528)
(1004, 1529)
(1004, 1530)
(1004, 1531)
(1004, 1532)
(1004, 1533)
(1004, 1534)
(1004, 1535)
(1004, 1536)
(1004, 1537)
(1004, 1538)
(1004, 1539)
(1004, 1540)
(1004, 1541)
(1004, 1542)
(1004, 1543)
(1004, 1544)
(1004, 1545)
(1004, 1546)
(1004, 1547)
(1004, 1548)
(1004, 1549)
(1004, 1550)
(1004, 1551)
(1004, 1552)
(1004, 1553)
(1004, 1554)
(1004, 1555)
(1004, 1556)
(1004, 1557)
(1004, 1558)
(1004, 1559)
(1004, 1560)
(1004, 1561)
(1004, 1562)
(1004, 1563)
(1004, 1564)
(1004, 1565)
(1004, 1566)
(1004, 1567)
(1003, 1568)
(1003, 1569)
(1004, 1570)
(1004, 1571)
(1004, 1572)
(1004, 1573)
(1004, 1574)
(1004, 1575)
(1004, 1576)
(1004, 1577)
(1004, 1578)
(1004, 1579)
(1004, 1580)
(1004, 1581)
(1004, 1582)
(1004, 1583)
(1004, 1584)
(1004, 1585)
(1004, 1586)
(1004, 1587)
(1004, 1588)
(1004, 1589)
(1004, 1590)
(1004, 1591)
(1004, 1592)
(1004, 1593)
(1004, 1594)
(1004, 1595)
(1003, 1596)
(1003, 1597)
(1003, 1598)
(1003, 1599)
(1003, 1600)
(1004, 1601)
(1004, 1602)
(1004, 1603)
(1004, 1604)
(1004, 1605)
(1004, 1606)
(1004, 1607)
(1004, 1608)
(1004, 1609)
(1004, 1610)
(1004, 1611)
(1004, 1612)
(1003, 1613)
(1003, 1614)
(1003, 1615)
(1003, 1616)
(1003, 1617)
(1003, 1618)
(1003, 1619)
(1003, 1620)
(1003, 1621)
(1003, 1622)
(1003, 1623)
(1003, 1624)
(1004, 1625)
(1004, 1626)
(1004, 1627)
(1004, 1628)
(1004, 1629)
(1004, 1630)
(1004, 1631)
(1004, 1632)
(1004, 1637)
(1004, 1638)
(1004, 1639)
(1004, 1640)
(1004, 1641)
(1004, 1642)
(1004, 1643)
(1004, 1644)
(1004, 1645)
(1004, 1646)
(1004, 1647)
(1004, 1648)
(1004, 1649)
(1004, 1650)
(1004, 1651)
(1004, 1652)
(1004, 1653)
(1004, 1654)
(1004, 1655)
(1004, 1656)
(1004, 1657)
(1004, 1658)
(1004, 1659)
(1004, 1660)
(1004, 1661)
(1004, 1662)
(1004, 1663)
(1004, 1664)
(1004, 1665)
(1004, 1666)
(1004, 1667)
(1004, 1668)
(1004, 1669)
(1004, 1670)
(1004, 1671)
(1004, 1672)
(1004, 1673)
(1004, 1674)
(1004, 1675)
(1004, 1676)
(1004, 1677)
(1004, 1678)
(1003, 1679)
(1003, 1680)
(1003, 1681)
(1003, 1682)
(1003, 1683)
(1003, 1684)
(1003, 1685)
(1003, 1686)
(1003, 1687)
(1003, 1688)
(1003, 1689)
(1003, 1690)
(1003, 1691)
(1003, 1692)
(1003, 1693)
(1003, 1694)
(1003, 1695)
(1003, 1696)
(1003, 1697)
(1003, 1698)
(1003, 1699)
(1003, 1700)
(1003, 1701)
(1003, 1702)
(1003, 1703)
(1003, 1704)
(1003, 1705)
(1003, 1706)
(1003, 1707)
(1003, 1708)
(1003, 1709)
(1003, 1710)
(1003, 1711)
(1003, 1712)
(1003, 1713)
(1003, 1714)
(1004, 1715)
(1004, 1716)
(1004, 1717)
(1004, 1718)
(1004, 1719)
(1004, 1720)
(1004, 1721)
(1004, 1722)
(1004, 1723)
(1004, 1724)
(1004, 1725)
(1004, 1726)
(1004, 1727)
(1004, 1728)
(1004, 1729)
(1004, 1730)
(1004, 1731)
(1003, 1732)
(1003, 1733)
(1003, 1734)
(1003, 1735)
(1003, 1736)
(1003, 1737)
(1003, 1738)
(1003, 1739)
(1003, 1740)
(1003, 1741)
(1003, 1742)
(1003, 1743)
(1003, 1744)
(1003, 1745)
(1003, 1746)
(1003, 1747)
(1003, 1748)
(1003, 1749)
(1003, 1750)
(1003, 1751)
(1003, 1752)
(1003, 1753)
(1003, 1754)
(1003, 1755)
(1003, 1756)
(1003, 1757)
(1003, 1758)
(1003, 1759)
(1003, 1760)
(1003, 1761)
(1004, 1762)
(1004, 1763)
(1004, 1764)
(1004, 1765)
(1004, 1766)
(1004, 1767)
(1004, 1768)
(1004, 1769)
(1004, 1770)
(1004, 1771)
(1004, 1772)
(1004, 1773)
(1004, 1774)
(1003, 1775)
(1003, 1776)
(1003, 1777)
(1003, 1778)
(1003, 1779)
(1003, 1780)
(1003, 1781)
(1003, 1782)
(1003, 1783)
(1003, 1784)
(1003, 1785)
(1003, 1786)
(1003, 1787)
(1003, 1788)
(1003, 1789)
(1003, 1790)
(1003, 1791)
(1003, 1792)
(1003, 1793)
(1003, 1794)
(1003, 1795)
(1003, 1796)
(1003, 1797)
(1003, 1798)
(1003, 1799)
(1003, 1800)
(1003, 1801)
(1003, 1802)
(1003, 1803)
(1003, 1804)
(1003, 1805)
(1004, 1806)
(1004, 1807)
(1004, 1808)
(1005, 1813)
(1004, 1814)
(1004, 1815)
(1004, 1816)
(1004, 1817)
(1004, 1818)
(1004, 1819)
(1003, 1820)
(1004, 1821)
(1004, 1822)
(1004, 1823)
(1004, 1824)
(1004, 1825)
(1004, 1826)
(1004, 1827)
(1004, 1828)
(1004, 1829)
(1004, 1830)
(1004, 1831)
(1004, 1832)
(1004, 1833)
(1004, 1834)
(1004, 1835)
(1004, 1836)
(1004, 1837)
(1004, 1838)
(1004, 1839)
(1004, 1840)
(1004, 1841)
(1004, 1842)
(1004, 1843)
(1004, 1844)
(1004, 1845)
(1004, 1846)
(1004, 1847)
(1003, 1848)
(1003, 1849)
(1003, 1850)
(1003, 1851)
(1003, 1852)
(1003, 1853)
(1003, 1854)
(1003, 1855)
(1003, 1856)
(1003, 1857)
(1003, 1858)
(1003, 1859)
(1003, 1860)
(1003, 1861)
(1003, 1862)
(1004, 1863)
(1004, 1864)
(1004, 1865)
(1004, 1866)
(1004, 1867)
(1004, 1868)
(1004, 1869)
(1004, 1870)
(1004, 1871)
(1004, 1872)
(1004, 1873)
(1004, 1874)
(1003, 1875)
(1003, 1876)
(1003, 1877)
(1003, 1878)
(1003, 1879)
(1003, 1880)
(1003, 1881)
(1003, 1882)
(1003, 1883)
(1003, 1884)
(1003, 1885)
(1003, 1886)
(1003, 1887)
(1003, 1888)
(1003, 1889)
(1003, 1890)
(1003, 1891)
(1003, 1892)
(1003, 1893)
(1003, 1894)
(1003, 1895)
(1003, 1896)
(1003, 1897)
(1004, 1898)
(1004, 1899)
(1004, 1900)
(1004, 1901)
(1004, 1902)
(1004, 1903)
(1004, 1904)
(1004, 1905)
(1004, 1906)
(1004, 1907)
(1004, 1908)
(1004, 1909)
(1003, 1910)
(1003, 1911)
(1003, 1912)
(1003, 1913)
(1003, 1914)
(1003, 1915)
(1003, 1916)
(1003, 1917)
(1003, 1918)
(1003, 1919)
(1003, 1920)
(1003, 1921)
(1003, 1922)
(1003, 1923)
(1003, 1924)
(1003, 1925)
(1003, 1926)
(1003, 1927)
(1003, 1928)
(1003, 1929)
(1003, 1930)
(1003, 1931)
(1003, 1932)
(1003, 1933)
(1003, 1934)
(1003, 1935)
(1003, 1936)
(1003, 1937)
(1003, 1938)
(1003, 1939)
(1003, 1940)
(1003, 1941)
(1003, 1942)
(1003, 1943)
(1003, 1944)
(1003, 1945)
(1003, 1946)
(1003, 1947)
(1003, 1948)
(1003, 1949)
(1003, 1950)
(1003, 1951)
(1003, 1952)
(1003, 1953)
(1003, 1954)
(1003, 1955)
(1003, 1956)
(1003, 1957)
(1003, 1958)
(1003, 1959)
(1003, 1960)
(1003, 1961)
(1003, 1962)
(1003, 1963)
(1003, 1964)
(1003, 1965)
(1003, 1966)
(1003, 1967)
(1003, 1968)
(1003, 1969)
(1003, 1970)
(1003, 1971)
(1003, 1972)
(1003, 1973)
(1003, 1974)
(1003, 1975)
(1003, 1976)
(1003, 1977)
(1003, 1978)
(1004, 1979)
(1004, 1980)
(1004, 1981)
(1004, 1982)
(1004, 1983)
(1004, 1984)
(1004, 1985)
(1004, 1990)
(1004, 1991)
(1004, 1992)
(1004, 1993)
(1004, 1994)
(1004, 1995)
(1004, 1996)
(1004, 1997)
(1004, 1998)
(1004, 1999)
(1004, 2000)
(1004, 2001)
(1004, 2002)
(1004, 2003)
(1004, 2004)
(1004, 2005)
(1004, 2006)
(1004, 2007)
(1004, 2008)
(1004, 2009)
(1004, 2010)
(1004, 2011)
(1004, 2012)
(1004, 2013)
(1004, 2014)
(1004, 2015)
(1004, 2016)
(1004, 2017)
(1004, 2018)
(1004, 2019)
(1004, 2020)
(1003, 2021)
(1003, 2022)
(1003, 2023)
(1003, 2024)
(1003, 2025)
(1003, 2026)
(1003, 2027)
(1003, 2028)
(1004, 2029)
(1004, 2030)
(1004, 2031)
(1004, 2032)
(1004, 2033)
(1004, 2034)
(1004, 2035)
(1004, 2036)
(1004, 2037)
(1004, 2038)
(1004, 2039)
(1003, 2040)
(1003, 2041)
(1003, 2042)
(1003, 2043)
(1003, 2044)
(1003, 2045)
(1003, 2046)
(1003, 2047)
(1003, 2048)
(1003, 2049)
(1003, 2050)
(1003, 2051)
(1003, 2052)
(1004, 2053)
(1004, 2054)
(1004, 2055)
(1004, 2056)
(1004, 2057)
(1004, 2058)
(1004, 2059)
(1004, 2060)
(1004, 2061)
(1004, 2062)
(1004, 2063)
(1004, 2064)
(1004, 2065)
(1004, 2066)
(1004, 2067)
(1004, 2068)
(1004, 2069)
(1004, 2070)
(1004, 2071)
(1004, 2072)
(1004, 2073)
(1004, 2074)
(1004, 2075)
(1004, 2076)
(1004, 2077)
(1004, 2078)
(1004, 2079)
(1004, 2080)
(1004, 2081)
(1004, 2082)
(1004, 2083)
(1004, 2084)
(1003, 2085)
(1003, 2086)
(1003, 2087)
(1003, 2088)
(1003, 2089)
(1003, 2090)
(1003, 2091)
(1003, 2092)
(1003, 2093)
(1003, 2094)
(1003, 2095)
(1003, 2096)
(1004, 2097)
(1004, 2098)
(1004, 2099)
(1004, 2100)
(1004, 2101)
(1004, 2102)
(1004, 2103)
(1004, 2104)
(1004, 2105)
(1004, 2106)
(1004, 2107)
(1004, 2108)
(1004, 2109)
(1004, 2110)
(1004, 2111)
(1004, 2112)
(1004, 2113)
(1004, 2114)
(1004, 2115)
(1004, 2116)
(1004, 2117)
(1004, 2118)
(1004, 2119)
(1004, 2120)
(1004, 2121)
(1004, 2122)
(1004, 2123)
(1004, 2124)
(1004, 2125)
(1004, 2126)
(1004, 2127)
(1004, 2128)
(1004, 2129)
(1004, 2130)
(1004, 2131)
(1004, 2132)
(1004, 2133)
(1004, 2134)
(1004, 2135)
(1004, 2136)
(1004, 2137)
(1004, 2138)
(1004, 2139)
(1004, 2140)
(1003, 2141)
(1003, 2142)
(1003, 2143)
(1003, 2144)
(1003, 2145)
(1003, 2146)
(1003, 2147)
(1003, 2148)
(1003, 2149)
(1003, 2150)
(1003, 2151)
(1003, 2152)
(1003, 2153)
(1003, 2154)
(1003, 2155)
(1004, 2156)
(1004, 2157)
(1004, 2158)
(1004, 2159)
(1004, 2160)
(1004, 2161)
(1004, 2162)
(1003, 2166)
(1004, 2167)
(1004, 2168)
(1004, 2169)
(1004, 2170)
(1004, 2171)
(1004, 2172)
(1004, 2173)
(1004, 2174)
(1004, 2175)
(1004, 2176)
(1004, 2177)
(1004, 2178)
(1004, 2179)
(1004, 2180)
(1004, 2181)
(1004, 2182)
(1004, 2183)
(1004, 2184)
(1004, 2185)
(1004, 2186)
(1004, 2187)
(1004, 2188)
(1004, 2189)
(1004, 2190)
(1004, 2191)
(1004, 2192)
(1004, 2193)
(1004, 2194)
(1004, 2195)
(1004, 2196)
(1004, 2197)
(1004, 2198)
(1004, 2199)
(1004, 2200)
(1004, 2201)
(1004, 2202)
(1004, 2203)
(1003, 2204)
(1003, 2205)
(1003, 2206)
(1003, 2207)
(1003, 2208)
(1003, 2209)
(1003, 2210)
(1003, 2211)
(1003, 2212)
(1003, 2213)
(1003, 2214)
(1003, 2215)
(1003, 2216)
(1003, 2217)
(1003, 2218)
(1003, 2219)
(1003, 2220)
(1003, 2221)
(1003, 2222)
(1003, 2223)
(1003, 2224)
(1003, 2225)
(1003, 2226)
(1003, 2227)
(1003, 2228)
(1003, 2229)
(1003, 2230)
(1003, 2231)
(1003, 2232)
(1003, 2233)
(1003, 2234)
(1003, 2235)
(1003, 2236)
(1003, 2237)
(1003, 2238)
(1003, 2239)
(1004, 2240)
(1004, 2241)
(1004, 2242)
(1004, 2243)
(1004, 2244)
(1004, 2245)
(1004, 2246)
(1004, 2247)
(1004, 2248)
(1004, 2249)
(1004, 2250)
(1004, 2251)
(1004, 2252)
(1004, 2253)
(1003, 2254)
(1003, 2255)
(1003, 2256)
(1003, 2257)
(1003, 2258)
(1003, 2259)
(1003, 2260)
(1003, 2261)
(1003, 2262)
(1003, 2263)
(1003, 2264)
(1003, 2265)
(1003, 2266)
(1003, 2267)
(1003, 2268)
(1003, 2269)
(1003, 2270)
(1003, 2271)
(1003, 2272)
(1003, 2273)
(1003, 2274)
(1003, 2275)
(1003, 2276)
(1003, 2277)
(1003, 2278)
(1003, 2279)
(1003, 2280)
(1003, 2281)
(1004, 2282)
(1004, 2283)
(1004, 2284)
(1004, 2285)
(1004, 2286)
(1004, 2287)
(1004, 2288)
(1004, 2289)
(1004, 2290)
(1004, 2291)
(1004, 2292)
(1004, 2293)
(1004, 2294)
(1004, 2295)
(1004, 2296)
(1004, 2297)
(1004, 2298)
(1004, 2299)
(1003, 2300)
(1003, 2301)
(1003, 2302)
(1003, 2303)
(1003, 2304)
(1003, 2305)
(1003, 2306)
(1003, 2307)
(1003, 2308)
(1003, 2309)
(1003, 2310)
(1003, 2311)
(1003, 2312)
(1003, 2313)
(1003, 2314)
(1003, 2315)
(1003, 2316)
(1004, 2317)
(1004, 2318)
(1004, 2319)
(1004, 2320)
(1004, 2321)
(1004, 2322)
(1004, 2323)
(1004, 2324)
(1004, 2325)
(1004, 2326)
(1004, 2327)
(1004, 2328)
(1004, 2329)
(1004, 2330)
(1004, 2331)
(1004, 2332)
(1004, 2333)
(1004, 2334)
(1004, 2335)
(1004, 2336)
(1004, 2337)
(1004, 2338)
(1004, 2339)
(1004, 2340)
(1004, 2341)
(1004, 2342)
(1004, 2343)
(1004, 2344)
(1004, 2345)
(1004, 2346)
(1004, 2347)
(1004, 2348)
(1004, 2349)
(1004, 2350)
(1004, 2351)
(1004, 2352)
(1004, 2353)
(1004, 2354)
(1004, 2355)
(1004, 2356)
(1004, 2357)
(1004, 2358)
(1004, 2359)
(1004, 2360)
(1004, 2361)
(1004, 2362)
(1004, 2363)
(1004, 2364)
(1004, 2365)
(1004, 2366)
(1004, 2367)
(1004, 2368)
(1004, 2369)
(1004, 2370)
(1004, 2371)
(1004, 2372)
(1004, 2373)
(1004, 2374)
(1004, 2375)
(1004, 2376)
(1004, 2377)
(1004, 2378)
(1003, 2379)
(1003, 2380)
(1003, 2381)
(1003, 2382)
(1003, 2383)
(1003, 2384)
(1003, 2385)
(1003, 2386)
(1003, 2387)
(1003, 2388)
(1003, 2389)
(1003, 2390)
(1003, 2391)
(1003, 2392)
(1003, 2393)
(1003, 2394)
(1003, 2395)
(1003, 2396)
(1003, 2397)
(1004, 2398)
(1004, 2399)
(1004, 2400)
(1004, 2401)
(1004, 2402)
(1004, 2403)
(1004, 2404)
(1004, 2405)
(1004, 2406)
(1004, 2407)
(1003, 2408)
(1003, 2409)
(1003, 2410)
(1003, 2411)
(1003, 2412)
(1003, 2413)
(1003, 2414)
(1003, 2415)
(1003, 2416)
(1003, 2417)
(1003, 2418)
(1003, 2419)
(1003, 2420)
(1003, 2421)
(1003, 2422)
(1003, 2423)
(1003, 2424)
(1003, 2425)
(1003, 2426)
(1003, 2427)
(1003, 2428)
(1003, 2429)
(1003, 2430)
(1003, 2431)
(1003, 2432)
(1003, 2433)
(1003, 2434)
(1003, 2435)
(1003, 2436)
(1003, 2437)
(1004, 2438)
(1004, 2439)
(1003, 2440)
(1003, 2441)
(1003, 2442)
(1003, 2443)
(1003, 2444)
(1003, 2445)
(1003, 2446)
(1003, 2447)
(1003, 2448)
(1003, 2449)
(1003, 2450)
(1003, 2451)
(1003, 2452)
(1003, 2453)
(1003, 2454)
(1003, 2455)
(1003, 2456)
(1003, 2457)
(1003, 2458)
(1003, 2459)
(1003, 2460)
(1003, 2461)
(1003, 2462)
(1003, 2463)
(1003, 2464)
(1004, 2465)
(1004, 2466)
(1004, 2467)
(1004, 2468)
(1004, 2469)
(1004, 2470)
(1004, 2471)
(1004, 2472)
(1004, 2473)
(1004, 2474)
(1004, 2475)
(1004, 2476)
(1004, 2477)
(1003, 2478)
(1003, 2479)
(1003, 2480)
(1003, 2481)
(1003, 2482)
(1003, 2483)
(1003, 2484)
(1003, 2485)
(1003, 2486)
(1003, 2487)
(1003, 2488)
(1004, 2489)
(1004, 2490)
(1004, 2491)
(1004, 2492)
(1004, 2493)
(1004, 2494)
(1004, 2495)
(1004, 2496)
(1004, 2497)
(1004, 2498)
(1004, 2499)
(1004, 2500)
(1004, 2501)
(1004, 2502)
(1004, 2503)
(1004, 2504)
(1004, 2505)
(1004, 2506)
(1004, 2507)
(1004, 2508)
(1004, 2509)
(1004, 2510)
(1004, 2511)
(1004, 2512)
(1004, 2513)
(1004, 2514)
(1004, 2515)
(1002, 2516)
(1007, 2517)
(1007, 2518)
(1006, 2519)
(1004, 2520)
(1004, 2521)
(1004, 2522)
(1004, 2523)
(1004, 2524)
(1004, 2525)
(1004, 2526)
(1004, 2527)
(1004, 2528)
(1004, 2529)
(1004, 2530)
(1004, 2531)
(1004, 2532)
(1004, 2533)
(1004, 2534)
(1004, 2535)
(1004, 2536)
(1004, 2537)
(1004, 2538)
(1004, 2539)
(1004, 2540)
(1004, 2541)
(1004, 2542)
(1004, 2543)
(1004, 2544)
(1004, 2545)
(1004, 2546)
(1004, 2547)
(1004, 2548)
(1004, 2549)
(1004, 2550)
(1004, 2551)
(1004, 2552)
(1004, 2553)
(1003, 2554)
(1003, 2555)
(1003, 2556)
(1003, 2557)
(1003, 2558)
(1003, 2559)
(1003, 2560)
(1003, 2561)
(1003, 2562)
(1003, 2563)
(1003, 2564)
(1003, 2565)
(1003, 2566)
(1003, 2567)
(1003, 2568)
(1003, 2569)
(1003, 2570)
(1003, 2571)
(1003, 2572)
(1003, 2573)
(1003, 2574)
(1003, 2575)
(1003, 2576)
(1003, 2577)
(1003, 2578)
(1003, 2579)
(1003, 2580)
(1003, 2581)
(1003, 2582)
(1003, 2583)
(1003, 2584)
(1003, 2585)
(1003, 2586)
(1003, 2587)
(1003, 2588)
(1004, 2589)
(1004, 2590)
(1004, 2591)
(1004, 2592)
(1004, 2593)
(1004, 2594)
(1004, 2595)
(1004, 2596)
(1004, 2597)
(1004, 2598)
(1004, 2599)
(1004, 2600)
(1004, 2601)
(1003, 2602)
(1003, 2603)
(1003, 2604)
(1003, 2605)
(1003, 2606)
(1003, 2607)
(1003, 2608)
(1003, 2609)
(1003, 2610)
(1003, 2611)
(1003, 2612)
(1003, 2613)
(1003, 2614)
(1004, 2615)
(1004, 2616)
(1004, 2617)
(1004, 2618)
(1004, 2619)
(1004, 2620)
(1004, 2621)
(1004, 2622)
(1004, 2623)
(1004, 2624)
(1004, 2625)
(1004, 2626)
(1004, 2627)
(1004, 2628)
(1004, 2629)
(1004, 2630)
(1004, 2631)
(1004, 2632)
(1004, 2633)
(1004, 2634)
(1004, 2635)
(1004, 2636)
(1004, 2637)
(1004, 2638)
(1004, 2639)
(1004, 2640)
(1003, 2641)
(1003, 2642)
(1003, 2643)
(1003, 2644)
(1003, 2645)
(1003, 2646)
(1003, 2647)
(1003, 2648)
(1003, 2649)
(1003, 2650)
(1003, 2651)
(1003, 2652)
(1003, 2653)
(1003, 2654)
(1004, 2655)
(1004, 2656)
(1004, 2657)
(1004, 2658)
(1004, 2659)
(1004, 2660)
(1004, 2661)
(1004, 2662)
(1004, 2663)
(1004, 2664)
(1004, 2665)
(1004, 2666)
(1004, 2667)
(1004, 2668)
(1004, 2669)
(1004, 2670)
(1004, 2671)
(1004, 2672)
(1004, 2673)
(1004, 2674)
(1004, 2675)
(1004, 2676)
(1004, 2677)
(1004, 2678)
(1004, 2679)
(1004, 2680)
(1004, 2681)
(1004, 2682)
(1004, 2683)
(1004, 2684)
(1004, 2685)
(1004, 2686)
(1004, 2687)
(1004, 2688)
(1004, 2689)
(1004, 2690)
(1004, 2691)
(1004, 2692)
(1002, 2693)
(1007, 2694)
(1007, 2695)
(1005, 2696)
(1004, 2697)
(1004, 2698)
(1004, 2699)
(1004, 2700)
(1004, 2701)
(1004, 2702)
(1004, 2703)
(1004, 2704)
(1004, 2705)
(1004, 2706)
(1004, 2707)
(1004, 2708)
(1004, 2709)
(1004, 2710)
(1004, 2711)
(1004, 2712)
(1004, 2713)
(1004, 2714)
(1004, 2715)
(1004, 2716)
(1004, 2717)
(1004, 2718)
(1004, 2719)
(1004, 2720)
(1004, 2721)
(1004, 2722)
(1004, 2723)
(1004, 2724)
(1004, 2725)
(1004, 2726)
(1004, 2727)
(1004, 2728)
(1004, 2729)
(1004, 2730)
(1004, 2731)
(1004, 2732)
(1004, 2733)
(1004, 2734)
(1004, 2735)
(1004, 2736)
(1004, 2737)
(1004, 2738)
(1004, 2739)
(1004, 2740)
(1004, 2741)
(1004, 2742)
(1004, 2743)
(1004, 2744)
(1004, 2745)
(1004, 2746)
(1004, 2747)
(1004, 2748)
(1004, 2749)
(1004, 2750)
(1004, 2751)
(1004, 2752)
(1004, 2753)
(1004, 2754)
(1004, 2755)
(1004, 2756)
(1004, 2757)
(1004, 2758)
(1004, 2759)
(1004, 2760)
(1004, 2761)
(1004, 2762)
(1004, 2763)
(1004, 2764)
(1004, 2765)
(1004, 2766)
(1004, 2767)
(1004, 2768)
(1004, 2769)
(1004, 2770)
(1004, 2771)
(1004, 2772)
(1004, 2773)
(1004, 2774)
(1004, 2775)
(1004, 2776)
(1004, 2777)
(1004, 2778)
(1004, 2779)
(1004, 2780)
(1004, 2781)
(1004, 2782)
(1004, 2783)
(1004, 2784)
(1004, 2785)
(1004, 2786)
(1004, 2787)
(1004, 2788)
(1004, 2789)
(1004, 2790)
(1004, 2791)
(1004, 2792)
(1004, 2793)
(1004, 2794)
(1004, 2795)
(1004, 2796)
(1004, 2797)
(1003, 2798)
(1003, 2799)
(1004, 2800)
(1004, 2801)
(1004, 2802)
(1004, 2803)
(1004, 2804)
(1004, 2805)
(1004, 2806)
(1004, 2807)
(1004, 2808)
(1004, 2809)
(1004, 2810)
(1004, 2811)
(1004, 2812)
(1004, 2813)
(1004, 2814)
(1004, 2815)
(1004, 2816)
(1004, 2817)
(1004, 2818)
(1004, 2819)
(1004, 2820)
(1004, 2821)
(1004, 2822)
(1004, 2823)
(1004, 2824)
(1004, 2825)
(1004, 2826)
(1004, 2827)
(1004, 2828)
(1004, 2829)
(1004, 2830)
(1004, 2831)
(1004, 2832)
(1004, 2833)
(1004, 2834)
(1004, 2835)
(1004, 2836)
(1004, 2837)
(1004, 2838)
(1003, 2839)
(1003, 2840)
(1004, 2841)
(1004, 2842)
(1004, 2843)
(1004, 2844)
(1004, 2845)
(1004, 2846)
(1004, 2847)
(1004, 2848)
(1004, 2849)
(1004, 2850)
(1004, 2851)
(1004, 2852)
(1004, 2853)
(1004, 2854)
(1004, 2855)
(1004, 2856)
(1004, 2857)
(1004, 2858)
(1004, 2859)
(1004, 2860)
(1004, 2861)
(1004, 2862)
(1004, 2863)
(1004, 2864)
(1004, 2865)
(1004, 2866)
(1004, 2867)
(1004, 2868)
(1004, 2869)
(1004, 2870)
(1004, 2871)
(1004, 2872)
(1004, 2873)
(1004, 2874)
(1004, 2875)
(1004, 2876)
(1004, 2877)
(1004, 2878)
(1004, 2879)
(1004, 2880)
(1004, 2881)
(1004, 2882)
(1004, 2883)
(1004, 2884)
(1004, 2885)
(1004, 2886)
(1005, 2887)
(1005, 2888)
(1005, 2889)
(1004, 2890)
(1004, 2891)
(1004, 2892)
(1005, 2893)
(1005, 2894)
(1005, 2895)
(1005, 2896)
(1005, 2897)
(1005, 2898)
(1005, 2899)
(1005, 2900)
(1004, 2901)
(1004, 2902)
(1004, 2903)
(1004, 2904)
(1004, 2905)
(1004, 2906)
(1004, 2907)
(1004, 2908)
(1004, 2909)
(1004, 2910)
(1004, 2911)
(1004, 2912)
(1004, 2913)
(1004, 2914)
(1004, 2915)
(1004, 2916)
(1004, 2917)
(1004, 2918)
(1004, 2919)
(1004, 2920)
(1004, 2921)
(1004, 2922)
(1004, 2923)
(1004, 2924)
(1004, 2925)
(1004, 2926)
(1004, 2927)
(1004, 2928)
(1004, 2929)
(1004, 2930)
(1004, 2931)
(1004, 2932)
(1004, 2933)
(1004, 2934)
(1004, 2935)
(1004, 2936)
(1004, 2937)
(1004, 2938)
(1004, 2939)
(1004, 2940)
(1004, 2941)
(1004, 2942)
(1004, 2943)
(1004, 2944)
(1004, 2945)
(1004, 2946)
(1004, 2947)
(1004, 2948)
(1004, 2949)
(1004, 2950)
(1004, 2951)
(1004, 2952)
(1004, 2953)
(1004, 2954)
(1004, 2955)
(1004, 2956)
(1004, 2957)
(1004, 2958)
(1004, 2959)
(1004, 2960)
(1004, 2961)
(1004, 2962)
(1004, 2963)
(1004, 2964)
(1004, 2965)
(1004, 2966)
(1004, 2967)
(1004, 2968)
(1004, 2969)
(1004, 2970)
(1004, 2971)
(1004, 2972)
(1004, 2973)
(1004, 2974)
(1004, 2975)
(1004, 2976)
(1004, 2977)
(1004, 2978)
(1004, 2979)
(1004, 2980)
(1004, 2981)
(1004, 2982)
(1004, 2983)
(1004, 2984)
(1004, 2985)
(1004, 2986)
(1004, 2987)
(1004, 2988)
(1004, 2989)
(1004, 2990)
(1004, 2991)
(1004, 2992)
(1004, 2993)
(1004, 2994)
(1004, 2995)
(1004, 2996)
(1004, 2997)
(1004, 2998)
(1004, 2999)
(1004, 3000)
(1004, 3001)
(1004, 3002)
(1004, 3003)
(1004, 3004)
(1004, 3005)
(1004, 3006)
(1004, 3007)
(1004, 3008)
(1004, 3009)
(1004, 3010)
(1004, 3011)
(1004, 3012)
(1004, 3013)
(1004, 3014)
(1004, 3015)
(1004, 3016)
(1004, 3017)
(1004, 3018)
(1004, 3019)
(1004, 3020)
(1004, 3021)
(1004, 3022)
(1004, 3023)
(1004, 3024)
(1004, 3025)
(1004, 3026)
(1004, 3027)
(1004, 3028)
(1004, 3029)
(1004, 3030)
(1004, 3031)
(1004, 3032)
(1004, 3033)
(1004, 3034)
(1004, 3035)
(1004, 3036)
(1004, 3037)
(1004, 3038)
(1004, 3039)
(1004, 3040)
(1004, 3041)
(1004, 3042)
(1004, 3043)
(1004, 3044)
(1004, 3045)
(1007, 3046)
(1004, 3047)
(1005, 3048)
(1004, 3049)
(1004, 3050)
(1004, 3051)
(1004, 3052)
(1004, 3053)
(1004, 3054)
(1004, 3055)
(1004, 3056)
(1004, 3057)
(1004, 3058)
(1004, 3059)
(1004, 3060)
(1004, 3061)
(1004, 3062)
(1004, 3063)
(1004, 3064)
(1004, 3065)
(1004, 3066)
(1004, 3067)
(1004, 3068)
(1004, 3069)
(1004, 3070)
(1004, 3071)
(1004, 3072)
(1004, 3073)
(1004, 3074)
(1004, 3075)
(1004, 3076)
(1004, 3077)
(1004, 3078)
(1004, 3079)
(1004, 3080)
(1004, 3081)
(1004, 3082)
(1004, 3083)
(1004, 3084)
(1004, 3085)
(1004, 3086)
(1004, 3087)
(1004, 3088)
(1004, 3089)
(1004, 3090)
(1004, 3091)
(1003, 3092)
(1003, 3093)
(1003, 3094)
(1003, 3095)
(1003, 3096)
(1003, 3097)
(1003, 3098)
(1003, 3099)
(1003, 3100)
(1003, 3101)
(1004, 3102)
(1004, 3103)
(1004, 3104)
(1004, 3105)
(1004, 3106)
(1004, 3107)
(1004, 3108)
(1004, 3109)
(1004, 3110)
(1004, 3111)
(1004, 3112)
(1004, 3113)
(1004, 3114)
(1003, 3115)
(1003, 3116)
(1004, 3117)
(1004, 3118)
(1004, 3119)
(1004, 3120)
(1004, 3121)
(1004, 3122)
(1004, 3123)
(1004, 3124)
(1004, 3125)
(1004, 3126)
(1004, 3127)
(1004, 3128)
(1004, 3129)
(1004, 3130)
(1004, 3131)
(1004, 3132)
(1004, 3133)
(1004, 3134)
(1004, 3135)
(1004, 3136)
(1004, 3137)
(1004, 3138)
(1004, 3139)
(1004, 3140)
(1004, 3141)
(1004, 3142)
(1004, 3143)
(1004, 3144)
(1004, 3145)
(1004, 3146)
(1004, 3147)
(1003, 3148)
(1003, 3149)
(1003, 3150)
(1003, 3151)
(1003, 3152)
(1003, 3153)
(1004, 3154)
(1004, 3155)
(1004, 3156)
(1004, 3157)
(1004, 3158)
(1004, 3159)
(1004, 3160)
(1004, 3161)
(1004, 3162)
(1004, 3163)
(1004, 3164)
(1004, 3165)
(1004, 3166)
(1004, 3167)
(1004, 3168)
(1004, 3169)
(1004, 3170)
(1004, 3171)
(1004, 3172)
(1004, 3173)
(1004, 3174)
(1004, 3175)
(1004, 3176)
(1004, 3177)
(1004, 3178)
(1004, 3179)
(1004, 3180)
(1003, 3181)
(1003, 3182)
(1003, 3183)
(1003, 3184)
(1003, 3185)
(1003, 3186)
(1003, 3187)
(1003, 3188)
(1003, 3189)
(1003, 3190)
(1003, 3191)
(1003, 3192)
(1003, 3193)
(1004, 3194)
(1004, 3195)
(1004, 3196)
(1004, 3197)
(1004, 3198)
(1004, 3199)
(1004, 3200)
(1004, 3201)
(1004, 3202)
(1004, 3203)
(1004, 3204)
(1004, 3205)
(1004, 3206)
(1004, 3207)
(1004, 3208)
(1004, 3209)
(1004, 3210)
(1004, 3211)
(1004, 3212)
(1004, 3213)
(1004, 3214)
(1004, 3215)
(1004, 3216)
(1004, 3217)
(1004, 3218)
(1004, 3219)
(1004, 3220)
(1004, 3225)
(1004, 3226)
(1004, 3227)
(1004, 3228)
(1004, 3229)
(1004, 3230)
(1004, 3231)
(1004, 3232)
(1004, 3233)
(1004, 3234)
(1004, 3235)
(1004, 3236)
(1004, 3237)
(1004, 3238)
(1004, 3239)
(1004, 3240)
(1004, 3241)
(1004, 3242)
(1004, 3243)
(1004, 3244)
(1004, 3245)
(1004, 3246)
(1004, 3247)
(1005, 3248)
(1004, 3249)
(1004, 3250)
(1004, 3251)
(1004, 3252)
(1004, 3253)
(1004, 3254)
(1004, 3255)
(1004, 3256)
(1004, 3257)
(1004, 3258)
(1004, 3259)
(1004, 3260)
(1004, 3261)
(1004, 3262)
(1004, 3263)
(1004, 3264)
(1004, 3265)
(1004, 3266)
(1004, 3267)
(1004, 3268)
(1004, 3269)
(1004, 3270)
(1004, 3271)
(1004, 3272)
(1004, 3273)
(1004, 3274)
(1004, 3275)
(1004, 3276)
(1004, 3277)
(1004, 3278)
(1004, 3279)
(1004, 3280)
(1004, 3281)
(1004, 3282)
(1004, 3283)
(1004, 3284)
(1004, 3285)
(1004, 3286)
(1004, 3287)
(1004, 3288)
(1004, 3289)
(1004, 3290)
(1004, 3291)
(1004, 3292)
(1004, 3293)
(1004, 3294)
(1004, 3295)
(1004, 3296)
(1004, 3297)
(1004, 3298)
(1004, 3299)
(1004, 3300)
(1004, 3301)
(1004, 3302)
(1004, 3303)
(1004, 3304)
(1004, 3305)
(1004, 3306)
(1004, 3307)
(1004, 3308)
(1004, 3309)
(1004, 3310)
(1004, 3311)
(1004, 3312)
(1004, 3313)
(1004, 3314)
(1004, 3315)
(1004, 3316)
(1004, 3317)
(1004, 3318)
(1004, 3319)
(1004, 3320)
(1004, 3321)
(1004, 3322)
(1004, 3323)
(1004, 3324)
(1004, 3325)
(1004, 3326)
(1004, 3327)
(1004, 3328)
(1004, 3329)
(1004, 3330)
(1004, 3331)
(1004, 3332)
(1004, 3333)
(1004, 3334)
(1004, 3335)
(1004, 3336)
(1004, 3337)
(1004, 3338)
(1004, 3339)
(1004, 3340)
(1004, 3341)
(1004, 3342)
(1004, 3343)
(1004, 3344)
(1004, 3345)
(1004, 3346)
(1004, 3347)
(1004, 3348)
(1004, 3349)
(1004, 3350)
(1004, 3351)
(1004, 3352)
(1004, 3353)
(1004, 3354)
(1004, 3355)
(1004, 3356)
(1004, 3357)
(1004, 3358)
(1004, 3359)
(1004, 3360)
(1004, 3361)
(1004, 3362)
(1004, 3363)
(1004, 3364)
(1004, 3365)
(1004, 3366)
(1004, 3367)
(1004, 3368)
(1004, 3369)
(1004, 3370)
(1004, 3371)
(1004, 3372)
(1004, 3373)
(1004, 3374)
(1004, 3375)
(1004, 3376)
(1004, 3377)
(1004, 3378)
(1004, 3379)
(1004, 3380)
(1004, 3381)
(1004, 3382)
(1004, 3383)
(1004, 3384)
(1004, 3385)
(1004, 3386)
(1004, 3387)
(1004, 3388)
(1004, 3389)
(1004, 3390)
(1004, 3391)
(1004, 3392)
(1004, 3393)
(1004, 3394)
(1004, 3395)
(1004, 3396)
(1004, 3397)
(1004, 3398)
(1004, 3399)
(1003, 3403)
(1004, 3404)
(1004, 3405)
(1004, 3406)
(1004, 3407)
(1004, 3408)
(1004, 3409)
(1004, 3410)
(1004, 3411)
(1004, 3412)
(1004, 3413)
(1004, 3414)
(1004, 3415)
(1004, 3416)
(1004, 3417)
(1004, 3418)
(1004, 3419)
(1004, 3420)
(1004, 3421)
(1004, 3422)
(1004, 3423)
(1004, 3424)
(1004, 3425)
(1004, 3426)
(1004, 3427)
(1004, 3428)
(1004, 3429)
(1004, 3430)
(1004, 3431)
(1004, 3432)
(1004, 3433)
(1004, 3434)
(1004, 3435)
(1004, 3436)
(1004, 3437)
(1004, 3438)
(1004, 3439)
(1004, 3440)
(1004, 3441)
(1004, 3442)
(1004, 3443)
(1004, 3444)
(1004, 3445)
(1004, 3446)
(1004, 3447)
(1004, 3448)
(1004, 3449)
(1004, 3450)
(1004, 3451)
(1004, 3452)
(1004, 3453)
(1004, 3454)
(1004, 3455)
(1004, 3456)
(1004, 3457)
(1004, 3458)
(1004, 3459)
(1004, 3460)
(1004, 3461)
(1004, 3462)
(1004, 3463)
(1004, 3464)
(1004, 3465)
(1004, 3466)
(1004, 3467)
(1004, 3468)
(1004, 3469)
(1004, 3470)
(1004, 3471)
(1004, 3472)
(1004, 3473)
(1003, 3474)
(1003, 3475)
(1003, 3476)
(1003, 3477)
(1003, 3478)
(1003, 3479)
(1003, 3480)
(1003, 3481)
(1003, 3482)
(1003, 3483)
(1003, 3484)
(1003, 3485)
(1003, 3486)
(1003, 3487)
(1003, 3488)
(1003, 3489)
(1003, 3490)
(1003, 3491)
(1003, 3492)
(1003, 3493)
(1003, 3494)
(1003, 3495)
(1003, 3496)
(1003, 3497)
(1003, 3498)
(1003, 3499)
(1003, 3500)
(1003, 3501)
(1003, 3502)
(1003, 3503)
(1003, 3504)
(1003, 3505)
(1003, 3506)
(1003, 3507)
(1003, 3508)
(1003, 3509)
(1003, 3510)
(1003, 3511)
(1003, 3512)
(1004, 3513)
(1004, 3514)
(1004, 3515)
(1004, 3516)
(1004, 3517)
(1004, 3518)
(1004, 3519)
(1004, 3520)
(1004, 3521)
(1004, 3522)
(1004, 3523)
(1004, 3524)
(1004, 3525)
(1004, 3526)
(1004, 3527)
(1004, 3528)
(1004, 3529)
(1004, 3530)
(1003, 3531)
(1003, 3532)
(1003, 3533)
(1003, 3534)
(1003, 3535)
(1003, 3536)
(1003, 3537)
(1003, 3538)
(1003, 3539)
(1003, 3540)
(1003, 3541)
(1004, 3542)
(1004, 3543)
(1004, 3544)
(1004, 3545)
(1004, 3546)
(1004, 3547)
(1004, 3548)
(1004, 3549)
(1004, 3550)
(1004, 3551)
(1004, 3552)
(1004, 3553)
(1004, 3554)
(1004, 3555)
(1004, 3556)
(1004, 3557)
(1004, 3558)
(1004, 3559)
(1004, 3560)
(1004, 3561)
(1003, 3562)
(1003, 3563)
(1003, 3564)
(1003, 3565)
(1004, 3566)
(1004, 3567)
(1004, 3568)
(1004, 3569)
(1004, 3570)
(1004, 3571)
(1004, 3572)
(1004, 3573)
(1004, 3574)
(1004, 3578)
(1004, 3579)
(1004, 3580)
(1004, 3581)
(1004, 3582)
(1004, 3583)
(1004, 3584)
(1004, 3585)
(1004, 3586)
(1004, 3587)
(1004, 3588)
(1004, 3589)
(1004, 3590)
(1004, 3591)
(1004, 3592)
(1004, 3593)
(1004, 3594)
(1004, 3595)
(1004, 3596)
(1004, 3597)
(1004, 3598)
(1004, 3599)
(1004, 3600)
(1004, 3601)
(1004, 3602)
(1004, 3603)
(1004, 3604)
(1004, 3605)
(1004, 3606)
(1004, 3607)
(1004, 3608)
(1004, 3609)
(1004, 3610)
(1004, 3611)
(1003, 3612)
(1003, 3613)
(1003, 3614)
(1003, 3615)
(1003, 3616)
(1003, 3617)
(1003, 3618)
(1003, 3619)
(1003, 3620)
(1003, 3621)
(1003, 3622)
(1003, 3623)
(1003, 3624)
(1003, 3625)
(1003, 3626)
(1003, 3627)
(1003, 3628)
(1003, 3629)
(1003, 3630)
(1003, 3631)
(1003, 3632)
(1003, 3633)
(1003, 3634)
(1003, 3635)
(1003, 3636)
(1003, 3637)
(1003, 3638)
(1003, 3639)
(1003, 3640)
(1003, 3641)
(1003, 3642)
(1003, 3643)
(1003, 3644)
(1003, 3645)
(1003, 3646)
(1003, 3647)
(1003, 3648)
(1003, 3649)
(1003, 3650)
(1003, 3651)
(1003, 3652)
(1003, 3653)
(1003, 3654)
(1003, 3655)
(1003, 3656)
(1003, 3657)
(1003, 3658)
(1003, 3659)
(1003, 3660)
(1003, 3661)
(1003, 3662)
(1003, 3663)
(1003, 3664)
(1003, 3665)
(1003, 3666)
(1003, 3667)
(1003, 3668)
(1003, 3669)
(1003, 3670)
(1003, 3671)
(1004, 3672)
(1004, 3673)
(1004, 3674)
(1004, 3675)
(1004, 3676)
(1004, 3677)
(1004, 3678)
(1004, 3679)
(1004, 3680)
(1004, 3681)
(1004, 3682)
(1004, 3683)
(1004, 3684)
(1003, 3685)
(1003, 3686)
(1003, 3687)
(1003, 3688)
(1003, 3689)
(1003, 3690)
(1003, 3691)
(1003, 3692)
(1003, 3693)
(1003, 3694)
(1003, 3695)
(1003, 3696)
(1003, 3697)
(1003, 3698)
(1003, 3699)
(1003, 3700)
(1003, 3701)
(1003, 3702)
(1003, 3703)
(1003, 3704)
(1003, 3705)
(1003, 3706)
(1003, 3707)
(1003, 3708)
(1003, 3709)
(1003, 3710)
(1003, 3711)
(1003, 3712)
(1003, 3713)
(1003, 3714)
(1003, 3715)
(1003, 3716)
(1003, 3717)
(1003, 3718)
(1003, 3719)
(1003, 3720)
(1003, 3721)
(1003, 3722)
(1003, 3723)
(1003, 3724)
(1003, 3725)
(1003, 3726)
(1003, 3727)
(1003, 3728)
(1003, 3729)
(1003, 3730)
(1003, 3731)
(1003, 3732)
(1003, 3733)
(1003, 3734)
(1003, 3735)
(1003, 3736)
(1003, 3737)
(1003, 3738)
(1003, 3739)
(1003, 3740)
(1003, 3741)
(1003, 3742)
(1003, 3743)
(1004, 3744)
(1004, 3745)
(1004, 3746)
(1004, 3747)
(1003, 3748)
(1004, 3752)
(1004, 3753)
(1004, 3754)
(1004, 3755)
(1004, 3756)
(1004, 3757)
(1004, 3758)
(1004, 3759)
(1004, 3760)
(1004, 3761)
(1004, 3762)
(1004, 3763)
(1004, 3764)
(1004, 3765)
(1004, 3766)
(1004, 3767)
(1004, 3768)
(1004, 3769)
(1004, 3770)
(1004, 3771)
(1004, 3772)
(1004, 3773)
(1004, 3774)
(1004, 3775)
(1004, 3776)
(1004, 3777)
(1004, 3778)
(1004, 3779)
(1004, 3780)
(1004, 3781)
(1004, 3782)
(1004, 3783)
(1004, 3784)
(1003, 3785)
(1003, 3786)
(1003, 3787)
(1003, 3788)
(1003, 3789)
(1003, 3790)
(1003, 3791)
(1003, 3792)
(1003, 3793)
(1003, 3794)
(1003, 3795)
(1003, 3796)
(1003, 3797)
(1003, 3798)
(1003, 3799)
(1003, 3800)
(1003, 3801)
(1003, 3802)
(1003, 3803)
(1003, 3804)
(1003, 3805)
(1003, 3806)
(1003, 3807)
(1003, 3808)
(1003, 3809)
(1003, 3810)
(1003, 3811)
(1003, 3812)
(1003, 3813)
(1003, 3814)
(1003, 3815)
(1003, 3816)
(1003, 3817)
(1003, 3818)
(1003, 3819)
(1003, 3820)
(1003, 3821)
(1003, 3822)
(1003, 3823)
(1003, 3824)
(1003, 3825)
(1003, 3826)
(1003, 3827)
(1003, 3828)
(1003, 3829)
(1003, 3830)
(1003, 3831)
(1003, 3832)
(1003, 3833)
(1003, 3834)
(1003, 3835)
(1003, 3836)
(1003, 3837)
(1003, 3838)
(1003, 3839)
(1003, 3840)
(1003, 3841)
(1003, 3842)
(1003, 3843)
(1003, 3844)
(1003, 3845)
(1003, 3846)
(1003, 3847)
(1003, 3848)
(1003, 3849)
(1003, 3850)
(1003, 3851)
(1003, 3852)
(1003, 3853)
(1003, 3854)
(1003, 3855)
(1003, 3856)
(1003, 3857)
(1003, 3858)
(1003, 3859)
(1003, 3860)
(1003, 3861)
(1003, 3862)
(1003, 3863)
(1003, 3864)
(1003, 3865)
(1003, 3866)
(1003, 3867)
(1003, 3868)
(1003, 3869)
(1003, 3870)
(1003, 3871)
(1003, 3872)
(1003, 3873)
(1003, 3874)
(1003, 3875)
(1003, 3876)
(1003, 3877)
(1003, 3878)
(1003, 3879)
(1003, 3880)
(1003, 3881)
(1003, 3882)
(1003, 3883)
(1003, 3884)
(1003, 3885)
(1003, 3886)
(1003, 3887)
(1003, 3888)
(1003, 3889)
(1003, 3890)
(1003, 3891)
(1003, 3892)
(1003, 3893)
(1003, 3894)
(1003, 3895)
(1003, 3896)
(1003, 3897)
(1003, 3898)
(1003, 3899)
(1003, 3900)
(1003, 3901)
(1003, 3902)
(1003, 3903)
(1003, 3904)
(1003, 3905)
(1003, 3906)
(1004, 3907)
(1004, 3908)
(1004, 3909)
(1004, 3910)
(1004, 3911)
(1004, 3912)
(1004, 3913)
(1004, 3914)
(1004, 3915)
(1004, 3916)
(1004, 3917)
(1004, 3918)
(1004, 3919)
(1004, 3920)
(1004, 3921)
(1003, 3922)
(1004, 3923)
(1003, 3927)
(1003, 3928)
(1003, 3929)
(1004, 3930)
(1004, 3931)
(1004, 3932)
(1004, 3933)
(1004, 3934)
(1004, 3935)
(1004, 3936)
(1004, 3937)
(1004, 3938)
(1004, 3939)
(1004, 3940)
(1004, 3941)
(1004, 3942)
(1004, 3943)
(1004, 3944)
(1004, 3945)
(1004, 3946)
(1004, 3947)
(1004, 3948)
(1004, 3949)
(1004, 3950)
(1004, 3951)
(1004, 3952)
(1004, 3953)
(1004, 3954)
(1004, 3955)
(1004, 3956)
(1004, 3957)
(1004, 3958)
(1004, 3959)
(1004, 3960)
(1004, 3961)
(1004, 3962)
(1004, 3963)
(1003, 3964)
(1004, 3965)
(1004, 3966)
(1004, 3967)
(1004, 3968)
(1004, 3969)
(1004, 3970)
(1004, 3971)
(1004, 3972)
(1004, 3973)
(1004, 3974)
(1004, 3975)
(1004, 3976)
(1004, 3977)
(1003, 3978)
(1003, 3979)
(1003, 3980)
(1003, 3981)
(1003, 3982)
(1003, 3983)
(1003, 3984)
(1003, 3985)
(1003, 3986)
(1003, 3987)
(1003, 3988)
(1003, 3989)
(1003, 3990)
(1003, 3991)
(1004, 3992)
(1004, 3993)
(1004, 3994)
(1004, 3995)
(1004, 3996)
(1004, 3997)
(1004, 3998)
(1004, 3999)
(1004, 4000)
(1003, 4001)
(1003, 4002)
(1003, 4003)
(1003, 4004)
(1003, 4005)
(1004, 4006)
(1004, 4007)
(1004, 4008)
(1004, 4009)
(1004, 4010)
(1004, 4011)
(1004, 4012)
(1004, 4013)
(1004, 4014)
(1004, 4015)
(1004, 4016)
(1003, 4017)
(1003, 4018)
(1003, 4019)
(1003, 4020)
(1003, 4021)
(1003, 4022)
(1003, 4023)
(1004, 4024)
(1004, 4025)
(1004, 4026)
(1004, 4027)
(1004, 4028)
(1004, 4029)
(1004, 4030)
(1004, 4031)
(1004, 4032)
(1004, 4033)
(1004, 4034)
(1004, 4035)
(1004, 4036)
(1004, 4037)
(1004, 4038)
(1004, 4039)
(1003, 4040)
(1003, 4041)
(1003, 4042)
(1004, 4043)
(1004, 4044)
(1004, 4045)
(1004, 4046)
(1004, 4047)
(1004, 4048)
(1004, 4049)
(1004, 4050)
(1004, 4051)
(1004, 4052)
(1004, 4053)
(1004, 4054)
(1004, 4055)
(1004, 4056)
(1004, 4057)
(1004, 4058)
(1004, 4059)
(1004, 4060)
(1004, 4061)
(1004, 4062)
(1004, 4063)
(1004, 4064)
(1004, 4065)
(1004, 4066)
(1004, 4067)
(1004, 4068)
(1004, 4069)
(1004, 4070)
(1004, 4071)
(1004, 4072)
(1004, 4073)
(1004, 4074)
(1004, 4075)
(1004, 4076)
(1004, 4077)
(1004, 4078)
(1004, 4079)
(1004, 4080)
(1004, 4081)
(1004, 4082)
(1004, 4083)
(1004, 4084)
(1004, 4085)
(1004, 4086)
(1004, 4087)
(1004, 4088)
(1004, 4089)
(1004, 4090)
(1004, 4091)
(1004, 4092)
(1004, 4093)
(1004, 4094)
(1004, 4095)
(1004, 4096)
(1004, 4097)
(1004, 4098)
(1007, 4101)
(1006, 4102)
(1004, 4103)
(1004, 4104)
(1004, 4105)
(1004, 4106)
(1004, 4107)
(1004, 4108)
(1004, 4109)
(1004, 4110)
(1004, 4111)
(1004, 4112)
(1004, 4113)
(1004, 4114)
(1004, 4115)
(1004, 4116)
(1004, 4117)
(1004, 4118)
(1004, 4119)
(1004, 4120)
(1004, 4121)
(1004, 4122)
(1004, 4123)
(1004, 4124)
(1004, 4125)
(1004, 4126)
(1004, 4127)
(1004, 4128)
(1004, 4129)
(1004, 4130)
(1004, 4131)
(1004, 4132)
(1004, 4133)
(1004, 4134)
(1004, 4135)
(1004, 4136)
(1004, 4137)
(1004, 4138)
(1004, 4139)
(1004, 4140)
(1004, 4141)
(1004, 4142)
(1004, 4143)
(1004, 4144)
(1004, 4145)
(1004, 4146)
(1004, 4147)
(1004, 4148)
(1004, 4149)
(1004, 4150)
(1004, 4151)
(1004, 4152)
(1004, 4153)
(1004, 4154)
(1004, 4155)
(1004, 4156)
(1004, 4157)
(1004, 4158)
(1004, 4159)
(1004, 4160)
(1004, 4161)
(1004, 4162)
(1004, 4163)
(1004, 4164)
(1004, 4165)
(1004, 4166)
(1003, 4167)
(1003, 4168)
(1004, 4169)
(1004, 4170)
(1004, 4171)
(1004, 4172)
(1004, 4173)
(1004, 4174)
(1004, 4175)
(1004, 4176)
(1004, 4177)
(1004, 4178)
(1004, 4179)
(1004, 4180)
(1004, 4181)
(1004, 4182)
(1004, 4183)
(1004, 4184)
(1004, 4185)
(1004, 4186)
(1004, 4187)
(1004, 4188)
(1004, 4189)
(1004, 4190)
(1004, 4191)
(1004, 4192)
(1004, 4193)
(1004, 4194)
(1004, 4195)
(1004, 4196)
(1004, 4197)
(1004, 4198)
(1004, 4199)
(1004, 4200)
(1004, 4201)
(1004, 4202)
(1004, 4203)
(1004, 4204)
(1004, 4205)
(1004, 4206)
(1004, 4207)
(1004, 4208)
(1004, 4209)
(1004, 4210)
(1004, 4211)
(1004, 4212)
(1004, 4213)
(1004, 4214)
(1004, 4215)
(1004, 4216)
(1004, 4217)
(1004, 4218)
(1004, 4219)
(1004, 4220)
(1004, 4221)
(1004, 4222)
(1004, 4223)
(1004, 4224)
(1003, 4225)
(1003, 4226)
(1004, 4227)
(1004, 4228)
(1004, 4229)
(1004, 4230)
(1004, 4231)
(1004, 4232)
(1004, 4233)
(1004, 4234)
(1004, 4235)
(1004, 4236)
(1004, 4237)
(1004, 4238)
(1004, 4239)
(1004, 4240)
(1004, 4241)
(1004, 4242)
(1004, 4243)
(1004, 4244)
(1004, 4245)
(1004, 4246)
(1004, 4247)
(1004, 4248)
(1004, 4249)
(1004, 4250)
(1004, 4251)
(1004, 4252)
(1004, 4253)
(1004, 4254)
(1004, 4255)
(1004, 4256)
(1004, 4257)
(1004, 4258)
(1004, 4259)
(1004, 4260)
(1004, 4261)
(1004, 4262)
(1004, 4263)
(1004, 4264)
(1004, 4265)
(1004, 4266)
(1004, 4267)
(1004, 4268)
(1004, 4269)
(1004, 4270)
(1004, 4271)
(1004, 4272)
(1004, 4273)
(1004, 4274)
(1004, 4275)
(1004, 4276)
(1004, 4280)
(1004, 4281)
(1004, 4282)
(1004, 4283)
(1004, 4284)
(1004, 4285)
(1004, 4286)
(1004, 4287)
(1004, 4288)
(1004, 4289)
(1004, 4290)
(1004, 4291)
(1004, 4292)
(1004, 4293)
(1004, 4294)
(1004, 4295)
(1004, 4296)
(1004, 4297)
(1004, 4298)
(1004, 4299)
(1004, 4300)
(1004, 4301)
(1004, 4302)
(1004, 4303)
(1004, 4304)
(1004, 4305)
(1004, 4306)
(1004, 4307)
(1004, 4308)
(1004, 4309)
(1004, 4310)
(1004, 4311)
(1004, 4312)
(1003, 4313)
(1003, 4314)
(1003, 4315)
(1003, 4316)
(1004, 4317)
(1004, 4318)
(1004, 4319)
(1004, 4320)
(1004, 4321)
(1004, 4322)
(1004, 4323)
(1004, 4324)
(1004, 4325)
(1004, 4326)
(1004, 4327)
(1004, 4328)
(1004, 4329)
(1004, 4330)
(1004, 4331)
(1004, 4332)
(1004, 4333)
(1004, 4334)
(1004, 4335)
(1004, 4336)
(1004, 4337)
(1004, 4338)
(1004, 4339)
(1004, 4340)
(1004, 4341)
(1004, 4342)
(1004, 4343)
(1004, 4344)
(1003, 4345)
(1003, 4346)
(1003, 4347)
(1003, 4348)
(1003, 4349)
(1003, 4350)
(1003, 4351)
(1003, 4352)
(1003, 4353)
(1003, 4354)
(1003, 4355)
(1003, 4356)
(1003, 4357)
(1003, 4358)
(1004, 4359)
(1004, 4360)
(1004, 4361)
(1004, 4362)
(1004, 4363)
(1004, 4364)
(1004, 4365)
(1004, 4366)
(1004, 4367)
(1004, 4368)
(1004, 4369)
(1004, 4370)
(1004, 4371)
(1004, 4372)
(1004, 4373)
(1004, 4374)
(1004, 4375)
(1004, 4376)
(1004, 4377)
(1004, 4378)
(1004, 4379)
(1004, 4380)
(1004, 4381)
(1004, 4382)
(1003, 4383)
(1003, 4384)
(1003, 4385)
(1003, 4386)
(1003, 4387)
(1003, 4388)
(1003, 4389)
(1003, 4390)
(1003, 4391)
(1003, 4392)
(1003, 4393)
(1003, 4394)
(1003, 4395)
(1003, 4396)
(1003, 4397)
(1003, 4398)
(1003, 4399)
(1003, 4400)
(1003, 4401)
(1003, 4402)
(1003, 4403)
(1003, 4404)
(1003, 4405)
(1003, 4406)
(1003, 4407)
(1003, 4408)
(1003, 4409)
(1003, 4410)
(1003, 4411)
(1003, 4412)
(1003, 4413)
(1003, 4414)
(1003, 4415)
(1003, 4416)
(1003, 4417)
(1003, 4418)
(1003, 4419)
(1003, 4420)
(1004, 4421)
(1004, 4422)
(1004, 4423)
(1004, 4424)
(1004, 4425)
(1004, 4426)
(1004, 4427)
(1004, 4428)
(1004, 4429)
(1004, 4430)
(1004, 4431)
(1004, 4432)
(1004, 4433)
(1004, 4434)
(1004, 4435)
(1004, 4436)
(1004, 4437)
(1004, 4438)
(1004, 4439)
(1004, 4440)
(1004, 4441)
(1004, 4442)
(1004, 4443)
(1004, 4444)
(1004, 4445)
(1004, 4446)
(1004, 4447)
(1004, 4448)
(1004, 4449)
(1004, 4450)
(1004, 4451)
(1004, 4452)
(1003, 4453)
