Tam.: (1800, 4590)
(1371, 207)
(1372, 208)
(1371, 209)
(1372, 210)
(1372, 211)
(1372, 212)
(1372, 213)
(1372, 214)
(1372, 215)
(1372, 216)
(1373, 217)
(1373, 218)
(1373, 219)
(1373, 220)
(1373, 221)
(1373, 222)
(1373, 223)
(1373, 224)
(1373, 225)
(1373, 226)
(1373, 227)
(1373, 228)
(1373, 229)
(1373, 230)
(1374, 231)
(1374, 232)
(1374, 233)
(1374, 234)
(1374, 235)
(1373, 236)
(1373, 237)
(1373, 238)
(1373, 239)
(1373, 240)
(1373, 241)
(1373, 242)
(1373, 243)
(1373, 244)
(1373, 245)
(1373, 246)
(1374, 247)
(1374, 248)
(1374, 249)
(1374, 250)
(1374, 251)
(1374, 252)
(1374, 253)
(1374, 254)
(1374, 255)
(1374, 256)
(1374, 257)
(1374, 258)
(1374, 259)
(1374, 260)
(1375, 261)
(1375, 262)
(1375, 263)
(1375, 264)
(1375, 265)
(1375, 266)
(1374, 267)
(1374, 268)
(1374, 269)
(1374, 270)
(1374, 271)
(1374, 272)
(1374, 273)
(1374, 274)
(1374, 275)
(1374, 276)
(1375, 277)
(1375, 278)
(1375, 279)
(1375, 280)
(1374, 281)
(1374, 282)
(1374, 283)
(1374, 284)
(1374, 285)
(1374, 286)
(1374, 287)
(1374, 288)
(1374, 289)
(1374, 290)
(1374, 291)
(1373, 292)
(1373, 293)
(1373, 294)
(1373, 295)
(1373, 296)
(1373, 297)
(1373, 298)
(1373, 299)
(1373, 300)
(1373, 301)
(1373, 302)
(1373, 303)
(1373, 304)
(1373, 305)
(1373, 306)
(1372, 307)
(1372, 308)
(1372, 309)
(1372, 310)
(1372, 311)
(1372, 312)
(1372, 313)
(1371, 314)
(1372, 315)
(1372, 316)
(1372, 317)
(1372, 318)
(1372, 319)
(1372, 320)
(1373, 321)
(1373, 322)
(1373, 323)
(1373, 324)
(1373, 325)
(1373, 326)
(1373, 327)
(1373, 328)
(1373, 329)
(1373, 330)
(1373, 331)
(1373, 332)
(1372, 333)
(1372, 334)
(1372, 335)
(1371, 336)
(1371, 337)
(1371, 338)
(1371, 339)
(1371, 340)
(1371, 341)
(1370, 342)
(1370, 343)
(1370, 344)
(1370, 345)
(1370, 346)
(1369, 347)
(1369, 348)
(1369, 349)
(1369, 350)
(1369, 351)
(1369, 352)
(1370, 353)
(1370, 354)
(1370, 355)
(1370, 356)
(1370, 357)
(1370, 358)
(1370, 359)
(1370, 360)
(1371, 361)
(1371, 362)
(1371, 363)
(1371, 364)
(1371, 365)
(1371, 366)
(1371, 367)
(1371, 368)
(1371, 369)
(1371, 370)
(1371, 371)
(1371, 372)
(1371, 373)
(1372, 374)
(1372, 375)
(1372, 376)
(1372, 377)
(1372, 378)
(1371, 379)
(1371, 380)
(1371, 381)
(1371, 382)
(1371, 383)
(1371, 384)
(1371, 385)
(1370, 386)
(1370, 387)
(1370, 388)
(1370, 389)
(1370, 390)
(1369, 391)
(1369, 392)
(1369, 393)
(1369, 394)
(1369, 395)
(1369, 396)
(1369, 397)
(1368, 398)
(1368, 399)
(1368, 400)
(1368, 401)
(1368, 402)
(1368, 403)
(1368, 404)
(1368, 405)
(1368, 406)
(1368, 407)
(1368, 408)
(1368, 409)
(1368, 410)
(1368, 411)
(1368, 412)
(1368, 413)
(1368, 414)
(1368, 415)
(1368, 416)
(1368, 417)
(1368, 418)
(1367, 419)
(1367, 420)
(1367, 421)
(1367, 422)
(1367, 423)
(1367, 424)
(1367, 425)
(1367, 426)
(1367, 427)
(1367, 428)
(1367, 429)
(1367, 430)
(1367, 431)
(1366, 432)
(1366, 433)
(1366, 434)
(1366, 435)
(1366, 436)
(1366, 437)
(1366, 438)
(1366, 439)
(1366, 440)
(1366, 441)
(1366, 442)
(1366, 443)
(1367, 444)
(1367, 445)
(1367, 446)
(1367, 447)
(1367, 448)
(1367, 449)
(1367, 450)
(1367, 451)
(1367, 452)
(1367, 453)
(1367, 454)
(1367, 455)
(1367, 456)
(1367, 457)
(1368, 458)
(1368, 459)
(1368, 460)
(1368, 461)
(1368, 462)
(1368, 463)
(1368, 464)
(1368, 465)
(1368, 466)
(1368, 467)
(1368, 468)
(1368, 469)
(1368, 470)
(1369, 471)
(1369, 472)
(1369, 473)
(1369, 474)
(1369, 475)
(1369, 476)
(1369, 477)
(1369, 478)
(1369, 479)
(1369, 480)
(1369, 481)
(1369, 482)
(1369, 483)
(1368, 484)
(1368, 485)
(1368, 486)
(1368, 487)
(1368, 488)
(1368, 489)
(1368, 490)
(1368, 491)
(1368, 492)
(1368, 493)
(1368, 494)
(1368, 495)
(1368, 496)
(1368, 497)
(1368, 498)
(1368, 499)
(1368, 500)
(1368, 501)
(1368, 502)
(1368, 503)
(1368, 504)
(1368, 505)
(1367, 506)
(1367, 507)
(1367, 508)
(1367, 509)
(1367, 510)
(1367, 511)
(1367, 512)
(1366, 513)
(1366, 514)
(1366, 515)
(1366, 516)
(1365, 517)
(1365, 518)
(1365, 519)
(1364, 520)
(1364, 521)
(1364, 522)
(1364, 523)
(1363, 524)
(1363, 525)
(1363, 526)
(1364, 527)
(1364, 528)
(1364, 529)
(1364, 530)
(1364, 531)
(1364, 532)
(1364, 533)
(1364, 534)
(1364, 535)
(1364, 536)
(1364, 537)
(1364, 538)
(1364, 539)
(1364, 540)
(1364, 541)
(1364, 542)
(1364, 543)
(1364, 544)
(1364, 545)
(1364, 546)
(1364, 547)
(1364, 548)
(1364, 549)
(1364, 550)
(1364, 551)
(1364, 552)
(1364, 553)
(1364, 554)
(1363, 555)
(1363, 556)
(1363, 557)
(1364, 558)
(1364, 559)
(1364, 560)
(1364, 561)
(1364, 562)
(1364, 563)
(1364, 564)
(1364, 565)
(1364, 566)
(1364, 567)
(1364, 568)
(1364, 569)
(1364, 570)
(1364, 571)
(1363, 572)
(1363, 573)
(1363, 574)
(1363, 575)
(1363, 576)
(1363, 577)
(1363, 578)
(1363, 579)
(1363, 580)
(1363, 581)
(1363, 582)
(1362, 583)
(1362, 584)
(1362, 585)
(1362, 586)
(1361, 587)
(1361, 588)
(1361, 589)
(1361, 590)
(1361, 591)
(1361, 592)
(1360, 593)
(1360, 594)
(1360, 595)
(1360, 596)
(1360, 597)
(1360, 598)
(1360, 599)
(1360, 600)
(1360, 601)
(1360, 602)
(1360, 603)
(1360, 604)
(1360, 605)
(1360, 606)
(1360, 607)
(1360, 608)
(1360, 609)
(1360, 610)
(1360, 611)
(1359, 612)
(1359, 613)
(1359, 614)
(1359, 615)
(1359, 616)
(1359, 617)
(1359, 618)
(1359, 619)
(1359, 620)
(1359, 621)
(1359, 622)
(1359, 623)
(1359, 624)
(1359, 625)
(1359, 626)
(1360, 627)
(1360, 628)
(1360, 629)
(1360, 630)
(1360, 631)
(1360, 632)
(1360, 633)
(1360, 634)
(1359, 635)
(1359, 636)
(1359, 637)
(1359, 638)
(1358, 639)
(1358, 640)
(1358, 641)
(1358, 642)
(1358, 643)
(1358, 644)
(1358, 645)
(1358, 646)
(1358, 647)
(1358, 648)
(1358, 649)
(1358, 650)
(1358, 651)
(1358, 652)
(1357, 653)
(1357, 654)
(1357, 655)
(1357, 656)
(1357, 657)
(1357, 658)
(1357, 659)
(1357, 660)
(1357, 661)
(1357, 662)
(1357, 663)
(1357, 664)
(1357, 665)
(1357, 666)
(1356, 667)
(1356, 668)
(1356, 669)
(1356, 670)
(1356, 671)
(1356, 672)
(1356, 673)
(1355, 674)
(1355, 675)
(1355, 676)
(1355, 677)
(1355, 678)
(1355, 679)
(1355, 680)
(1355, 681)
(1354, 682)
(1354, 683)
(1354, 684)
(1354, 685)
(1354, 686)
(1353, 687)
(1353, 688)
(1353, 689)
(1353, 690)
(1353, 691)
(1353, 692)
(1353, 693)
(1352, 694)
(1352, 695)
(1352, 696)
(1352, 697)
(1352, 698)
(1352, 699)
(1352, 700)
(1352, 701)
(1352, 702)
(1352, 703)
(1352, 704)
(1352, 705)
(1351, 706)
(1351, 707)
(1351, 708)
(1351, 709)
(1351, 710)
(1351, 711)
(1351, 712)
(1351, 713)
(1351, 714)
(1351, 715)
(1351, 716)
(1351, 717)
(1350, 718)
(1350, 719)
(1350, 720)
(1350, 721)
(1350, 722)
(1350, 723)
(1350, 724)
(1350, 725)
(1350, 726)
(1350, 727)
(1350, 728)
(1350, 729)
(1349, 730)
(1349, 731)
(1349, 732)
(1349, 733)
(1349, 734)
(1349, 735)
(1349, 736)
(1349, 737)
(1349, 738)
(1349, 739)
(1349, 740)
(1348, 741)
(1348, 742)
(1348, 743)
(1348, 744)
(1348, 745)
(1348, 746)
(1348, 747)
(1348, 748)
(1347, 749)
(1347, 750)
(1347, 751)
(1347, 752)
(1347, 753)
(1347, 754)
(1347, 755)
(1347, 756)
(1347, 757)
(1348, 758)
(1348, 759)
(1348, 760)
(1348, 761)
(1348, 762)
(1348, 763)
(1348, 764)
(1348, 765)
(1348, 766)
(1348, 767)
(1348, 768)
(1348, 769)
(1348, 770)
(1348, 771)
(1348, 772)
(1348, 773)
(1348, 774)
(1348, 775)
(1348, 776)
(1348, 777)
(1348, 778)
(1348, 779)
(1348, 780)
(1348, 781)
(1348, 782)
(1348, 783)
(1348, 784)
(1348, 785)
(1348, 786)
(1348, 787)
(1348, 788)
(1348, 789)
(1348, 790)
(1348, 791)
(1348, 792)
(1348, 793)
(1348, 794)
(1347, 795)
(1347, 796)
(1347, 797)
(1347, 798)
(1347, 799)
(1347, 800)
(1347, 801)
(1346, 802)
(1346, 803)
(1346, 804)
(1346, 805)
(1346, 806)
(1346, 807)
(1346, 808)
(1346, 809)
(1346, 810)
(1346, 811)
(1346, 812)
(1346, 813)
(1346, 814)
(1346, 815)
(1346, 816)
(1346, 817)
(1346, 818)
(1346, 819)
(1346, 820)
(1346, 821)
(1346, 822)
(1346, 823)
(1346, 824)
(1346, 825)
(1346, 826)
(1346, 827)
(1346, 828)
(1346, 829)
(1346, 830)
(1346, 831)
(1346, 832)
(1346, 833)
(1346, 834)
(1346, 835)
(1346, 836)
(1346, 837)
(1346, 838)
(1346, 839)
(1346, 840)
(1346, 841)
(1346, 842)
(1346, 843)
(1346, 844)
(1346, 845)
(1346, 846)
(1346, 847)
(1346, 848)
(1346, 849)
(1346, 850)
(1346, 851)
(1346, 852)
(1346, 853)
(1346, 854)
(1346, 855)
(1346, 856)
(1346, 857)
(1346, 858)
(1346, 859)
(1346, 860)
(1346, 861)
(1346, 862)
(1346, 863)
(1346, 864)
(1346, 865)
(1346, 866)
(1346, 867)
(1346, 868)
(1346, 869)
(1346, 870)
(1346, 871)
(1346, 872)
(1346, 873)
(1346, 874)
(1346, 875)
(1346, 876)
(1346, 877)
(1345, 878)
(1345, 879)
(1345, 880)
(1345, 881)
(1345, 882)
(1345, 883)
(1345, 884)
(1345, 885)
(1345, 886)
(1345, 887)
(1344, 888)
(1345, 889)
(1345, 890)
(1345, 891)
(1345, 892)
(1345, 893)
(1346, 894)
(1346, 895)
(1346, 896)
(1346, 897)
(1346, 898)
(1346, 899)
(1346, 900)
(1346, 901)
(1345, 902)
(1345, 903)
(1345, 904)
(1345, 905)
(1344, 906)
(1344, 907)
(1344, 908)
(1344, 909)
(1344, 910)
(1343, 911)
(1343, 912)
(1343, 913)
(1343, 914)
(1342, 915)
(1342, 916)
(1342, 917)
(1342, 918)
(1341, 919)
(1341, 920)
(1341, 921)
(1341, 922)
(1341, 923)
(1341, 924)
(1341, 925)
(1341, 926)
(1341, 927)
(1341, 928)
(1341, 929)
(1341, 930)
(1341, 931)
(1341, 932)
(1341, 933)
(1341, 934)
(1341, 935)
(1341, 936)
(1341, 937)
(1341, 938)
(1341, 939)
(1341, 940)
(1341, 941)
(1341, 942)
(1341, 943)
(1341, 944)
(1341, 945)
(1342, 946)
(1342, 947)
(1342, 948)
(1342, 949)
(1342, 950)
(1342, 951)
(1342, 952)
(1342, 953)
(1342, 954)
(1343, 955)
(1343, 956)
(1343, 957)
(1343, 958)
(1343, 959)
(1343, 960)
(1343, 961)
(1343, 962)
(1343, 963)
(1343, 964)
(1343, 965)
(1343, 966)
(1344, 967)
(1344, 968)
(1344, 969)
(1344, 970)
(1343, 971)
(1343, 972)
(1344, 973)
(1343, 974)
(1343, 975)
(1343, 976)
(1343, 977)
(1343, 978)
(1343, 979)
(1343, 980)
(1343, 981)
(1344, 982)
(1344, 983)
(1344, 984)
(1344, 985)
(1344, 986)
(1344, 987)
(1344, 988)
(1344, 989)
(1344, 990)
(1344, 991)
(1344, 992)
(1344, 993)
(1344, 994)
(1344, 995)
(1344, 996)
(1345, 997)
(1345, 998)
(1345, 999)
(1345, 1000)
(1344, 1001)
(1344, 1002)
(1344, 1003)
(1344, 1004)
(1344, 1005)
(1344, 1006)
(1345, 1007)
(1345, 1008)
(1345, 1009)
(1345, 1010)
(1345, 1011)
(1345, 1012)
(1345, 1013)
(1345, 1014)
(1345, 1015)
(1345, 1016)
(1344, 1017)
(1344, 1018)
(1344, 1019)
(1344, 1020)
(1344, 1021)
(1344, 1022)
(1344, 1023)
(1344, 1024)
(1344, 1025)
(1344, 1026)
(1344, 1027)
(1344, 1028)
(1344, 1029)
(1344, 1030)
(1344, 1031)
(1344, 1032)
(1344, 1033)
(1344, 1034)
(1344, 1035)
(1344, 1036)
(1344, 1037)
(1344, 1038)
(1344, 1039)
(1344, 1040)
(1343, 1041)
(1343, 1042)
(1343, 1043)
(1343, 1044)
(1343, 1045)
(1343, 1046)
(1343, 1047)
(1343, 1048)
(1343, 1049)
(1343, 1050)
(1343, 1051)
(1343, 1052)
(1343, 1053)
(1343, 1054)
(1343, 1055)
(1343, 1056)
(1344, 1057)
(1344, 1058)
(1344, 1059)
(1344, 1060)
(1344, 1061)
(1344, 1062)
(1343, 1063)
(1344, 1064)
(1344, 1065)
(1344, 1066)
(1344, 1067)
(1344, 1068)
(1344, 1069)
(1344, 1070)
(1344, 1071)
(1344, 1072)
(1344, 1073)
(1344, 1074)
(1344, 1075)
(1344, 1076)
(1344, 1077)
(1344, 1078)
(1344, 1079)
(1344, 1080)
(1344, 1081)
(1343, 1082)
(1343, 1083)
(1343, 1084)
(1343, 1085)
(1343, 1086)
(1343, 1087)
(1343, 1088)
(1343, 1089)
(1343, 1090)
(1343, 1091)
(1343, 1092)
(1343, 1093)
(1343, 1094)
(1343, 1095)
(1343, 1096)
(1343, 1097)
(1343, 1098)
(1343, 1099)
(1343, 1100)
(1343, 1101)
(1343, 1102)
(1343, 1103)
(1343, 1104)
(1343, 1105)
(1343, 1106)
(1343, 1107)
(1343, 1108)
(1343, 1109)
(1343, 1110)
(1343, 1111)
(1343, 1112)
(1343, 1113)
(1343, 1114)
(1343, 1115)
(1343, 1116)
(1343, 1117)
(1343, 1118)
(1343, 1119)
(1343, 1120)
(1343, 1121)
(1343, 1122)
(1343, 1123)
(1343, 1124)
(1343, 1125)
(1343, 1126)
(1343, 1127)
(1343, 1128)
(1343, 1129)
(1343, 1130)
(1343, 1131)
(1343, 1132)
(1343, 1133)
(1343, 1134)
(1343, 1135)
(1343, 1136)
(1343, 1137)
(1343, 1138)
(1343, 1139)
(1343, 1140)
(1343, 1141)
(1344, 1142)
(1344, 1143)
(1344, 1144)
(1344, 1145)
(1344, 1146)
(1344, 1147)
(1344, 1148)
(1344, 1149)
(1344, 1150)
(1344, 1151)
(1344, 1152)
(1344, 1153)
(1344, 1154)
(1344, 1155)
(1344, 1156)
(1344, 1157)
(1344, 1158)
(1344, 1159)
(1344, 1160)
(1345, 1161)
(1345, 1162)
(1345, 1163)
(1345, 1164)
(1345, 1165)
(1345, 1166)
(1345, 1167)
(1345, 1168)
(1345, 1169)
(1346, 1170)
(1346, 1171)
(1346, 1172)
(1346, 1173)
(1346, 1174)
(1346, 1175)
(1346, 1176)
(1346, 1177)
(1346, 1178)
(1346, 1179)
(1346, 1180)
(1346, 1181)
(1346, 1182)
(1346, 1183)
(1346, 1184)
(1346, 1185)
(1346, 1186)
(1347, 1187)
(1347, 1188)
(1347, 1189)
(1347, 1190)
(1347, 1191)
(1347, 1192)
(1347, 1193)
(1347, 1194)
(1347, 1195)
(1347, 1196)
(1347, 1197)
(1347, 1198)
(1348, 1199)
(1348, 1200)
(1348, 1201)
(1348, 1202)
(1348, 1203)
(1348, 1204)
(1348, 1205)
(1348, 1206)
(1348, 1207)
(1348, 1208)
(1348, 1209)
(1348, 1210)
(1348, 1211)
(1348, 1212)
(1349, 1213)
(1349, 1214)
(1349, 1215)
(1349, 1216)
(1349, 1217)
(1350, 1218)
(1350, 1219)
(1350, 1220)
(1350, 1221)
(1350, 1222)
(1350, 1223)
(1350, 1224)
(1350, 1225)
(1350, 1226)
(1350, 1227)
(1350, 1228)
(1350, 1229)
(1350, 1230)
(1350, 1231)
(1350, 1232)
(1350, 1233)
(1350, 1234)
(1350, 1235)
(1350, 1236)
(1350, 1237)
(1350, 1238)
(1351, 1239)
(1351, 1240)
(1351, 1241)
(1351, 1242)
(1351, 1243)
(1351, 1244)
(1351, 1245)
(1351, 1246)
(1351, 1247)
(1351, 1248)
(1352, 1249)
(1352, 1250)
(1352, 1251)
(1352, 1252)
(1352, 1253)
(1352, 1254)
(1352, 1255)
(1352, 1256)
(1352, 1257)
(1352, 1258)
(1352, 1259)
(1352, 1260)
(1352, 1261)
(1352, 1262)
(1352, 1263)
(1352, 1264)
(1352, 1265)
(1352, 1266)
(1353, 1267)
(1353, 1268)
(1353, 1269)
(1352, 1270)
(1352, 1271)
(1352, 1272)
(1352, 1273)
(1352, 1274)
(1352, 1275)
(1352, 1276)
(1352, 1277)
(1352, 1278)
(1352, 1279)
(1352, 1280)
(1352, 1281)
(1352, 1282)
(1352, 1283)
(1353, 1284)
(1353, 1285)
(1353, 1286)
(1353, 1287)
(1353, 1288)
(1353, 1289)
(1353, 1290)
(1353, 1291)
(1352, 1292)
(1352, 1293)
(1352, 1294)
(1352, 1295)
(1352, 1296)
(1352, 1297)
(1352, 1298)
(1352, 1299)
(1352, 1300)
(1352, 1301)
(1352, 1302)
(1352, 1303)
(1352, 1304)
(1352, 1305)
(1352, 1306)
(1352, 1307)
(1352, 1308)
(1352, 1309)
(1352, 1310)
(1352, 1311)
(1352, 1312)
(1352, 1313)
(1352, 1314)
(1352, 1315)
(1352, 1316)
(1352, 1317)
(1352, 1318)
(1352, 1319)
(1352, 1320)
(1352, 1321)
(1352, 1322)
(1352, 1323)
(1352, 1324)
(1352, 1325)
(1352, 1326)
(1352, 1327)
(1352, 1328)
(1352, 1329)
(1351, 1330)
(1351, 1331)
(1351, 1332)
(1351, 1333)
(1351, 1334)
(1351, 1335)
(1351, 1336)
(1351, 1337)
(1351, 1338)
(1351, 1339)
(1351, 1340)
(1351, 1341)
(1351, 1342)
(1351, 1343)
(1351, 1344)
(1351, 1345)
(1351, 1346)
(1351, 1347)
(1351, 1348)
(1351, 1349)
(1351, 1350)
(1351, 1351)
(1351, 1352)
(1351, 1353)
(1351, 1354)
(1351, 1355)
(1351, 1356)
(1351, 1357)
(1351, 1358)
(1351, 1359)
(1351, 1360)
(1351, 1361)
(1351, 1362)
(1351, 1363)
(1351, 1364)
(1351, 1365)
(1351, 1366)
(1351, 1367)
(1350, 1368)
(1350, 1369)
(1350, 1370)
(1350, 1371)
(1350, 1372)
(1350, 1373)
(1350, 1374)
(1350, 1375)
(1350, 1376)
(1350, 1377)
(1350, 1378)
(1350, 1379)
(1350, 1380)
(1350, 1381)
(1350, 1382)
(1350, 1383)
(1350, 1384)
(1350, 1385)
(1350, 1386)
(1350, 1387)
(1350, 1388)
(1350, 1389)
(1350, 1390)
(1350, 1391)
(1350, 1392)
(1350, 1393)
(1350, 1394)
(1350, 1395)
(1350, 1396)
(1350, 1397)
(1350, 1398)
(1350, 1399)
(1350, 1400)
(1350, 1401)
(1350, 1402)
(1350, 1403)
(1350, 1404)
(1350, 1405)
(1350, 1406)
(1350, 1407)
(1350, 1408)
(1350, 1409)
(1349, 1410)
(1349, 1411)
(1349, 1412)
(1349, 1413)
(1349, 1414)
(1349, 1415)
(1349, 1416)
(1349, 1417)
(1349, 1418)
(1349, 1419)
(1349, 1420)
(1349, 1421)
(1349, 1422)
(1349, 1423)
(1349, 1424)
(1349, 1425)
(1349, 1426)
(1349, 1427)
(1349, 1428)
(1349, 1429)
(1349, 1430)
(1349, 1431)
(1349, 1432)
(1349, 1433)
(1349, 1434)
(1348, 1435)
(1348, 1436)
(1348, 1437)
(1348, 1438)
(1348, 1439)
(1348, 1440)
(1348, 1441)
(1348, 1442)
(1348, 1443)
(1348, 1444)
(1348, 1445)
(1348, 1446)
(1348, 1447)
(1348, 1448)
(1348, 1449)
(1348, 1450)
(1348, 1451)
(1348, 1452)
(1348, 1453)
(1348, 1454)
(1348, 1455)
(1348, 1456)
(1348, 1457)
(1348, 1458)
(1348, 1459)
(1348, 1460)
(1348, 1461)
(1348, 1462)
(1348, 1463)
(1348, 1464)
(1348, 1465)
(1348, 1466)
(1348, 1467)
(1348, 1468)
(1348, 1469)
(1348, 1470)
(1348, 1471)
(1348, 1472)
(1348, 1473)
(1348, 1474)
(1348, 1475)
(1348, 1476)
(1348, 1477)
(1348, 1478)
(1348, 1479)
(1348, 1480)
(1348, 1481)
(1348, 1482)
(1348, 1483)
(1348, 1484)
(1348, 1485)
(1348, 1486)
(1348, 1487)
(1348, 1488)
(1348, 1489)
(1348, 1490)
(1348, 1491)
(1348, 1492)
(1348, 1493)
(1348, 1494)
(1348, 1495)
(1348, 1496)
(1348, 1497)
(1348, 1498)
(1348, 1499)
(1348, 1500)
(1348, 1501)
(1348, 1502)
(1348, 1503)
(1348, 1504)
(1348, 1505)
(1348, 1506)
(1348, 1507)
(1348, 1508)
(1348, 1509)
(1347, 1510)
(1347, 1511)
(1347, 1512)
(1347, 1513)
(1347, 1514)
(1347, 1515)
(1347, 1516)
(1347, 1517)
(1347, 1518)
(1347, 1519)
(1347, 1520)
(1347, 1521)
(1347, 1522)
(1347, 1523)
(1347, 1524)
(1347, 1525)
(1347, 1526)
(1347, 1527)
(1347, 1528)
(1347, 1529)
(1347, 1530)
(1347, 1531)
(1347, 1532)
(1347, 1533)
(1347, 1534)
(1347, 1535)
(1347, 1536)
(1347, 1537)
(1347, 1538)
(1347, 1539)
(1347, 1540)
(1347, 1541)
(1347, 1542)
(1347, 1543)
(1347, 1544)
(1347, 1545)
(1347, 1546)
(1347, 1547)
(1347, 1548)
(1347, 1549)
(1347, 1550)
(1347, 1551)
(1347, 1552)
(1347, 1553)
(1347, 1554)
(1347, 1555)
(1347, 1556)
(1347, 1557)
(1347, 1558)
(1347, 1559)
(1347, 1560)
(1347, 1561)
(1347, 1562)
(1347, 1563)
(1347, 1564)
(1347, 1565)
(1347, 1566)
(1347, 1567)
(1347, 1568)
(1347, 1569)
(1347, 1570)
(1347, 1571)
(1347, 1572)
(1347, 1573)
(1347, 1574)
(1347, 1575)
(1347, 1576)
(1347, 1577)
(1347, 1578)
(1348, 1579)
(1348, 1580)
(1347, 1581)
(1348, 1582)
(1348, 1583)
(1348, 1584)
(1348, 1585)
(1348, 1586)
(1348, 1587)
(1348, 1588)
(1348, 1589)
(1348, 1590)
(1348, 1591)
(1348, 1592)
(1348, 1593)
(1348, 1594)
(1348, 1595)
(1348, 1596)
(1348, 1597)
(1348, 1598)
(1348, 1599)
(1348, 1600)
(1349, 1601)
(1349, 1602)
(1349, 1603)
(1349, 1604)
(1349, 1605)
(1349, 1606)
(1349, 1607)
(1349, 1608)
(1349, 1609)
(1349, 1610)
(1349, 1611)
(1349, 1612)
(1349, 1613)
(1349, 1614)
(1349, 1615)
(1349, 1616)
(1349, 1617)
(1349, 1618)
(1350, 1619)
(1350, 1620)
(1349, 1621)
(1350, 1622)
(1350, 1623)
(1350, 1624)
(1350, 1625)
(1350, 1626)
(1350, 1627)
(1350, 1628)
(1350, 1629)
(1350, 1630)
(1350, 1631)
(1350, 1632)
(1351, 1633)
(1351, 1634)
(1351, 1635)
(1351, 1636)
(1351, 1637)
(1350, 1638)
(1350, 1639)
(1350, 1640)
(1350, 1641)
(1350, 1642)
(1350, 1643)
(1350, 1644)
(1350, 1645)
(1350, 1646)
(1351, 1647)
(1351, 1648)
(1351, 1649)
(1351, 1650)
(1351, 1651)
(1351, 1652)
(1351, 1653)
(1351, 1654)
(1351, 1655)
(1351, 1656)
(1351, 1657)
(1351, 1658)
(1351, 1659)
(1351, 1660)
(1351, 1661)
(1351, 1662)
(1351, 1663)
(1351, 1664)
(1351, 1665)
(1351, 1666)
(1351, 1667)
(1351, 1668)
(1351, 1669)
(1351, 1670)
(1351, 1671)
(1351, 1672)
(1351, 1673)
(1351, 1674)
(1351, 1675)
(1351, 1676)
(1351, 1677)
(1351, 1678)
(1351, 1679)
(1352, 1680)
(1352, 1681)
(1352, 1682)
(1352, 1683)
(1352, 1684)
(1352, 1685)
(1352, 1686)
(1352, 1687)
(1352, 1688)
(1352, 1689)
(1352, 1690)
(1352, 1691)
(1352, 1692)
(1352, 1693)
(1352, 1694)
(1352, 1695)
(1352, 1696)
(1352, 1697)
(1352, 1698)
(1352, 1699)
(1352, 1700)
(1352, 1701)
(1352, 1702)
(1352, 1703)
(1352, 1704)
(1353, 1705)
(1353, 1706)
(1353, 1707)
(1353, 1708)
(1353, 1709)
(1353, 1710)
(1353, 1711)
(1353, 1712)
(1353, 1713)
(1353, 1714)
(1353, 1715)
(1352, 1716)
(1352, 1717)
(1352, 1718)
(1352, 1719)
(1352, 1720)
(1352, 1721)
(1352, 1722)
(1352, 1723)
(1352, 1724)
(1353, 1725)
(1353, 1726)
(1353, 1727)
(1353, 1728)
(1353, 1729)
(1353, 1730)
(1353, 1731)
(1353, 1732)
(1353, 1733)
(1353, 1734)
(1353, 1735)
(1353, 1736)
(1353, 1737)
(1354, 1738)
(1354, 1739)
(1354, 1740)
(1354, 1741)
(1354, 1742)
(1354, 1743)
(1354, 1744)
(1354, 1745)
(1354, 1746)
(1354, 1747)
(1354, 1748)
(1354, 1749)
(1354, 1750)
(1354, 1751)
(1354, 1752)
(1354, 1753)
(1354, 1754)
(1355, 1755)
(1355, 1756)
(1355, 1757)
(1355, 1758)
(1355, 1759)
(1355, 1760)
(1355, 1761)
(1355, 1762)
(1355, 1763)
(1355, 1764)
(1355, 1765)
(1356, 1766)
(1356, 1767)
(1356, 1768)
(1356, 1769)
(1356, 1770)
(1356, 1771)
(1356, 1772)
(1356, 1773)
(1356, 1774)
(1357, 1775)
(1357, 1776)
(1357, 1777)
(1357, 1778)
(1357, 1779)
(1357, 1780)
(1357, 1781)
(1357, 1782)
(1357, 1783)
(1357, 1784)
(1357, 1785)
(1357, 1786)
(1357, 1787)
(1357, 1788)
(1357, 1789)
(1356, 1790)
(1357, 1791)
(1357, 1792)
(1357, 1793)
(1357, 1794)
(1357, 1795)
(1357, 1796)
(1357, 1797)
(1357, 1798)
(1357, 1799)
(1357, 1800)
(1357, 1801)
(1357, 1802)
(1357, 1803)
(1357, 1804)
(1357, 1805)
(1357, 1806)
(1357, 1807)
(1357, 1808)
(1357, 1809)
(1357, 1810)
(1358, 1811)
(1358, 1812)
(1358, 1813)
(1358, 1814)
(1358, 1815)
(1358, 1816)
(1358, 1817)
(1358, 1818)
(1358, 1819)
(1358, 1820)
(1358, 1821)
(1358, 1822)
(1358, 1823)
(1358, 1824)
(1358, 1825)
(1358, 1826)
(1359, 1827)
(1359, 1828)
(1359, 1829)
(1359, 1830)
(1359, 1831)
(1359, 1832)
(1359, 1833)
(1360, 1834)
(1360, 1835)
(1360, 1836)
(1360, 1837)
(1360, 1838)
(1360, 1839)
(1360, 1840)
(1360, 1841)
(1360, 1842)
(1360, 1843)
(1360, 1844)
(1360, 1845)
(1360, 1846)
(1360, 1847)
(1360, 1848)
(1360, 1849)
(1361, 1850)
(1361, 1851)
(1361, 1852)
(1361, 1853)
(1361, 1854)
(1361, 1855)
(1361, 1856)
(1361, 1857)
(1361, 1858)
(1361, 1859)
(1361, 1860)
(1361, 1861)
(1361, 1862)
(1361, 1863)
(1361, 1864)
(1361, 1865)
(1361, 1866)
(1361, 1867)
(1361, 1868)
(1361, 1869)
(1361, 1870)
(1361, 1871)
(1361, 1872)
(1361, 1873)
(1361, 1874)
(1361, 1875)
(1361, 1876)
(1361, 1877)
(1361, 1878)
(1362, 1879)
(1362, 1880)
(1362, 1881)
(1362, 1882)
(1362, 1883)
(1362, 1884)
(1362, 1885)
(1362, 1886)
(1362, 1887)
(1361, 1888)
(1361, 1889)
(1361, 1890)
(1361, 1891)
(1361, 1892)
(1361, 1893)
(1361, 1894)
(1361, 1895)
(1361, 1896)
(1361, 1897)
(1361, 1898)
(1361, 1899)
(1362, 1900)
(1362, 1901)
(1362, 1902)
(1362, 1903)
(1362, 1904)
(1362, 1905)
(1362, 1906)
(1362, 1907)
(1362, 1908)
(1362, 1909)
(1362, 1910)
(1362, 1911)
(1362, 1912)
(1362, 1913)
(1362, 1914)
(1362, 1915)
(1362, 1916)
(1362, 1917)
(1362, 1918)
(1362, 1919)
(1362, 1920)
(1362, 1921)
(1362, 1922)
(1362, 1923)
(1362, 1924)
(1362, 1925)
(1362, 1926)
(1362, 1927)
(1363, 1928)
(1363, 1929)
(1363, 1930)
(1363, 1931)
(1363, 1932)
(1363, 1933)
(1363, 1934)
(1363, 1935)
(1363, 1936)
(1363, 1937)
(1363, 1938)
(1363, 1939)
(1363, 1940)
(1363, 1941)
(1364, 1942)
(1364, 1943)
(1364, 1944)
(1364, 1945)
(1364, 1946)
(1364, 1947)
(1364, 1948)
(1364, 1949)
(1364, 1950)
(1364, 1951)
(1364, 1952)
(1364, 1953)
(1364, 1954)
(1364, 1955)
(1364, 1956)
(1364, 1957)
(1364, 1958)
(1364, 1959)
(1364, 1960)
(1364, 1961)
(1364, 1962)
(1364, 1963)
(1364, 1964)
(1364, 1965)
(1364, 1966)
(1364, 1967)
(1364, 1968)
(1364, 1969)
(1364, 1970)
(1364, 1971)
(1364, 1972)
(1364, 1973)
(1364, 1974)
(1364, 1975)
(1364, 1976)
(1364, 1977)
(1364, 1978)
(1364, 1979)
(1364, 1980)
(1364, 1981)
(1364, 1982)
(1364, 1983)
(1364, 1984)
(1364, 1985)
(1364, 1986)
(1364, 1987)
(1364, 1988)
(1364, 1989)
(1364, 1990)
(1364, 1991)
(1364, 1992)
(1364, 1993)
(1364, 1994)
(1364, 1995)
(1364, 1996)
(1364, 1997)
(1364, 1998)
(1364, 1999)
(1364, 2000)
(1364, 2001)
(1364, 2002)
(1364, 2003)
(1364, 2004)
(1364, 2005)
(1364, 2006)
(1364, 2007)
(1364, 2008)
(1364, 2009)
(1364, 2010)
(1364, 2011)
(1364, 2012)
(1364, 2013)
(1364, 2014)
(1364, 2015)
(1364, 2016)
(1364, 2017)
(1364, 2018)
(1364, 2019)
(1364, 2020)
(1364, 2021)
(1364, 2022)
(1364, 2023)
(1364, 2024)
(1364, 2025)
(1365, 2026)
(1365, 2027)
(1365, 2028)
(1365, 2029)
(1365, 2030)
(1365, 2031)
(1365, 2032)
(1365, 2033)
(1365, 2034)
(1365, 2035)
(1365, 2036)
(1365, 2037)
(1365, 2038)
(1365, 2039)
(1365, 2040)
(1365, 2041)
(1365, 2042)
(1365, 2043)
(1365, 2044)
(1365, 2045)
(1365, 2046)
(1365, 2047)
(1365, 2048)
(1365, 2049)
(1365, 2050)
(1365, 2051)
(1365, 2052)
(1365, 2053)
(1365, 2054)
(1365, 2055)
(1365, 2056)
(1365, 2057)
(1365, 2058)
(1365, 2059)
(1365, 2060)
(1365, 2061)
(1365, 2062)
(1365, 2063)
(1365, 2064)
(1365, 2065)
(1365, 2066)
(1365, 2067)
(1365, 2068)
(1365, 2069)
(1365, 2070)
(1365, 2071)
(1365, 2072)
(1365, 2073)
(1365, 2074)
(1365, 2075)
(1365, 2076)
(1365, 2077)
(1365, 2078)
(1365, 2079)
(1365, 2080)
(1365, 2081)
(1365, 2082)
(1365, 2083)
(1365, 2084)
(1365, 2085)
(1365, 2086)
(1365, 2087)
(1365, 2088)
(1366, 2089)
(1366, 2090)
(1366, 2091)
(1366, 2092)
(1366, 2093)
(1366, 2094)
(1366, 2095)
(1366, 2096)
(1366, 2097)
(1366, 2098)
(1366, 2099)
(1366, 2100)
(1366, 2101)
(1366, 2102)
(1366, 2103)
(1366, 2104)
(1366, 2105)
(1365, 2106)
(1365, 2107)
(1365, 2108)
(1365, 2109)
(1365, 2110)
(1365, 2111)
(1365, 2112)
(1365, 2113)
(1365, 2114)
(1365, 2115)
(1365, 2116)
(1365, 2117)
(1365, 2118)
(1365, 2119)
(1365, 2120)
(1365, 2121)
(1365, 2122)
(1365, 2123)
(1365, 2124)
(1365, 2125)
(1365, 2126)
(1365, 2127)
(1365, 2128)
(1365, 2129)
(1365, 2130)
(1365, 2131)
(1365, 2132)
(1365, 2133)
(1365, 2134)
(1365, 2135)
(1365, 2136)
(1365, 2137)
(1365, 2138)
(1365, 2139)
(1365, 2140)
(1365, 2141)
(1364, 2142)
(1364, 2143)
(1364, 2144)
(1364, 2145)
(1364, 2146)
(1364, 2147)
(1365, 2148)
(1365, 2149)
(1365, 2150)
(1365, 2151)
(1365, 2152)
(1365, 2153)
(1365, 2154)
(1365, 2155)
(1365, 2156)
(1365, 2157)
(1365, 2158)
(1365, 2159)
(1365, 2160)
(1365, 2161)
(1365, 2162)
(1365, 2163)
(1365, 2164)
(1365, 2165)
(1365, 2166)
(1365, 2167)
(1365, 2168)
(1365, 2169)
(1365, 2170)
(1365, 2171)
(1365, 2172)
(1365, 2173)
(1365, 2174)
(1365, 2175)
(1365, 2176)
(1365, 2177)
(1366, 2178)
(1366, 2179)
(1366, 2180)
(1366, 2181)
(1366, 2182)
(1367, 2183)
(1367, 2184)
(1367, 2185)
(1367, 2186)
(1367, 2187)
(1367, 2188)
(1367, 2189)
(1367, 2190)
(1367, 2191)
(1367, 2192)
(1367, 2193)
(1367, 2194)
(1367, 2195)
(1367, 2196)
(1367, 2197)
(1367, 2198)
(1367, 2199)
(1367, 2200)
(1367, 2201)
(1367, 2202)
(1367, 2203)
(1367, 2204)
(1367, 2205)
(1367, 2206)
(1367, 2207)
(1367, 2208)
(1367, 2209)
(1367, 2210)
(1367, 2211)
(1367, 2212)
(1367, 2213)
(1367, 2214)
(1366, 2215)
(1366, 2216)
(1366, 2217)
(1366, 2218)
(1366, 2219)
(1366, 2220)
(1366, 2221)
(1366, 2222)
(1366, 2223)
(1366, 2224)
(1366, 2225)
(1366, 2226)
(1366, 2227)
(1366, 2228)
(1366, 2229)
(1366, 2230)
(1365, 2231)
(1365, 2232)
(1365, 2233)
(1365, 2234)
(1365, 2235)
(1365, 2236)
(1365, 2237)
(1365, 2238)
(1365, 2239)
(1365, 2240)
(1365, 2241)
(1365, 2242)
(1365, 2243)
(1365, 2244)
(1366, 2245)
(1366, 2246)
(1366, 2247)
(1366, 2248)
(1366, 2249)
(1366, 2250)
(1365, 2251)
(1365, 2252)
(1365, 2253)
(1365, 2254)
(1365, 2255)
(1365, 2256)
(1365, 2257)
(1365, 2258)
(1365, 2259)
(1365, 2260)
(1365, 2261)
(1365, 2262)
(1365, 2263)
(1365, 2264)
(1365, 2265)
(1365, 2266)
(1365, 2267)
(1365, 2268)
(1365, 2269)
(1365, 2270)
(1365, 2271)
(1365, 2272)
(1365, 2273)
(1365, 2274)
(1365, 2275)
(1365, 2276)
(1365, 2277)
(1365, 2278)
(1364, 2279)
(1364, 2280)
(1364, 2281)
(1364, 2282)
(1364, 2283)
(1364, 2284)
(1364, 2285)
(1364, 2286)
(1364, 2287)
(1364, 2288)
(1364, 2289)
(1364, 2290)
(1364, 2291)
(1364, 2292)
(1364, 2293)
(1364, 2294)
(1364, 2295)
(1364, 2296)
(1364, 2297)
(1364, 2298)
(1364, 2299)
(1364, 2300)
(1364, 2301)
(1364, 2302)
(1364, 2303)
(1364, 2304)
(1364, 2305)
(1364, 2306)
(1364, 2307)
(1364, 2308)
(1364, 2309)
(1363, 2310)
(1363, 2311)
(1363, 2312)
(1363, 2313)
(1363, 2314)
(1363, 2315)
(1363, 2316)
(1363, 2317)
(1363, 2318)
(1363, 2319)
(1363, 2320)
(1363, 2321)
(1363, 2322)
(1363, 2323)
(1363, 2324)
(1363, 2325)
(1363, 2326)
(1363, 2327)
(1362, 2328)
(1362, 2329)
(1362, 2330)
(1363, 2331)
(1363, 2332)
(1363, 2333)
(1363, 2334)
(1363, 2335)
(1363, 2336)
(1363, 2337)
(1363, 2338)
(1362, 2339)
(1362, 2340)
(1363, 2341)
(1363, 2342)
(1363, 2343)
(1363, 2344)
(1363, 2345)
(1363, 2346)
(1363, 2347)
(1363, 2348)
(1363, 2349)
(1363, 2350)
(1363, 2351)
(1363, 2352)
(1363, 2353)
(1363, 2354)
(1364, 2355)
(1364, 2356)
(1364, 2357)
(1364, 2358)
(1364, 2359)
(1364, 2360)
(1364, 2361)
(1364, 2362)
(1364, 2363)
(1364, 2364)
(1364, 2365)
(1364, 2366)
(1364, 2367)
(1365, 2368)
(1365, 2369)
(1365, 2370)
(1365, 2371)
(1365, 2372)
(1365, 2373)
(1365, 2374)
(1365, 2375)
(1365, 2376)
(1365, 2377)
(1365, 2378)
(1365, 2379)
(1365, 2380)
(1365, 2381)
(1365, 2382)
(1365, 2383)
(1365, 2384)
(1365, 2385)
(1365, 2386)
(1365, 2387)
(1365, 2388)
(1365, 2389)
(1365, 2390)
(1365, 2391)
(1366, 2392)
(1366, 2393)
(1366, 2394)
(1366, 2395)
(1366, 2396)
(1366, 2397)
(1366, 2398)
(1366, 2399)
(1366, 2400)
(1366, 2401)
(1366, 2402)
(1366, 2403)
(1366, 2404)
(1366, 2405)
(1366, 2406)
(1366, 2407)
(1366, 2408)
(1366, 2409)
(1366, 2410)
(1366, 2411)
(1367, 2412)
(1367, 2413)
(1367, 2414)
(1367, 2415)
(1367, 2416)
(1367, 2417)
(1367, 2418)
(1367, 2419)
(1367, 2420)
(1367, 2421)
(1367, 2422)
(1367, 2423)
(1367, 2424)
(1367, 2425)
(1367, 2426)
(1367, 2427)
(1367, 2428)
(1367, 2429)
(1367, 2430)
(1367, 2431)
(1367, 2432)
(1367, 2433)
(1367, 2434)
(1367, 2435)
(1367, 2436)
(1367, 2437)
(1367, 2438)
(1367, 2439)
(1367, 2440)
(1367, 2441)
(1367, 2442)
(1367, 2443)
(1367, 2444)
(1367, 2445)
(1367, 2446)
(1367, 2447)
(1367, 2448)
(1367, 2449)
(1367, 2450)
(1367, 2451)
(1367, 2452)
(1368, 2453)
(1368, 2454)
(1368, 2455)
(1368, 2456)
(1368, 2457)
(1369, 2458)
(1369, 2459)
(1369, 2460)
(1370, 2461)
(1370, 2462)
(1370, 2463)
(1370, 2464)
(1371, 2465)
(1371, 2466)
(1371, 2467)
(1371, 2468)
(1371, 2469)
(1371, 2470)
(1372, 2471)
(1372, 2472)
(1372, 2473)
(1372, 2474)
(1373, 2475)
(1373, 2476)
(1373, 2477)
(1373, 2478)
(1373, 2479)
(1373, 2480)
(1374, 2481)
(1374, 2482)
(1374, 2483)
(1374, 2484)
(1374, 2485)
(1374, 2486)
(1374, 2487)
(1374, 2488)
(1374, 2489)
(1374, 2490)
(1374, 2491)
(1374, 2492)
(1374, 2493)
(1374, 2494)
(1374, 2495)
(1374, 2496)
(1374, 2497)
(1374, 2498)
(1374, 2499)
(1374, 2500)
(1374, 2501)
(1374, 2502)
(1374, 2503)
(1374, 2504)
(1374, 2505)
(1374, 2506)
(1374, 2507)
(1374, 2508)
(1374, 2509)
(1374, 2510)
(1373, 2511)
(1373, 2512)
(1373, 2513)
(1373, 2514)
(1373, 2515)
(1373, 2516)
(1373, 2517)
(1373, 2518)
(1373, 2519)
(1373, 2520)
(1373, 2521)
(1373, 2522)
(1373, 2523)
(1373, 2524)
(1373, 2525)
(1373, 2526)
(1373, 2527)
(1373, 2528)
(1373, 2529)
(1373, 2530)
(1374, 2531)
(1374, 2532)
(1374, 2533)
(1374, 2534)
(1373, 2535)
(1373, 2536)
(1373, 2537)
(1373, 2538)
(1373, 2539)
(1373, 2540)
(1373, 2541)
(1373, 2542)
(1373, 2543)
(1373, 2544)
(1373, 2545)
(1373, 2546)
(1373, 2547)
(1372, 2548)
(1372, 2549)
(1372, 2550)
(1372, 2551)
(1372, 2552)
(1372, 2553)
(1372, 2554)
(1372, 2555)
(1372, 2556)
(1372, 2557)
(1372, 2558)
(1372, 2559)
(1372, 2560)
(1372, 2561)
(1371, 2562)
(1371, 2563)
(1371, 2564)
(1371, 2565)
(1371, 2566)
(1371, 2567)
(1371, 2568)
(1371, 2569)
(1371, 2570)
(1371, 2571)
(1371, 2572)
(1371, 2573)
(1371, 2574)
(1371, 2575)
(1371, 2576)
(1371, 2577)
(1371, 2578)
(1371, 2579)
(1370, 2580)
(1370, 2581)
(1370, 2582)
(1370, 2583)
(1370, 2584)
(1370, 2585)
(1370, 2586)
(1370, 2587)
(1370, 2588)
(1371, 2589)
(1371, 2590)
(1371, 2591)
(1371, 2592)
(1371, 2593)
(1371, 2594)
(1371, 2595)
(1371, 2596)
(1371, 2597)
(1371, 2598)
(1371, 2599)
(1371, 2600)
(1371, 2601)
(1371, 2602)
(1371, 2603)
(1371, 2604)
(1371, 2605)
(1371, 2606)
(1371, 2607)
(1371, 2608)
(1371, 2609)
(1371, 2610)
(1371, 2611)
(1371, 2612)
(1372, 2613)
(1372, 2614)
(1372, 2615)
(1372, 2616)
(1372, 2617)
(1372, 2618)
(1372, 2619)
(1372, 2620)
(1372, 2621)
(1372, 2622)
(1372, 2623)
(1372, 2624)
(1372, 2625)
(1372, 2626)
(1372, 2627)
(1372, 2628)
(1372, 2629)
(1372, 2630)
(1372, 2631)
(1372, 2632)
(1372, 2633)
(1372, 2634)
(1372, 2635)
(1372, 2636)
(1372, 2637)
(1372, 2638)
(1372, 2639)
(1371, 2640)
(1371, 2641)
(1371, 2642)
(1371, 2643)
(1371, 2644)
(1371, 2645)
(1371, 2646)
(1371, 2647)
(1371, 2648)
(1371, 2649)
(1371, 2650)
(1371, 2651)
(1371, 2652)
(1371, 2653)
(1371, 2654)
(1371, 2655)
(1371, 2656)
(1371, 2657)
(1371, 2658)
(1371, 2659)
(1371, 2660)
(1371, 2661)
(1371, 2662)
(1371, 2663)
(1371, 2664)
(1371, 2665)
(1371, 2666)
(1371, 2667)
(1371, 2668)
(1371, 2669)
(1371, 2670)
(1371, 2671)
(1370, 2672)
(1370, 2673)
(1370, 2674)
(1370, 2675)
(1370, 2676)
(1370, 2677)
(1370, 2678)
(1370, 2679)
(1371, 2680)
(1371, 2681)
(1371, 2682)
(1371, 2683)
(1371, 2684)
(1371, 2685)
(1371, 2686)
(1371, 2687)
(1371, 2688)
(1371, 2689)
(1371, 2690)
(1371, 2691)
(1371, 2692)
(1371, 2693)
(1371, 2694)
(1371, 2695)
(1371, 2696)
(1371, 2697)
(1371, 2698)
(1371, 2699)
(1371, 2700)
(1371, 2701)
(1371, 2702)
(1371, 2703)
(1371, 2704)
(1371, 2705)
(1371, 2706)
(1371, 2707)
(1371, 2708)
(1371, 2709)
(1371, 2710)
(1371, 2711)
(1371, 2712)
(1371, 2713)
(1371, 2714)
(1371, 2715)
(1371, 2716)
(1371, 2717)
(1371, 2718)
(1371, 2719)
(1371, 2720)
(1371, 2721)
(1371, 2722)
(1371, 2723)
(1371, 2724)
(1371, 2725)
(1372, 2726)
(1372, 2727)
(1372, 2728)
(1372, 2729)
(1372, 2730)
(1372, 2731)
(1372, 2732)
(1371, 2733)
(1371, 2734)
(1371, 2735)
(1371, 2736)
(1371, 2737)
(1371, 2738)
(1371, 2739)
(1371, 2740)
(1371, 2741)
(1371, 2742)
(1371, 2743)
(1371, 2744)
(1371, 2745)
(1371, 2746)
(1371, 2747)
(1371, 2748)
(1371, 2749)
(1371, 2750)
(1371, 2751)
(1370, 2752)
(1370, 2753)
(1370, 2754)
(1370, 2755)
(1370, 2756)
(1370, 2757)
(1370, 2758)
(1370, 2759)
(1370, 2760)
(1370, 2761)
(1371, 2762)
(1371, 2763)
(1371, 2764)
(1371, 2765)
(1371, 2766)
(1371, 2767)
(1371, 2768)
(1371, 2769)
(1370, 2770)
(1370, 2771)
(1370, 2772)
(1370, 2773)
(1370, 2774)
(1370, 2775)
(1370, 2776)
(1370, 2777)
(1370, 2778)
(1370, 2779)
(1370, 2780)
(1370, 2781)
(1370, 2782)
(1370, 2783)
(1369, 2784)
(1369, 2785)
(1369, 2786)
(1369, 2787)
(1369, 2788)
(1370, 2789)
(1370, 2790)
(1370, 2791)
(1370, 2792)
(1370, 2793)
(1370, 2794)
(1370, 2795)
(1370, 2796)
(1370, 2797)
(1370, 2798)
(1370, 2799)
(1370, 2800)
(1370, 2801)
(1370, 2802)
(1369, 2803)
(1369, 2804)
(1369, 2805)
(1369, 2806)
(1369, 2807)
(1369, 2808)
(1369, 2809)
(1369, 2810)
(1370, 2811)
(1370, 2812)
(1370, 2813)
(1370, 2814)
(1370, 2815)
(1370, 2816)
(1370, 2817)
(1370, 2818)
(1370, 2819)
(1369, 2820)
(1369, 2821)
(1369, 2822)
(1370, 2823)
(1370, 2824)
(1370, 2825)
(1370, 2826)
(1370, 2827)
(1370, 2828)
(1370, 2829)
(1370, 2830)
(1370, 2831)
(1370, 2832)
(1370, 2833)
(1370, 2834)
(1369, 2835)
(1369, 2836)
(1369, 2837)
(1369, 2838)
(1369, 2839)
(1369, 2840)
(1369, 2841)
(1369, 2842)
(1369, 2843)
(1369, 2844)
(1369, 2845)
(1369, 2846)
(1368, 2847)
(1368, 2848)
(1368, 2849)
(1368, 2850)
(1368, 2851)
(1368, 2852)
(1368, 2853)
(1368, 2854)
(1368, 2855)
(1368, 2856)
(1368, 2857)
(1368, 2858)
(1367, 2859)
(1367, 2860)
(1367, 2861)
(1367, 2862)
(1367, 2863)
(1367, 2864)
(1367, 2865)
(1367, 2866)
(1367, 2867)
(1367, 2868)
(1367, 2869)
(1367, 2870)
(1367, 2871)
(1367, 2872)
(1367, 2873)
(1367, 2874)
(1367, 2875)
(1367, 2876)
(1367, 2877)
(1367, 2878)
(1367, 2879)
(1367, 2880)
(1367, 2881)
(1367, 2882)
(1367, 2883)
(1368, 2884)
(1368, 2885)
(1368, 2886)
(1368, 2887)
(1368, 2888)
(1368, 2889)
(1368, 2890)
(1368, 2891)
(1368, 2892)
(1368, 2893)
(1368, 2894)
(1368, 2895)
(1368, 2896)
(1368, 2897)
(1368, 2898)
(1368, 2899)
(1369, 2900)
(1369, 2901)
(1369, 2902)
(1369, 2903)
(1369, 2904)
(1369, 2905)
(1369, 2906)
(1369, 2907)
(1369, 2908)
(1369, 2909)
(1369, 2910)
(1369, 2911)
(1369, 2912)
(1369, 2913)
(1369, 2914)
(1369, 2915)
(1369, 2916)
(1369, 2917)
(1369, 2918)
(1369, 2919)
(1369, 2920)
(1368, 2921)
(1368, 2922)
(1368, 2923)
(1368, 2924)
(1368, 2925)
(1368, 2926)
(1368, 2927)
(1368, 2928)
(1368, 2929)
(1368, 2930)
(1368, 2931)
(1368, 2932)
(1368, 2933)
(1368, 2934)
(1368, 2935)
(1368, 2936)
(1368, 2937)
(1368, 2938)
(1368, 2939)
(1368, 2940)
(1368, 2941)
(1368, 2942)
(1368, 2943)
(1368, 2944)
(1368, 2945)
(1368, 2946)
(1368, 2947)
(1368, 2948)
(1369, 2949)
(1369, 2950)
(1369, 2951)
(1369, 2952)
(1369, 2953)
(1369, 2954)
(1368, 2955)
(1368, 2956)
(1368, 2957)
(1368, 2958)
(1368, 2959)
(1368, 2960)
(1368, 2961)
(1368, 2962)
(1368, 2963)
(1368, 2964)
(1367, 2965)
(1367, 2966)
(1367, 2967)
(1367, 2968)
(1367, 2969)
(1367, 2970)
(1367, 2971)
(1367, 2972)
(1366, 2973)
(1366, 2974)
(1366, 2975)
(1366, 2976)
(1366, 2977)
(1366, 2978)
(1366, 2979)
(1366, 2980)
(1366, 2981)
(1366, 2982)
(1366, 2983)
(1366, 2984)
(1366, 2985)
(1366, 2986)
(1366, 2987)
(1366, 2988)
(1366, 2989)
(1366, 2990)
(1366, 2991)
(1366, 2992)
(1366, 2993)
(1366, 2994)
(1366, 2995)
(1366, 2996)
(1366, 2997)
(1366, 2998)
(1366, 2999)
(1366, 3000)
(1366, 3001)
(1366, 3002)
(1366, 3003)
(1366, 3004)
(1366, 3005)
(1367, 3006)
(1367, 3007)
(1367, 3008)
(1367, 3009)
(1367, 3010)
(1367, 3011)
(1367, 3012)
(1367, 3013)
(1367, 3014)
(1367, 3015)
(1367, 3016)
(1367, 3017)
(1367, 3018)
(1367, 3019)
(1367, 3020)
(1367, 3021)
(1367, 3022)
(1367, 3023)
(1366, 3024)
(1366, 3025)
(1366, 3026)
(1366, 3027)
(1367, 3028)
(1367, 3029)
(1366, 3030)
(1366, 3031)
(1366, 3032)
(1366, 3033)
(1366, 3034)
(1366, 3035)
(1366, 3036)
(1366, 3037)
(1366, 3038)
(1366, 3039)
(1366, 3040)
(1366, 3041)
(1366, 3042)
(1366, 3043)
(1366, 3044)
(1366, 3045)
(1366, 3046)
(1366, 3047)
(1366, 3048)
(1366, 3049)
(1366, 3050)
(1366, 3051)
(1366, 3052)
(1366, 3053)
(1366, 3054)
(1366, 3055)
(1366, 3056)
(1366, 3057)
(1367, 3058)
(1367, 3059)
(1367, 3060)
(1367, 3061)
(1367, 3062)
(1367, 3063)
(1367, 3064)
(1367, 3065)
(1368, 3066)
(1368, 3067)
(1367, 3068)
(1367, 3069)
(1367, 3070)
(1367, 3071)
(1367, 3072)
(1367, 3073)
(1367, 3074)
(1367, 3075)
(1367, 3076)
(1367, 3077)
(1367, 3078)
(1367, 3079)
(1367, 3080)
(1367, 3081)
(1367, 3082)
(1367, 3083)
(1367, 3084)
(1367, 3085)
(1367, 3086)
(1367, 3087)
(1367, 3088)
(1367, 3089)
(1367, 3090)
(1367, 3091)
(1367, 3092)
(1367, 3093)
(1367, 3094)
(1367, 3095)
(1367, 3096)
(1367, 3097)
(1367, 3098)
(1367, 3099)
(1367, 3100)
(1367, 3101)
(1367, 3102)
(1367, 3103)
(1367, 3104)
(1367, 3105)
(1367, 3106)
(1367, 3107)
(1367, 3108)
(1367, 3109)
(1367, 3110)
(1367, 3111)
(1367, 3112)
(1367, 3113)
(1367, 3114)
(1367, 3115)
(1367, 3116)
(1367, 3117)
(1367, 3118)
(1367, 3119)
(1367, 3120)
(1367, 3121)
(1367, 3122)
(1367, 3123)
(1367, 3124)
(1367, 3125)
(1367, 3126)
(1367, 3127)
(1367, 3128)
(1367, 3129)
(1367, 3130)
(1367, 3131)
(1367, 3132)
(1367, 3133)
(1366, 3134)
(1366, 3135)
(1367, 3136)
(1367, 3137)
(1367, 3138)
(1367, 3139)
(1367, 3140)
(1367, 3141)
(1367, 3142)
(1367, 3143)
(1367, 3144)
(1367, 3145)
(1367, 3146)
(1367, 3147)
(1367, 3148)
(1366, 3149)
(1366, 3150)
(1366, 3151)
(1366, 3152)
(1366, 3153)
(1366, 3154)
(1366, 3155)
(1366, 3156)
(1366, 3157)
(1366, 3158)
(1367, 3159)
(1367, 3160)
(1367, 3161)
(1367, 3162)
(1367, 3163)
(1367, 3164)
(1367, 3165)
(1367, 3166)
(1367, 3167)
(1367, 3168)
(1367, 3169)
(1367, 3170)
(1367, 3171)
(1367, 3172)
(1367, 3173)
(1367, 3174)
(1367, 3175)
(1367, 3176)
(1367, 3177)
(1366, 3178)
(1366, 3179)
(1366, 3180)
(1366, 3181)
(1366, 3182)
(1366, 3183)
(1366, 3184)
(1366, 3185)
(1366, 3186)
(1366, 3187)
(1366, 3188)
(1366, 3189)
(1366, 3190)
(1366, 3191)
(1366, 3192)
(1365, 3193)
(1365, 3194)
(1365, 3195)
(1366, 3196)
(1366, 3197)
(1366, 3198)
(1366, 3199)
(1366, 3200)
(1366, 3201)
(1366, 3202)
(1365, 3203)
(1366, 3204)
(1366, 3205)
(1366, 3206)
(1366, 3207)
(1366, 3208)
(1366, 3209)
(1366, 3210)
(1366, 3211)
(1366, 3212)
(1366, 3213)
(1366, 3214)
(1367, 3215)
(1367, 3216)
(1367, 3217)
(1367, 3218)
(1367, 3219)
(1367, 3220)
(1367, 3221)
(1367, 3222)
(1367, 3223)
(1367, 3224)
(1367, 3225)
(1367, 3226)
(1367, 3227)
(1367, 3228)
(1367, 3229)
(1367, 3230)
(1367, 3231)
(1367, 3232)
(1367, 3233)
(1367, 3234)
(1367, 3235)
(1367, 3236)
(1367, 3237)
(1367, 3238)
(1367, 3239)
(1368, 3240)
(1368, 3241)
(1368, 3242)
(1368, 3243)
(1368, 3244)
(1368, 3245)
(1368, 3246)
(1368, 3247)
(1368, 3248)
(1367, 3249)
(1367, 3250)
(1367, 3251)
(1367, 3252)
(1367, 3253)
(1367, 3254)
(1367, 3255)
(1367, 3256)
(1367, 3257)
(1367, 3258)
(1367, 3259)
(1367, 3260)
(1367, 3261)
(1367, 3262)
(1367, 3263)
(1367, 3264)
(1367, 3265)
(1367, 3266)
(1367, 3267)
(1367, 3268)
(1367, 3269)
(1367, 3270)
(1367, 3271)
(1367, 3272)
(1367, 3273)
(1367, 3274)
(1367, 3275)
(1367, 3276)
(1367, 3277)
(1367, 3278)
(1367, 3279)
(1367, 3280)
(1367, 3281)
(1367, 3282)
(1367, 3283)
(1367, 3284)
(1368, 3285)
(1368, 3286)
(1368, 3287)
(1368, 3288)
(1368, 3289)
(1368, 3290)
(1368, 3291)
(1368, 3292)
(1368, 3293)
(1368, 3294)
(1368, 3295)
(1368, 3296)
(1368, 3297)
(1368, 3298)
(1368, 3299)
(1368, 3300)
(1368, 3301)
(1368, 3302)
(1368, 3303)
(1368, 3304)
(1368, 3305)
(1368, 3306)
(1368, 3307)
(1368, 3308)
(1368, 3309)
(1368, 3310)
(1368, 3311)
(1368, 3312)
(1368, 3313)
(1369, 3314)
(1369, 3315)
(1368, 3316)
(1368, 3317)
(1368, 3318)
(1368, 3319)
(1368, 3320)
(1368, 3321)
(1368, 3322)
(1368, 3323)
(1368, 3324)
(1368, 3325)
(1368, 3326)
(1368, 3327)
(1368, 3328)
(1368, 3329)
(1368, 3330)
(1368, 3331)
(1368, 3332)
(1368, 3333)
(1368, 3334)
(1368, 3335)
(1367, 3336)
(1367, 3337)
(1367, 3338)
(1367, 3339)
(1367, 3340)
(1367, 3341)
(1368, 3342)
(1368, 3343)
(1368, 3344)
(1368, 3345)
(1368, 3346)
(1368, 3347)
(1368, 3348)
(1367, 3349)
(1367, 3350)
(1367, 3351)
(1367, 3352)
(1367, 3353)
(1367, 3354)
(1367, 3355)
(1367, 3356)
(1367, 3357)
(1367, 3358)
(1367, 3359)
(1367, 3360)
(1367, 3361)
(1367, 3362)
(1367, 3363)
(1367, 3364)
(1367, 3365)
(1367, 3366)
(1367, 3367)
(1367, 3368)
(1367, 3369)
(1367, 3370)
(1367, 3371)
(1367, 3372)
(1367, 3373)
(1367, 3374)
(1367, 3375)
(1367, 3376)
(1367, 3377)
(1367, 3378)
(1367, 3379)
(1367, 3380)
(1366, 3381)
(1366, 3382)
(1367, 3383)
(1367, 3384)
(1367, 3385)
(1367, 3386)
(1367, 3387)
(1367, 3388)
(1367, 3389)
(1367, 3390)
(1367, 3391)
(1367, 3392)
(1367, 3393)
(1367, 3394)
(1367, 3395)
(1367, 3396)
(1367, 3397)
(1367, 3398)
(1367, 3399)
(1367, 3400)
(1367, 3401)
(1367, 3402)
(1367, 3403)
(1367, 3404)
(1367, 3405)
(1367, 3406)
(1367, 3407)
(1367, 3408)
(1367, 3409)
(1367, 3410)
(1367, 3411)
(1367, 3412)
(1367, 3413)
(1367, 3414)
(1367, 3415)
(1367, 3416)
(1367, 3417)
(1367, 3418)
(1367, 3419)
(1367, 3420)
(1367, 3421)
(1367, 3422)
(1367, 3423)
(1367, 3424)
(1367, 3425)
(1367, 3426)
(1367, 3427)
(1367, 3428)
(1367, 3429)
(1367, 3430)
(1367, 3431)
(1367, 3432)
(1367, 3433)
(1367, 3434)
(1367, 3435)
(1367, 3436)
(1367, 3437)
(1367, 3438)
(1367, 3439)
(1367, 3440)
(1367, 3441)
(1367, 3442)
(1368, 3443)
(1368, 3444)
(1368, 3445)
(1368, 3446)
(1368, 3447)
(1368, 3448)
(1368, 3449)
(1368, 3450)
(1368, 3451)
(1368, 3452)
(1368, 3453)
(1368, 3454)
(1368, 3455)
(1368, 3456)
(1368, 3457)
(1367, 3458)
(1367, 3459)
(1367, 3460)
(1367, 3461)
(1368, 3462)
(1368, 3463)
(1368, 3464)
(1368, 3465)
(1368, 3466)
(1368, 3467)
(1368, 3468)
(1368, 3469)
(1368, 3470)
(1368, 3471)
(1368, 3472)
(1368, 3473)
(1368, 3474)
(1368, 3475)
(1368, 3476)
(1368, 3477)
(1368, 3478)
(1368, 3479)
(1368, 3480)
(1368, 3481)
(1368, 3482)
(1368, 3483)
(1368, 3484)
(1368, 3485)
(1368, 3486)
(1368, 3487)
(1368, 3488)
(1368, 3489)
(1368, 3490)
(1367, 3491)
(1367, 3492)
(1367, 3493)
(1367, 3494)
(1367, 3495)
(1367, 3496)
(1367, 3497)
(1367, 3498)
(1367, 3499)
(1367, 3500)
(1367, 3501)
(1367, 3502)
(1367, 3503)
(1367, 3504)
(1366, 3505)
(1366, 3506)
(1367, 3507)
(1367, 3508)
(1367, 3509)
(1367, 3510)
(1367, 3511)
(1367, 3512)
(1367, 3513)
(1367, 3514)
(1367, 3515)
(1367, 3516)
(1367, 3517)
(1367, 3518)
(1367, 3519)
(1367, 3520)
(1367, 3521)
(1367, 3522)
(1366, 3523)
(1366, 3524)
(1366, 3525)
(1366, 3526)
(1366, 3527)
(1366, 3528)
(1366, 3529)
(1366, 3530)
(1366, 3531)
(1366, 3532)
(1366, 3533)
(1366, 3534)
(1367, 3535)
(1367, 3536)
(1367, 3537)
(1367, 3538)
(1367, 3539)
(1367, 3540)
(1367, 3541)
(1367, 3542)
(1367, 3543)
(1367, 3544)
(1367, 3545)
(1367, 3546)
(1367, 3547)
(1367, 3548)
(1367, 3549)
(1367, 3550)
(1367, 3551)
(1367, 3552)
(1367, 3553)
(1367, 3554)
(1367, 3555)
(1367, 3556)
(1367, 3557)
(1367, 3558)
(1367, 3559)
(1367, 3560)
(1368, 3561)
(1368, 3562)
(1368, 3563)
(1368, 3564)
(1368, 3565)
(1368, 3566)
(1368, 3567)
(1368, 3568)
(1368, 3569)
(1368, 3570)
(1368, 3571)
(1368, 3572)
(1368, 3573)
(1368, 3574)
(1368, 3575)
(1368, 3576)
(1368, 3577)
(1368, 3578)
(1368, 3579)
(1368, 3580)
(1368, 3581)
(1369, 3582)
(1369, 3583)
(1369, 3584)
(1369, 3585)
(1369, 3586)
(1369, 3587)
(1369, 3588)
(1369, 3589)
(1369, 3590)
(1369, 3591)
(1369, 3592)
(1369, 3593)
(1369, 3594)
(1369, 3595)
(1369, 3596)
(1369, 3597)
(1369, 3598)
(1369, 3599)
(1369, 3600)
(1369, 3601)
(1369, 3602)
(1369, 3603)
(1369, 3604)
(1369, 3605)
(1369, 3606)
(1369, 3607)
(1369, 3608)
(1368, 3609)
(1368, 3610)
(1368, 3611)
(1368, 3612)
(1368, 3613)
(1368, 3614)
(1368, 3615)
(1368, 3616)
(1367, 3617)
(1367, 3618)
(1367, 3619)
(1367, 3620)
(1367, 3621)
(1367, 3622)
(1367, 3623)
(1367, 3624)
(1367, 3625)
(1367, 3626)
(1367, 3627)
(1367, 3628)
(1367, 3629)
(1367, 3630)
(1367, 3631)
(1367, 3632)
(1367, 3633)
(1367, 3634)
(1366, 3635)
(1366, 3636)
(1366, 3637)
(1367, 3638)
(1367, 3639)
(1367, 3640)
(1367, 3641)
(1367, 3642)
(1367, 3643)
(1367, 3644)
(1367, 3645)
(1366, 3646)
(1366, 3647)
(1366, 3648)
(1366, 3649)
(1366, 3650)
(1366, 3651)
(1366, 3652)
(1366, 3653)
(1366, 3654)
(1366, 3655)
(1366, 3656)
(1366, 3657)
(1366, 3658)
(1366, 3659)
(1366, 3660)
(1365, 3661)
(1365, 3662)
(1365, 3663)
(1365, 3664)
(1365, 3665)
(1365, 3666)
(1365, 3667)
(1365, 3668)
(1365, 3669)
(1365, 3670)
(1365, 3671)
(1365, 3672)
(1365, 3673)
(1365, 3674)
(1365, 3675)
(1365, 3676)
(1365, 3677)
(1365, 3678)
(1365, 3679)
(1365, 3680)
(1365, 3681)
(1365, 3682)
(1365, 3683)
(1365, 3684)
(1365, 3685)
(1365, 3686)
(1365, 3687)
(1365, 3688)
(1365, 3689)
(1365, 3690)
(1365, 3691)
(1365, 3692)
(1365, 3693)
(1365, 3694)
(1365, 3695)
(1365, 3696)
(1365, 3697)
(1365, 3698)
(1366, 3699)
(1366, 3700)
(1366, 3701)
(1366, 3702)
(1366, 3703)
(1366, 3704)
(1366, 3705)
(1366, 3706)
(1366, 3707)
(1366, 3708)
(1366, 3709)
(1366, 3710)
(1366, 3711)
(1366, 3712)
(1366, 3713)
(1366, 3714)
(1366, 3715)
(1366, 3716)
(1366, 3717)
(1366, 3718)
(1366, 3719)
(1366, 3720)
(1366, 3721)
(1366, 3722)
(1366, 3723)
(1366, 3724)
(1366, 3725)
(1366, 3726)
(1366, 3727)
(1366, 3728)
(1366, 3729)
(1366, 3730)
(1366, 3731)
(1366, 3732)
(1366, 3733)
(1367, 3734)
(1367, 3735)
(1367, 3736)
(1367, 3737)
(1366, 3738)
(1366, 3739)
(1366, 3740)
(1367, 3741)
(1367, 3742)
(1367, 3743)
(1367, 3744)
(1367, 3745)
(1367, 3746)
(1367, 3747)
(1367, 3748)
(1367, 3749)
(1367, 3750)
(1367, 3751)
(1367, 3752)
(1367, 3753)
(1367, 3754)
(1367, 3755)
(1367, 3756)
(1367, 3757)
(1367, 3758)
(1367, 3759)
(1367, 3760)
(1367, 3761)
(1367, 3762)
(1367, 3763)
(1367, 3764)
(1367, 3765)
(1368, 3766)
(1368, 3767)
(1368, 3768)
(1368, 3769)
(1368, 3770)
(1368, 3771)
(1368, 3772)
(1368, 3773)
(1368, 3774)
(1368, 3775)
(1368, 3776)
(1368, 3777)
(1368, 3778)
(1368, 3779)
(1368, 3780)
(1368, 3781)
(1368, 3782)
(1368, 3783)
(1368, 3784)
(1368, 3785)
(1368, 3786)
(1368, 3787)
(1368, 3788)
(1368, 3789)
(1368, 3790)
(1368, 3791)
(1368, 3792)
(1367, 3793)
(1367, 3794)
(1367, 3795)
(1367, 3796)
(1368, 3797)
(1368, 3798)
(1368, 3799)
(1368, 3800)
(1367, 3801)
(1367, 3802)
(1367, 3803)
(1367, 3804)
(1368, 3805)
(1368, 3806)
(1368, 3807)
(1368, 3808)
(1368, 3809)
(1368, 3810)
(1368, 3811)
(1368, 3812)
(1368, 3813)
(1368, 3814)
(1368, 3815)
(1368, 3816)
(1368, 3817)
(1368, 3818)
(1368, 3819)
(1368, 3820)
(1368, 3821)
(1368, 3822)
(1369, 3823)
(1369, 3824)
(1369, 3825)
(1369, 3826)
(1369, 3827)
(1368, 3828)
(1368, 3829)
(1368, 3830)
(1368, 3831)
(1368, 3832)
(1368, 3833)
(1368, 3834)
(1368, 3835)
(1369, 3836)
(1368, 3837)
(1368, 3838)
(1368, 3839)
(1368, 3840)
(1368, 3841)
(1368, 3842)
(1368, 3843)
(1368, 3844)
(1368, 3845)
(1368, 3846)
(1368, 3847)
(1369, 3848)
(1369, 3849)
(1368, 3850)
(1368, 3851)
(1368, 3852)
(1368, 3853)
(1368, 3854)
(1368, 3855)
(1368, 3856)
(1369, 3857)
(1369, 3858)
(1369, 3859)
(1369, 3860)
(1369, 3861)
(1369, 3862)
(1369, 3863)
(1369, 3864)
(1369, 3865)
(1369, 3866)
(1369, 3867)
(1369, 3868)
(1369, 3869)
(1369, 3870)
(1368, 3871)
(1368, 3872)
(1368, 3873)
(1368, 3874)
(1368, 3875)
(1368, 3876)
(1368, 3877)
(1368, 3878)
(1368, 3879)
(1368, 3880)
(1368, 3881)
(1368, 3882)
(1368, 3883)
(1368, 3884)
(1368, 3885)
(1368, 3886)
(1367, 3887)
(1367, 3888)
(1367, 3889)
(1367, 3890)
(1367, 3891)
(1367, 3892)
(1368, 3893)
(1368, 3894)
(1368, 3895)
(1368, 3896)
(1368, 3897)
(1368, 3898)
(1368, 3899)
(1368, 3900)
(1368, 3901)
(1368, 3902)
(1368, 3903)
(1368, 3904)
(1368, 3905)
(1368, 3906)
(1368, 3907)
(1368, 3908)
(1368, 3909)
(1368, 3910)
(1368, 3911)
(1368, 3912)
(1368, 3913)
(1368, 3914)
(1368, 3915)
(1368, 3916)
(1368, 3917)
(1368, 3918)
(1368, 3919)
(1368, 3920)
(1368, 3921)
(1368, 3922)
(1368, 3923)
(1368, 3924)
(1368, 3925)
(1367, 3926)
(1367, 3927)
(1367, 3928)
(1367, 3929)
(1367, 3930)
(1367, 3931)
(1367, 3932)
(1368, 3933)
(1368, 3934)
(1368, 3935)
(1367, 3936)
(1367, 3937)
(1367, 3938)
(1367, 3939)
(1367, 3940)
(1367, 3941)
(1367, 3942)
(1367, 3943)
(1367, 3944)
(1367, 3945)
(1366, 3946)
(1366, 3947)
(1366, 3948)
(1366, 3949)
(1366, 3950)
(1366, 3951)
(1366, 3952)
(1366, 3953)
(1366, 3954)
(1366, 3955)
(1366, 3956)
(1366, 3957)
(1366, 3958)
(1366, 3959)
(1366, 3960)
(1366, 3961)
(1366, 3962)
(1365, 3963)
(1365, 3964)
(1365, 3965)
(1365, 3966)
(1365, 3967)
(1365, 3968)
(1365, 3969)
(1365, 3970)
(1365, 3971)
(1365, 3972)
(1365, 3973)
(1365, 3974)
(1365, 3975)
(1365, 3976)
(1365, 3977)
(1365, 3978)
(1365, 3979)
(1365, 3980)
(1365, 3981)
(1365, 3982)
(1365, 3983)
(1365, 3984)
(1365, 3985)
(1365, 3986)
(1365, 3987)
(1365, 3988)
(1365, 3989)
(1365, 3990)
(1365, 3991)
(1365, 3992)
(1365, 3993)
(1365, 3994)
(1364, 3995)
(1364, 3996)
(1364, 3997)
(1364, 3998)
(1364, 3999)
(1364, 4000)
(1364, 4001)
(1364, 4002)
(1363, 4003)
(1363, 4004)
(1363, 4005)
(1363, 4006)
(1363, 4007)
(1363, 4008)
(1363, 4009)
(1363, 4010)
(1363, 4011)
(1362, 4012)
(1362, 4013)
(1362, 4014)
(1362, 4015)
(1362, 4016)
(1362, 4017)
(1362, 4018)
(1362, 4019)
(1362, 4020)
(1362, 4021)
(1362, 4022)
(1362, 4023)
(1362, 4024)
(1361, 4025)
(1361, 4026)
(1361, 4027)
(1361, 4028)
(1362, 4029)
(1362, 4030)
(1362, 4031)
(1362, 4032)
(1362, 4033)
(1362, 4034)
(1362, 4035)
(1362, 4036)
(1362, 4037)
(1362, 4038)
(1362, 4039)
(1362, 4040)
(1362, 4041)
(1362, 4042)
(1362, 4043)
(1362, 4044)
(1362, 4045)
(1363, 4046)
(1363, 4047)
(1363, 4048)
(1363, 4049)
(1363, 4050)
(1363, 4051)
(1363, 4052)
(1363, 4053)
(1363, 4054)
(1363, 4055)
(1363, 4056)
(1363, 4057)
(1363, 4058)
(1363, 4059)
(1363, 4060)
(1364, 4061)
(1364, 4062)
(1364, 4063)
(1364, 4064)
(1364, 4065)
(1363, 4066)
(1364, 4067)
(1364, 4068)
(1364, 4069)
(1364, 4070)
(1364, 4071)
(1364, 4072)
(1364, 4073)
(1364, 4074)
(1365, 4075)
(1365, 4076)
(1365, 4077)
(1364, 4078)
(1364, 4079)
(1364, 4080)
(1364, 4081)
(1364, 4082)
(1364, 4083)
(1363, 4084)
(1363, 4085)
(1363, 4086)
(1363, 4087)
(1362, 4088)
(1362, 4089)
(1362, 4090)
(1362, 4091)
(1362, 4092)
(1362, 4093)
(1362, 4094)
(1361, 4095)
(1361, 4096)
(1361, 4097)
(1361, 4098)
(1361, 4099)
(1361, 4100)
(1361, 4101)
(1361, 4102)
(1361, 4103)
(1361, 4104)
(1361, 4105)
(1361, 4106)
(1361, 4107)
(1361, 4108)
(1361, 4109)
(1361, 4110)
(1361, 4111)
(1361, 4112)
(1361, 4113)
(1361, 4114)
(1361, 4115)
(1362, 4116)
(1362, 4117)
(1362, 4118)
(1362, 4119)
(1362, 4120)
(1362, 4121)
(1363, 4122)
(1363, 4123)
(1363, 4124)
(1363, 4125)
(1363, 4126)
(1363, 4127)
(1363, 4128)
(1363, 4129)
(1364, 4130)
(1364, 4131)
(1364, 4132)
(1364, 4133)
(1364, 4134)
(1364, 4135)
(1364, 4136)
(1364, 4137)
(1364, 4138)
(1364, 4139)
(1364, 4140)
(1364, 4141)
(1364, 4142)
(1364, 4143)
(1364, 4144)
(1363, 4145)
(1363, 4146)
(1363, 4147)
(1363, 4148)
(1363, 4149)
(1363, 4150)
(1363, 4151)
(1363, 4152)
(1363, 4153)
(1363, 4154)
(1364, 4155)
(1364, 4156)
(1364, 4157)
(1364, 4158)
(1364, 4159)
(1364, 4160)
(1364, 4161)
(1364, 4162)
(1364, 4163)
(1364, 4164)
(1364, 4165)
(1364, 4166)
(1364, 4167)
(1364, 4168)
(1364, 4169)
(1364, 4170)
(1364, 4171)
(1364, 4172)
(1364, 4173)
(1364, 4174)
(1364, 4175)
(1364, 4176)
(1364, 4177)
(1364, 4178)
(1364, 4179)
(1363, 4180)
(1363, 4181)
(1363, 4182)
(1363, 4183)
(1363, 4184)
(1362, 4185)
(1362, 4186)
(1363, 4187)
(1363, 4188)
(1363, 4189)
(1363, 4190)
(1363, 4191)
(1363, 4192)
(1363, 4193)
(1363, 4194)
(1363, 4195)
(1363, 4196)
(1363, 4197)
(1363, 4198)
(1363, 4199)
(1363, 4200)
(1364, 4201)
(1364, 4202)
(1364, 4203)
(1364, 4204)
(1364, 4205)
(1364, 4206)
(1364, 4207)
(1364, 4208)
(1364, 4209)
(1365, 4210)
(1365, 4211)
(1365, 4212)
(1365, 4213)
(1365, 4214)
(1366, 4215)
(1366, 4216)
(1366, 4217)
(1366, 4218)
(1366, 4219)
(1366, 4220)
(1366, 4221)
(1366, 4222)
(1366, 4223)
(1366, 4224)
(1366, 4225)
(1366, 4226)
(1366, 4227)
(1366, 4228)
(1367, 4229)
(1367, 4230)
(1367, 4231)
(1367, 4232)
(1367, 4233)
(1367, 4234)
(1366, 4235)
(1366, 4236)
(1366, 4237)
(1366, 4238)
(1366, 4239)
(1367, 4240)
(1367, 4241)
(1367, 4242)
(1367, 4243)
(1367, 4244)
(1367, 4245)
(1367, 4246)
(1367, 4247)
(1367, 4248)
(1367, 4249)
(1367, 4250)
(1367, 4251)
(1367, 4252)
(1367, 4253)
(1367, 4254)
(1367, 4255)
(1367, 4256)
(1367, 4257)
(1367, 4258)
(1367, 4259)
(1368, 4260)
(1368, 4261)
(1368, 4262)
(1368, 4263)
(1369, 4264)
(1369, 4265)
(1369, 4266)
(1369, 4267)
(1370, 4268)
(1370, 4269)
(1370, 4270)
(1370, 4271)
(1370, 4272)
(1370, 4273)
(1370, 4274)
(1370, 4275)
(1370, 4276)
(1370, 4277)
(1370, 4278)
(1370, 4279)
(1371, 4280)
(1371, 4281)
(1371, 4282)
(1371, 4283)
(1372, 4284)
(1372, 4285)
(1372, 4286)
(1372, 4287)
(1373, 4288)
(1373, 4289)
(1373, 4290)
(1373, 4291)
(1373, 4292)
(1374, 4293)
(1374, 4294)
(1374, 4295)
(1374, 4296)
(1374, 4297)
(1374, 4298)
(1374, 4299)
(1374, 4300)
(1374, 4301)
(1374, 4302)
(1374, 4303)
(1374, 4304)
(1374, 4305)
(1374, 4306)
(1374, 4307)
(1374, 4308)
(1374, 4309)
(1374, 4310)
(1375, 4311)
(1375, 4312)
(1375, 4313)
(1375, 4314)
(1375, 4315)
(1375, 4316)
(1375, 4317)
(1375, 4318)
(1375, 4319)
(1375, 4320)
(1374, 4321)
(1374, 4322)
(1374, 4323)
(1374, 4324)
(1374, 4325)
(1374, 4326)
(1374, 4327)
(1374, 4328)
(1374, 4329)
(1374, 4330)
(1374, 4331)
(1374, 4332)
(1374, 4333)
(1374, 4334)
(1374, 4335)
(1374, 4336)
(1374, 4337)
(1374, 4338)
(1374, 4339)
(1374, 4340)
(1374, 4341)
(1374, 4342)
(1374, 4343)
(1374, 4344)
(1374, 4345)
(1374, 4346)
(1374, 4347)
(1374, 4348)
(1374, 4349)
(1374, 4350)
(1374, 4351)
(1374, 4352)
(1374, 4353)
(1374, 4354)
(1374, 4355)
(1374, 4356)
(1374, 4357)
(1374, 4358)
(1374, 4359)
(1374, 4360)
(1374, 4361)
(1374, 4362)
(1374, 4363)
(1374, 4364)
(1374, 4365)
(1374, 4366)
(1374, 4367)
(1374, 4368)
(1374, 4369)
(1374, 4370)
(1374, 4371)
(1374, 4372)
(1374, 4373)
(1377, 4374)
(1377, 4375)
(1377, 4376)
(1377, 4377)
(1377, 4378)
(1377, 4379)
(1377, 4380)
(1377, 4381)
(1377, 4382)
(1377, 4383)
(1377, 4384)
(1377, 4385)
(1377, 4386)
(1377, 4387)
(1377, 4388)
(1377, 4389)
(1377, 4390)
(1377, 4391)
(1377, 4392)
(1377, 4393)
(1377, 4394)
(1377, 4395)
(1377, 4396)
(1377, 4397)
(1374, 4398)
(1374, 4399)
(1374, 4400)
(1374, 4401)
(1373, 4402)
(1373, 4403)
(1373, 4404)
(1377, 4405)
(1377, 4406)
(1377, 4407)
(1377, 4408)
(1377, 4409)
(1377, 4410)
(1377, 4411)
(1377, 4412)
(1377, 4413)
(1374, 4414)
(1374, 4415)
(1374, 4416)
(1374, 4417)
(1375, 4418)
(1375, 4419)
(1375, 4420)
(1375, 4421)
(1375, 4422)
(1378, 4423)
(1378, 4424)
(1378, 4425)
(1378, 4426)
(1378, 4427)
(1376, 4428)
(1376, 4429)
(1376, 4430)
(1375, 4431)
(1376, 4432)
