Tam.: (1800, 4590)
(1506, 248)
(1506, 249)
(1506, 250)
(1506, 251)
(1506, 252)
(1505, 253)
(1505, 254)
(1505, 255)
(1504, 256)
(1504, 257)
(1504, 258)
(1504, 259)
(1503, 260)
(1503, 261)
(1503, 262)
(1503, 263)
(1503, 264)
(1503, 265)
(1502, 266)
(1502, 267)
(1502, 268)
(1502, 269)
(1502, 270)
(1502, 271)
(1501, 272)
(1501, 273)
(1501, 274)
(1501, 275)
(1500, 276)
(1500, 277)
(1500, 278)
(1500, 279)
(1499, 280)
(1499, 281)
(1499, 282)
(1498, 283)
(1498, 284)
(1498, 285)
(1497, 286)
(1497, 287)
(1497, 288)
(1496, 289)
(1496, 290)
(1496, 291)
(1495, 292)
(1495, 293)
(1495, 294)
(1494, 295)
(1494, 296)
(1493, 297)
(1493, 298)
(1493, 299)
(1493, 300)
(1493, 301)
(1493, 302)
(1492, 303)
(1492, 304)
(1491, 305)
(1491, 306)
(1491, 307)
(1490, 308)
(1490, 309)
(1490, 310)
(1489, 311)
(1489, 312)
(1489, 313)
(1489, 314)
(1489, 315)
(1489, 316)
(1489, 317)
(1489, 318)
(1489, 319)
(1489, 320)
(1489, 321)
(1488, 322)
(1488, 323)
(1488, 324)
(1488, 325)
(1488, 326)
(1487, 327)
(1487, 328)
(1487, 329)
(1486, 330)
(1486, 331)
(1485, 332)
(1485, 333)
(1485, 334)
(1485, 335)
(1485, 336)
(1484, 337)
(1484, 338)
(1484, 339)
(1484, 340)
(1484, 341)
(1484, 342)
(1484, 343)
(1483, 344)
(1483, 345)
(1483, 346)
(1483, 347)
(1482, 348)
(1482, 349)
(1481, 350)
(1481, 351)
(1480, 352)
(1480, 353)
(1479, 354)
(1479, 355)
(1478, 356)
(1477, 357)
(1477, 358)
(1476, 359)
(1476, 360)
(1475, 361)
(1475, 362)
(1475, 363)
(1475, 364)
(1475, 365)
(1475, 366)
(1475, 367)
(1475, 368)
(1475, 369)
(1475, 370)
(1475, 371)
(1475, 372)
(1476, 373)
(1477, 374)
(1477, 375)
(1478, 376)
(1478, 377)
(1479, 378)
(1479, 379)
(1480, 380)
(1480, 381)
(1480, 382)
(1481, 383)
(1481, 384)
(1481, 385)
(1481, 386)
(1481, 387)
(1481, 388)
(1481, 389)
(1481, 390)
(1481, 391)
(1481, 392)
(1481, 393)
(1481, 394)
(1481, 395)
(1480, 396)
(1480, 397)
(1480, 398)
(1480, 399)
(1480, 400)
(1479, 401)
(1479, 402)
(1479, 403)
(1477, 431)
(1477, 432)
(1477, 433)
(1477, 434)
(1477, 435)
(1477, 436)
(1477, 437)
(1477, 438)
(1477, 439)
(1477, 440)
(1477, 441)
(1477, 442)
(1476, 443)
(1476, 444)
(1476, 445)
(1476, 446)
(1475, 447)
(1475, 448)
(1475, 449)
(1475, 450)
(1475, 451)
(1475, 452)
(1475, 453)
(1475, 454)
(1475, 455)
(1475, 456)
(1475, 457)
(1475, 458)
(1475, 459)
(1475, 460)
(1475, 461)
(1475, 462)
(1475, 463)
(1475, 464)
(1475, 465)
(1475, 466)
(1475, 467)
(1475, 468)
(1475, 469)
(1475, 470)
(1474, 471)
(1474, 472)
(1474, 473)
(1473, 474)
(1473, 475)
(1473, 476)
(1473, 477)
(1473, 478)
(1473, 479)
(1473, 480)
(1473, 481)
(1473, 482)
(1472, 483)
(1472, 484)
(1472, 485)
(1472, 486)
(1472, 487)
(1472, 488)
(1472, 489)
(1472, 490)
(1472, 491)
(1472, 492)
(1472, 493)
(1471, 494)
(1471, 495)
(1471, 496)
(1470, 497)
(1470, 498)
(1470, 499)
(1470, 500)
(1469, 501)
(1469, 502)
(1469, 503)
(1469, 504)
(1469, 505)
(1469, 506)
(1469, 507)
(1468, 508)
(1469, 509)
(1469, 510)
(1469, 511)
(1469, 512)
(1469, 513)
(1469, 514)
(1469, 515)
(1469, 516)
(1469, 517)
(1469, 518)
(1469, 519)
(1469, 520)
(1469, 521)
(1469, 522)
(1468, 523)
(1468, 524)
(1468, 525)
(1468, 526)
(1468, 527)
(1468, 528)
(1468, 529)
(1468, 530)
(1468, 531)
(1468, 532)
(1468, 533)
(1468, 534)
(1468, 535)
(1468, 536)
(1468, 537)
(1468, 538)
(1468, 539)
(1468, 540)
(1468, 541)
(1468, 542)
(1468, 543)
(1468, 544)
(1468, 545)
(1468, 546)
(1468, 547)
(1469, 548)
(1469, 549)
(1470, 550)
(1470, 551)
(1470, 552)
(1471, 553)
(1471, 554)
(1471, 555)
(1471, 556)
(1471, 557)
(1471, 558)
(1471, 559)
(1471, 560)
(1471, 561)
(1471, 562)
(1471, 563)
(1471, 564)
(1471, 565)
(1471, 566)
(1471, 567)
(1470, 568)
(1470, 569)
(1470, 570)
(1470, 571)
(1470, 572)
(1469, 573)
(1469, 574)
(1469, 575)
(1469, 576)
(1468, 577)
(1468, 578)
(1468, 579)
(1468, 580)
(1468, 581)
(1463, 611)
(1463, 612)
(1463, 613)
(1463, 614)
(1463, 615)
(1463, 616)
(1463, 617)
(1463, 618)
(1463, 619)
(1464, 620)
(1464, 621)
(1464, 622)
(1464, 623)
(1464, 624)
(1464, 625)
(1464, 626)
(1465, 627)
(1465, 628)
(1465, 629)
(1465, 630)
(1465, 631)
(1465, 632)
(1465, 633)
(1465, 634)
(1465, 635)
(1465, 636)
(1465, 637)
(1465, 638)
(1466, 639)
(1466, 640)
(1466, 641)
(1466, 642)
(1467, 643)
(1467, 644)
(1467, 645)
(1467, 646)
(1467, 647)
(1467, 648)
(1467, 649)
(1467, 650)
(1467, 651)
(1467, 652)
(1467, 653)
(1467, 654)
(1467, 655)
(1466, 656)
(1466, 657)
(1466, 658)
(1466, 659)
(1465, 660)
(1465, 661)
(1465, 662)
(1464, 663)
(1464, 664)
(1464, 665)
(1464, 666)
(1464, 667)
(1464, 668)
(1464, 669)
(1463, 670)
(1463, 671)
(1463, 672)
(1463, 673)
(1462, 674)
(1462, 675)
(1462, 676)
(1462, 677)
(1461, 678)
(1461, 679)
(1461, 680)
(1460, 681)
(1460, 682)
(1459, 683)
(1459, 684)
(1458, 685)
(1458, 686)
(1458, 687)
(1457, 688)
(1457, 689)
(1456, 690)
(1456, 691)
(1455, 692)
(1455, 693)
(1454, 694)
(1454, 695)
(1453, 696)
(1453, 697)
(1453, 698)
(1452, 699)
(1452, 700)
(1452, 701)
(1451, 702)
(1451, 703)
(1451, 704)
(1451, 705)
(1450, 706)
(1450, 707)
(1450, 708)
(1449, 709)
(1449, 710)
(1449, 711)
(1449, 712)
(1449, 713)
(1449, 714)
(1449, 715)
(1448, 716)
(1448, 717)
(1448, 718)
(1448, 719)
(1448, 720)
(1448, 721)
(1448, 722)
(1448, 723)
(1448, 724)
(1448, 725)
(1448, 726)
(1448, 727)
(1447, 728)
(1447, 729)
(1448, 730)
(1448, 731)
(1448, 732)
(1448, 733)
(1448, 734)
(1448, 735)
(1448, 736)
(1448, 737)
(1449, 738)
(1449, 739)
(1449, 740)
(1449, 741)
(1449, 742)
(1449, 743)
(1450, 744)
(1450, 745)
(1450, 746)
(1450, 747)
(1450, 748)
(1450, 749)
(1450, 750)
(1451, 751)
(1451, 752)
(1451, 753)
(1451, 754)
(1451, 755)
(1451, 756)
(1451, 757)
(1456, 787)
(1457, 788)
(1457, 789)
(1457, 790)
(1456, 791)
(1456, 792)
(1456, 793)
(1456, 794)
(1456, 795)
(1456, 796)
(1456, 797)
(1456, 798)
(1456, 799)
(1456, 800)
(1456, 801)
(1456, 802)
(1456, 803)
(1456, 804)
(1456, 805)
(1456, 806)
(1456, 807)
(1456, 808)
(1456, 809)
(1456, 810)
(1456, 811)
(1456, 812)
(1456, 813)
(1456, 814)
(1456, 815)
(1456, 816)
(1456, 817)
(1456, 818)
(1456, 819)
(1456, 820)
(1456, 821)
(1456, 822)
(1456, 823)
(1456, 824)
(1456, 825)
(1456, 826)
(1456, 827)
(1457, 828)
(1457, 829)
(1457, 830)
(1457, 831)
(1457, 832)
(1457, 833)
(1457, 834)
(1457, 835)
(1456, 836)
(1456, 837)
(1456, 838)
(1456, 839)
(1456, 840)
(1456, 841)
(1457, 842)
(1457, 843)
(1457, 844)
(1457, 845)
(1457, 846)
(1458, 847)
(1458, 848)
(1458, 849)
(1459, 850)
(1459, 851)
(1459, 852)
(1459, 853)
(1460, 854)
(1460, 855)
(1460, 856)
(1460, 857)
(1461, 858)
(1461, 859)
(1461, 860)
(1461, 861)
(1460, 862)
(1464, 864)
(1463, 865)
(1463, 866)
(1463, 867)
(1463, 868)
(1464, 869)
(1464, 870)
(1464, 871)
(1464, 872)
(1465, 873)
(1465, 874)
(1465, 875)
(1465, 876)
(1466, 877)
(1466, 878)
(1466, 879)
(1466, 880)
(1466, 881)
(1466, 882)
(1466, 883)
(1466, 884)
(1466, 885)
(1466, 886)
(1466, 887)
(1467, 888)
(1467, 889)
(1467, 890)
(1467, 891)
(1467, 892)
(1467, 893)
(1467, 894)
(1467, 895)
(1467, 896)
(1467, 897)
(1467, 898)
(1467, 899)
(1466, 900)
(1466, 901)
(1466, 902)
(1466, 903)
(1466, 904)
(1466, 905)
(1466, 906)
(1466, 907)
(1466, 908)
(1466, 909)
(1465, 910)
(1465, 911)
(1465, 912)
(1465, 913)
(1465, 914)
(1465, 915)
(1465, 916)
(1465, 917)
(1465, 918)
(1465, 919)
(1465, 920)
(1465, 921)
(1465, 922)
(1464, 923)
(1464, 924)
(1464, 925)
(1463, 926)
(1463, 927)
(1462, 928)
(1462, 929)
(1462, 930)
(1461, 931)
(1461, 932)
(1461, 933)
(1461, 939)
(1461, 940)
(1461, 941)
(1461, 942)
(1461, 943)
(1462, 944)
(1461, 945)
(1467, 954)
(1465, 955)
(1465, 956)
(1466, 957)
(1466, 958)
(1466, 959)
(1466, 960)
(1466, 961)
(1467, 962)
(1467, 963)
(1468, 964)
(1469, 965)
(1469, 966)
(1470, 967)
(1470, 968)
(1471, 969)
(1471, 970)
(1472, 971)
(1472, 972)
(1472, 973)
(1473, 974)
(1473, 975)
(1473, 976)
(1473, 977)
(1474, 978)
(1474, 979)
(1474, 980)
(1474, 981)
(1475, 982)
(1475, 983)
(1475, 984)
(1475, 985)
(1475, 986)
(1475, 987)
(1475, 988)
(1475, 989)
(1476, 990)
(1476, 991)
(1476, 992)
(1476, 993)
(1477, 994)
(1477, 995)
(1477, 996)
(1477, 997)
(1477, 998)
(1477, 999)
(1477, 1000)
(1477, 1001)
(1478, 1002)
(1478, 1003)
(1478, 1004)
(1479, 1005)
(1479, 1006)
(1479, 1007)
(1479, 1008)
(1480, 1009)
(1480, 1010)
(1480, 1011)
(1480, 1012)
(1480, 1013)
(1481, 1014)
(1481, 1015)
(1481, 1016)
(1481, 1017)
(1481, 1018)
(1481, 1019)
(1482, 1020)
(1482, 1021)
(1482, 1022)
(1482, 1023)
(1482, 1024)
(1482, 1025)
(1482, 1026)
(1482, 1027)
(1482, 1028)
(1482, 1029)
(1483, 1030)
(1483, 1031)
(1483, 1032)
(1483, 1033)
(1483, 1034)
(1483, 1035)
(1484, 1036)
(1484, 1037)
(1483, 1038)
(1483, 1039)
(1483, 1040)
(1483, 1041)
(1483, 1042)
(1482, 1043)
(1482, 1044)
(1483, 1045)
(1483, 1046)
(1483, 1047)
(1483, 1048)
(1483, 1049)
(1484, 1050)
(1484, 1051)
(1484, 1052)
(1484, 1053)
(1484, 1054)
(1484, 1055)
(1484, 1056)
(1485, 1057)
(1485, 1058)
(1485, 1059)
(1485, 1060)
(1485, 1061)
(1485, 1062)
(1485, 1063)
(1485, 1064)
(1486, 1065)
(1486, 1066)
(1486, 1067)
(1486, 1068)
(1487, 1069)
(1487, 1070)
(1487, 1071)
(1487, 1072)
(1488, 1073)
(1488, 1074)
(1488, 1075)
(1488, 1076)
(1488, 1077)
(1488, 1078)
(1488, 1079)
(1488, 1080)
(1489, 1081)
(1489, 1082)
(1489, 1083)
(1489, 1084)
(1489, 1085)
(1490, 1086)
(1490, 1087)
(1490, 1088)
(1490, 1089)
(1490, 1090)
(1491, 1091)
(1491, 1092)
(1491, 1093)
(1491, 1094)
(1491, 1095)
(1492, 1096)
(1492, 1097)
(1492, 1098)
(1492, 1099)
(1493, 1100)
(1493, 1101)
(1493, 1102)
(1493, 1103)
(1493, 1104)
(1493, 1105)
(1493, 1106)
(1493, 1107)
(1494, 1114)
(1494, 1115)
(1494, 1116)
(1494, 1117)
(1494, 1118)
(1494, 1119)
(1494, 1120)
(1495, 1121)
(1495, 1122)
(1495, 1123)
(1495, 1124)
(1495, 1125)
(1495, 1126)
(1496, 1127)
(1496, 1128)
(1496, 1129)
(1496, 1130)
(1497, 1131)
(1497, 1132)
(1497, 1133)
(1497, 1134)
(1497, 1135)
(1497, 1136)
(1498, 1137)
(1498, 1138)
(1498, 1139)
(1498, 1140)
(1498, 1141)
(1499, 1142)
(1499, 1143)
(1499, 1144)
(1499, 1145)
(1499, 1146)
(1499, 1147)
(1499, 1148)
(1499, 1149)
(1500, 1150)
(1500, 1151)
(1500, 1152)
(1500, 1153)
(1500, 1154)
(1501, 1155)
(1501, 1156)
(1501, 1157)
(1501, 1158)
(1501, 1159)
(1501, 1160)
(1501, 1161)
(1501, 1162)
(1501, 1163)
(1502, 1164)
(1502, 1165)
(1502, 1166)
(1502, 1167)
(1502, 1168)
(1503, 1169)
(1503, 1170)
(1503, 1171)
(1503, 1172)
(1504, 1173)
(1504, 1174)
(1504, 1175)
(1504, 1176)
(1505, 1177)
(1505, 1178)
(1505, 1179)
(1505, 1180)
(1506, 1181)
(1506, 1182)
(1506, 1183)
(1507, 1184)
(1507, 1185)
(1507, 1186)
(1507, 1187)
(1507, 1188)
(1507, 1189)
(1508, 1190)
(1508, 1191)
(1508, 1192)
(1508, 1193)
(1508, 1194)
(1509, 1195)
(1509, 1196)
(1509, 1197)
(1509, 1198)
(1509, 1199)
(1509, 1200)
(1509, 1201)
(1509, 1202)
(1509, 1203)
(1510, 1204)
(1510, 1205)
(1509, 1206)
(1509, 1207)
(1509, 1208)
(1509, 1209)
(1509, 1210)
(1509, 1211)
(1509, 1212)
(1509, 1213)
(1509, 1214)
(1509, 1215)
(1509, 1216)
(1510, 1217)
(1510, 1218)
(1510, 1219)
(1510, 1220)
(1510, 1221)
(1510, 1222)
(1510, 1223)
(1511, 1224)
(1511, 1225)
(1511, 1226)
(1511, 1227)
(1512, 1228)
(1512, 1229)
(1512, 1230)
(1512, 1231)
(1512, 1232)
(1512, 1233)
(1512, 1234)
(1513, 1235)
(1513, 1236)
(1513, 1237)
(1513, 1238)
(1513, 1239)
(1514, 1240)
(1514, 1241)
(1514, 1242)
(1514, 1243)
(1514, 1244)
(1514, 1245)
(1514, 1246)
(1514, 1247)
(1514, 1248)
(1514, 1249)
(1514, 1250)
(1514, 1251)
(1514, 1252)
(1514, 1253)
(1514, 1254)
(1514, 1255)
(1514, 1256)
(1514, 1257)
(1515, 1258)
(1515, 1259)
(1515, 1260)
(1515, 1261)
(1515, 1262)
(1515, 1263)
(1515, 1264)
(1515, 1265)
(1515, 1266)
(1515, 1267)
(1515, 1268)
(1515, 1269)
(1515, 1270)
(1515, 1271)
(1515, 1272)
(1515, 1273)
(1515, 1274)
(1515, 1275)
(1515, 1276)
(1515, 1277)
(1515, 1278)
(1515, 1279)
(1516, 1280)
(1516, 1281)
(1516, 1282)
(1516, 1283)
(1516, 1284)
(1516, 1289)
(1516, 1290)
(1516, 1291)
(1515, 1292)
(1515, 1293)
(1515, 1294)
(1515, 1295)
(1515, 1296)
(1515, 1297)
(1514, 1298)
(1514, 1299)
(1514, 1300)
(1514, 1301)
(1513, 1302)
(1513, 1303)
(1513, 1304)
(1513, 1305)
(1512, 1306)
(1512, 1307)
(1512, 1308)
(1511, 1309)
(1511, 1310)
(1511, 1311)
(1510, 1312)
(1510, 1313)
(1512, 1314)
(1507, 1317)
(1508, 1318)
(1508, 1319)
(1507, 1320)
(1507, 1321)
(1507, 1322)
(1507, 1323)
(1507, 1324)
(1507, 1325)
(1506, 1326)
(1506, 1327)
(1506, 1328)
(1506, 1329)
(1506, 1330)
(1506, 1331)
(1505, 1332)
(1505, 1333)
(1505, 1334)
(1505, 1335)
(1504, 1336)
(1504, 1337)
(1504, 1338)
(1504, 1339)
(1504, 1340)
(1504, 1341)
(1504, 1342)
(1504, 1343)
(1504, 1344)
(1504, 1345)
(1504, 1346)
(1504, 1347)
(1504, 1348)
(1504, 1349)
(1504, 1350)
(1504, 1351)
(1504, 1352)
(1504, 1353)
(1504, 1354)
(1504, 1355)
(1504, 1356)
(1504, 1357)
(1504, 1358)
(1504, 1359)
(1504, 1360)
(1504, 1361)
(1504, 1362)
(1504, 1363)
(1504, 1364)
(1504, 1365)
(1504, 1366)
(1504, 1367)
(1504, 1368)
(1504, 1369)
(1504, 1370)
(1504, 1371)
(1504, 1372)
(1504, 1373)
(1505, 1374)
(1505, 1375)
(1505, 1376)
(1505, 1377)
(1505, 1378)
(1505, 1379)
(1505, 1380)
(1505, 1381)
(1505, 1382)
(1505, 1383)
(1505, 1384)
(1505, 1385)
(1505, 1386)
(1506, 1387)
(1506, 1388)
(1506, 1389)
(1506, 1390)
(1506, 1391)
(1506, 1392)
(1506, 1393)
(1506, 1394)
(1506, 1395)
(1506, 1396)
(1506, 1397)
(1505, 1398)
(1505, 1399)
(1505, 1400)
(1505, 1401)
(1505, 1402)
(1505, 1403)
(1505, 1404)
(1505, 1405)
(1505, 1406)
(1505, 1407)
(1505, 1408)
(1505, 1409)
(1505, 1410)
(1505, 1411)
(1505, 1412)
(1505, 1413)
(1505, 1414)
(1505, 1415)
(1505, 1416)
(1505, 1417)
(1505, 1418)
(1505, 1419)
(1505, 1420)
(1505, 1421)
(1505, 1422)
(1505, 1423)
(1505, 1424)
(1505, 1425)
(1506, 1426)
(1506, 1427)
(1506, 1428)
(1506, 1429)
(1506, 1430)
(1506, 1431)
(1506, 1432)
(1506, 1433)
(1506, 1434)
(1506, 1435)
(1506, 1436)
(1506, 1437)
(1506, 1438)
(1506, 1439)
(1506, 1440)
(1506, 1441)
(1506, 1442)
(1507, 1443)
(1507, 1444)
(1507, 1445)
(1507, 1446)
(1507, 1447)
(1507, 1448)
(1507, 1449)
(1507, 1450)
(1507, 1451)
(1507, 1452)
(1507, 1453)
(1507, 1454)
(1507, 1455)
(1507, 1456)
(1507, 1457)
(1507, 1458)
(1507, 1459)
(1508, 1460)
(1507, 1461)
(1508, 1466)
(1509, 1467)
(1508, 1468)
(1508, 1469)
(1508, 1470)
(1509, 1471)
(1509, 1472)
(1509, 1473)
(1509, 1474)
(1509, 1475)
(1509, 1476)
(1509, 1477)
(1509, 1478)
(1509, 1479)
(1509, 1480)
(1509, 1481)
(1509, 1482)
(1509, 1483)
(1509, 1484)
(1509, 1485)
(1509, 1486)
(1509, 1487)
(1510, 1488)
(1510, 1489)
(1510, 1490)
(1510, 1491)
(1510, 1492)
(1510, 1493)
(1510, 1494)
(1511, 1495)
(1511, 1496)
(1511, 1497)
(1511, 1498)
(1511, 1499)
(1511, 1500)
(1511, 1501)
(1511, 1502)
(1511, 1503)
(1511, 1504)
(1511, 1505)
(1512, 1506)
(1512, 1507)
(1512, 1508)
(1512, 1509)
(1512, 1510)
(1512, 1511)
(1512, 1512)
(1512, 1513)
(1512, 1514)
(1512, 1515)
(1512, 1516)
(1512, 1517)
(1512, 1518)
(1512, 1519)
(1513, 1520)
(1513, 1521)
(1513, 1522)
(1513, 1523)
(1513, 1524)
(1513, 1525)
(1513, 1526)
(1513, 1527)
(1514, 1528)
(1514, 1529)
(1514, 1530)
(1514, 1531)
(1514, 1532)
(1513, 1533)
(1513, 1534)
(1513, 1535)
(1513, 1536)
(1513, 1537)
(1514, 1538)
(1514, 1539)
(1514, 1540)
(1514, 1541)
(1514, 1542)
(1514, 1543)
(1514, 1544)
(1514, 1545)
(1514, 1546)
(1514, 1547)
(1515, 1548)
(1515, 1549)
(1515, 1550)
(1515, 1551)
(1515, 1552)
(1515, 1553)
(1516, 1554)
(1516, 1555)
(1516, 1556)
(1516, 1557)
(1516, 1558)
(1517, 1559)
(1517, 1560)
(1517, 1561)
(1517, 1562)
(1517, 1563)
(1517, 1564)
(1517, 1565)
(1518, 1566)
(1518, 1567)
(1518, 1568)
(1518, 1569)
(1518, 1570)
(1518, 1571)
(1518, 1572)
(1518, 1573)
(1518, 1574)
(1518, 1575)
(1518, 1576)
(1518, 1577)
(1518, 1578)
(1518, 1579)
(1518, 1580)
(1518, 1581)
(1518, 1582)
(1519, 1583)
(1519, 1584)
(1519, 1585)
(1519, 1586)
(1519, 1587)
(1519, 1588)
(1519, 1589)
(1519, 1590)
(1519, 1591)
(1519, 1592)
(1519, 1593)
(1519, 1594)
(1519, 1595)
(1520, 1596)
(1520, 1597)
(1520, 1598)
(1520, 1599)
(1520, 1600)
(1520, 1601)
(1520, 1602)
(1520, 1603)
(1520, 1604)
(1520, 1605)
(1520, 1606)
(1520, 1607)
(1520, 1608)
(1520, 1609)
(1520, 1610)
(1520, 1611)
(1520, 1612)
(1520, 1613)
(1520, 1614)
(1520, 1615)
(1520, 1616)
(1520, 1617)
(1520, 1618)
(1520, 1619)
(1520, 1620)
(1520, 1621)
(1521, 1622)
(1521, 1623)
(1521, 1624)
(1521, 1625)
(1522, 1626)
(1522, 1627)
(1522, 1628)
(1522, 1629)
(1523, 1630)
(1523, 1631)
(1523, 1632)
(1523, 1633)
(1523, 1634)
(1523, 1635)
(1523, 1636)
(1523, 1637)
(1524, 1642)
(1524, 1643)
(1524, 1644)
(1524, 1645)
(1524, 1646)
(1524, 1647)
(1524, 1648)
(1524, 1649)
(1524, 1650)
(1524, 1651)
(1525, 1652)
(1525, 1653)
(1525, 1654)
(1525, 1655)
(1525, 1656)
(1525, 1657)
(1525, 1658)
(1525, 1659)
(1525, 1660)
(1525, 1661)
(1525, 1662)
(1525, 1663)
(1525, 1664)
(1525, 1665)
(1525, 1666)
(1525, 1667)
(1525, 1668)
(1525, 1669)
(1525, 1670)
(1525, 1671)
(1525, 1672)
(1525, 1673)
(1525, 1674)
(1525, 1675)
(1525, 1676)
(1525, 1677)
(1525, 1678)
(1525, 1679)
(1525, 1680)
(1524, 1681)
(1524, 1682)
(1524, 1683)
(1524, 1684)
(1524, 1685)
(1524, 1686)
(1524, 1687)
(1523, 1688)
(1523, 1689)
(1523, 1690)
(1523, 1691)
(1522, 1692)
(1522, 1693)
(1522, 1694)
(1522, 1695)
(1522, 1696)
(1522, 1697)
(1522, 1698)
(1522, 1699)
(1522, 1700)
(1523, 1701)
(1523, 1702)
(1523, 1703)
(1523, 1704)
(1523, 1705)
(1523, 1706)
(1523, 1707)
(1523, 1708)
(1523, 1709)
(1523, 1710)
(1523, 1711)
(1524, 1712)
(1524, 1713)
(1524, 1714)
(1524, 1715)
(1524, 1716)
(1524, 1717)
(1524, 1718)
(1524, 1719)
(1524, 1720)
(1524, 1721)
(1524, 1722)
(1524, 1723)
(1524, 1724)
(1524, 1725)
(1524, 1726)
(1524, 1727)
(1524, 1728)
(1524, 1729)
(1524, 1730)
(1524, 1731)
(1524, 1732)
(1525, 1733)
(1525, 1734)
(1525, 1735)
(1525, 1736)
(1525, 1737)
(1525, 1738)
(1525, 1739)
(1525, 1740)
(1525, 1741)
(1525, 1742)
(1525, 1743)
(1525, 1744)
(1525, 1745)
(1525, 1746)
(1525, 1747)
(1525, 1748)
(1526, 1749)
(1526, 1750)
(1526, 1751)
(1526, 1752)
(1526, 1753)
(1526, 1754)
(1526, 1755)
(1526, 1756)
(1526, 1757)
(1526, 1758)
(1527, 1759)
(1527, 1760)
(1527, 1761)
(1527, 1762)
(1527, 1763)
(1527, 1764)
(1527, 1765)
(1527, 1766)
(1527, 1767)
(1527, 1768)
(1527, 1769)
(1527, 1770)
(1527, 1771)
(1527, 1772)
(1527, 1773)
(1527, 1774)
(1527, 1775)
(1527, 1776)
(1527, 1777)
(1527, 1778)
(1526, 1779)
(1526, 1780)
(1526, 1781)
(1526, 1782)
(1526, 1783)
(1526, 1784)
(1526, 1785)
(1526, 1786)
(1526, 1787)
(1526, 1788)
(1526, 1789)
(1526, 1790)
(1526, 1791)
(1526, 1792)
(1526, 1793)
(1526, 1794)
(1526, 1795)
(1526, 1796)
(1526, 1797)
(1525, 1798)
(1525, 1799)
(1525, 1800)
(1525, 1801)
(1525, 1802)
(1525, 1803)
(1525, 1804)
(1525, 1805)
(1525, 1806)
(1525, 1807)
(1524, 1808)
(1524, 1809)
(1524, 1810)
(1524, 1811)
(1524, 1812)
(1524, 1813)
(1524, 1814)
(1523, 1818)
(1523, 1819)
(1523, 1820)
(1523, 1821)
(1523, 1822)
(1523, 1823)
(1523, 1824)
(1523, 1825)
(1523, 1826)
(1523, 1827)
(1523, 1828)
(1523, 1829)
(1522, 1830)
(1522, 1831)
(1522, 1832)
(1522, 1833)
(1522, 1834)
(1522, 1835)
(1522, 1836)
(1522, 1837)
(1522, 1838)
(1522, 1839)
(1522, 1840)
(1522, 1841)
(1522, 1842)
(1522, 1843)
(1522, 1844)
(1522, 1845)
(1522, 1846)
(1522, 1847)
(1523, 1848)
(1523, 1849)
(1523, 1850)
(1523, 1851)
(1523, 1852)
(1523, 1853)
(1523, 1854)
(1523, 1855)
(1523, 1856)
(1523, 1857)
(1523, 1858)
(1523, 1859)
(1523, 1860)
(1523, 1861)
(1523, 1862)
(1523, 1863)
(1522, 1864)
(1522, 1865)
(1522, 1866)
(1522, 1867)
(1522, 1868)
(1522, 1869)
(1522, 1870)
(1522, 1871)
(1522, 1872)
(1522, 1873)
(1522, 1874)
(1522, 1875)
(1522, 1876)
(1522, 1877)
(1522, 1878)
(1522, 1879)
(1522, 1880)
(1522, 1881)
(1522, 1882)
(1522, 1883)
(1522, 1884)
(1522, 1885)
(1522, 1886)
(1522, 1887)
(1522, 1888)
(1522, 1889)
(1522, 1890)
(1522, 1891)
(1522, 1892)
(1522, 1893)
(1522, 1894)
(1522, 1895)
(1522, 1896)
(1522, 1897)
(1522, 1898)
(1522, 1899)
(1522, 1900)
(1522, 1901)
(1522, 1902)
(1522, 1903)
(1522, 1904)
(1522, 1905)
(1522, 1906)
(1522, 1907)
(1522, 1908)
(1522, 1909)
(1522, 1910)
(1522, 1911)
(1522, 1912)
(1522, 1913)
(1523, 1914)
(1523, 1915)
(1523, 1916)
(1523, 1917)
(1523, 1918)
(1524, 1919)
(1524, 1920)
(1524, 1921)
(1524, 1922)
(1524, 1923)
(1524, 1924)
(1524, 1925)
(1524, 1926)
(1524, 1927)
(1524, 1928)
(1524, 1929)
(1524, 1930)
(1524, 1931)
(1525, 1932)
(1525, 1933)
(1525, 1934)
(1525, 1935)
(1525, 1936)
(1524, 1937)
(1524, 1938)
(1524, 1939)
(1524, 1940)
(1524, 1941)
(1524, 1942)
(1524, 1943)
(1524, 1944)
(1524, 1945)
(1524, 1946)
(1524, 1947)
(1524, 1948)
(1524, 1949)
(1524, 1950)
(1524, 1951)
(1524, 1952)
(1524, 1953)
(1524, 1954)
(1524, 1955)
(1524, 1956)
(1524, 1957)
(1524, 1958)
(1524, 1959)
(1524, 1960)
(1524, 1961)
(1524, 1962)
(1524, 1963)
(1524, 1964)
(1524, 1965)
(1524, 1966)
(1524, 1967)
(1524, 1968)
(1524, 1969)
(1525, 1970)
(1525, 1971)
(1525, 1972)
(1525, 1973)
(1525, 1974)
(1525, 1975)
(1525, 1976)
(1525, 1977)
(1525, 1978)
(1525, 1979)
(1525, 1980)
(1525, 1981)
(1525, 1982)
(1525, 1983)
(1525, 1984)
(1525, 1985)
(1524, 1986)
(1524, 1987)
(1524, 1988)
(1524, 1989)
(1524, 1990)
(1524, 1991)
(1523, 1995)
(1523, 1996)
(1523, 1997)
(1523, 1998)
(1523, 1999)
(1523, 2000)
(1523, 2001)
(1523, 2002)
(1522, 2003)
(1522, 2004)
(1522, 2005)
(1522, 2006)
(1522, 2007)
(1522, 2008)
(1522, 2009)
(1522, 2010)
(1522, 2011)
(1522, 2012)
(1522, 2013)
(1522, 2014)
(1522, 2015)
(1522, 2016)
(1522, 2017)
(1522, 2018)
(1522, 2019)
(1522, 2020)
(1522, 2021)
(1522, 2022)
(1522, 2023)
(1522, 2024)
(1522, 2025)
(1522, 2026)
(1522, 2027)
(1522, 2028)
(1522, 2029)
(1522, 2030)
(1522, 2031)
(1522, 2032)
(1522, 2033)
(1522, 2034)
(1522, 2035)
(1522, 2036)
(1522, 2037)
(1522, 2038)
(1522, 2039)
(1522, 2040)
(1522, 2041)
(1522, 2042)
(1522, 2043)
(1522, 2044)
(1522, 2045)
(1522, 2046)
(1522, 2047)
(1522, 2048)
(1522, 2049)
(1522, 2050)
(1522, 2051)
(1522, 2052)
(1522, 2053)
(1522, 2054)
(1522, 2055)
(1522, 2056)
(1522, 2057)
(1521, 2058)
(1521, 2059)
(1521, 2060)
(1521, 2061)
(1521, 2062)
(1521, 2063)
(1521, 2064)
(1521, 2065)
(1521, 2066)
(1521, 2067)
(1521, 2068)
(1520, 2069)
(1520, 2070)
(1520, 2071)
(1520, 2072)
(1520, 2073)
(1520, 2074)
(1520, 2075)
(1520, 2076)
(1520, 2077)
(1520, 2078)
(1520, 2079)
(1520, 2080)
(1520, 2081)
(1521, 2082)
(1521, 2083)
(1521, 2084)
(1521, 2085)
(1521, 2086)
(1521, 2087)
(1521, 2088)
(1521, 2089)
(1521, 2090)
(1521, 2091)
(1521, 2092)
(1521, 2093)
(1521, 2094)
(1521, 2095)
(1521, 2096)
(1521, 2097)
(1521, 2098)
(1521, 2099)
(1521, 2100)
(1521, 2101)
(1521, 2102)
(1521, 2103)
(1521, 2104)
(1521, 2105)
(1521, 2106)
(1521, 2107)
(1521, 2108)
(1521, 2109)
(1521, 2110)
(1521, 2111)
(1521, 2112)
(1522, 2113)
(1522, 2114)
(1522, 2115)
(1522, 2116)
(1522, 2117)
(1522, 2118)
(1522, 2119)
(1522, 2120)
(1522, 2121)
(1522, 2122)
(1522, 2123)
(1522, 2124)
(1522, 2125)
(1522, 2126)
(1522, 2127)
(1522, 2128)
(1522, 2129)
(1522, 2130)
(1522, 2131)
(1522, 2132)
(1522, 2133)
(1522, 2134)
(1522, 2135)
(1522, 2136)
(1522, 2137)
(1522, 2138)
(1522, 2139)
(1522, 2140)
(1522, 2141)
(1522, 2142)
(1522, 2143)
(1522, 2144)
(1522, 2145)
(1522, 2146)
(1522, 2147)
(1522, 2148)
(1522, 2149)
(1522, 2150)
(1522, 2151)
(1522, 2152)
(1522, 2153)
(1522, 2154)
(1522, 2155)
(1522, 2156)
(1522, 2157)
(1522, 2158)
(1522, 2159)
(1522, 2160)
(1522, 2161)
(1521, 2162)
(1521, 2163)
(1521, 2164)
(1521, 2165)
(1521, 2166)
(1521, 2167)
(1521, 2168)
(1521, 2172)
(1521, 2173)
(1521, 2174)
(1521, 2175)
(1521, 2176)
(1521, 2177)
(1521, 2178)
(1521, 2179)
(1521, 2180)
(1521, 2181)
(1521, 2182)
(1521, 2183)
(1521, 2184)
(1521, 2185)
(1521, 2186)
(1521, 2187)
(1521, 2188)
(1521, 2189)
(1521, 2190)
(1521, 2191)
(1521, 2192)
(1521, 2193)
(1521, 2194)
(1521, 2195)
(1520, 2196)
(1520, 2197)
(1520, 2198)
(1520, 2199)
(1520, 2200)
(1520, 2201)
(1520, 2202)
(1520, 2203)
(1520, 2204)
(1520, 2205)
(1521, 2206)
(1521, 2207)
(1521, 2208)
(1521, 2209)
(1521, 2210)
(1521, 2211)
(1521, 2212)
(1521, 2213)
(1521, 2214)
(1521, 2215)
(1521, 2216)
(1521, 2217)
(1521, 2218)
(1521, 2219)
(1521, 2220)
(1521, 2221)
(1521, 2222)
(1521, 2223)
(1521, 2224)
(1521, 2225)
(1521, 2226)
(1521, 2227)
(1521, 2228)
(1521, 2229)
(1521, 2230)
(1521, 2231)
(1521, 2232)
(1521, 2233)
(1520, 2234)
(1520, 2235)
(1520, 2236)
(1520, 2237)
(1520, 2238)
(1520, 2239)
(1520, 2240)
(1520, 2241)
(1520, 2242)
(1520, 2243)
(1520, 2244)
(1520, 2245)
(1520, 2246)
(1520, 2247)
(1520, 2248)
(1520, 2249)
(1520, 2250)
(1520, 2251)
(1520, 2252)
(1520, 2253)
(1520, 2254)
(1520, 2255)
(1520, 2256)
(1520, 2257)
(1520, 2258)
(1520, 2259)
(1520, 2260)
(1520, 2261)
(1520, 2262)
(1520, 2263)
(1520, 2264)
(1520, 2265)
(1520, 2266)
(1521, 2267)
(1521, 2268)
(1521, 2269)
(1521, 2270)
(1521, 2271)
(1521, 2272)
(1521, 2273)
(1521, 2274)
(1521, 2275)
(1521, 2276)
(1521, 2277)
(1521, 2278)
(1521, 2279)
(1521, 2280)
(1521, 2281)
(1521, 2282)
(1521, 2283)
(1521, 2284)
(1521, 2285)
(1521, 2286)
(1521, 2287)
(1521, 2288)
(1522, 2289)
(1522, 2290)
(1522, 2291)
(1522, 2292)
(1522, 2293)
(1522, 2294)
(1522, 2295)
(1522, 2296)
(1522, 2297)
(1522, 2298)
(1522, 2299)
(1522, 2300)
(1522, 2301)
(1522, 2302)
(1522, 2303)
(1523, 2304)
(1523, 2305)
(1523, 2306)
(1523, 2307)
(1523, 2308)
(1523, 2309)
(1523, 2310)
(1524, 2311)
(1524, 2312)
(1524, 2313)
(1524, 2314)
(1524, 2315)
(1524, 2316)
(1524, 2317)
(1524, 2318)
(1524, 2319)
(1524, 2320)
(1524, 2321)
(1524, 2322)
(1524, 2323)
(1524, 2324)
(1524, 2325)
(1524, 2326)
(1524, 2327)
(1524, 2328)
(1525, 2329)
(1525, 2330)
(1525, 2331)
(1525, 2332)
(1525, 2333)
(1526, 2334)
(1526, 2335)
(1526, 2336)
(1526, 2337)
(1525, 2338)
(1525, 2339)
(1525, 2340)
(1525, 2341)
(1525, 2342)
(1525, 2343)
(1525, 2344)
(1526, 2349)
(1526, 2350)
(1525, 2351)
(1525, 2352)
(1525, 2353)
(1525, 2354)
(1525, 2355)
(1525, 2356)
(1525, 2357)
(1525, 2358)
(1525, 2359)
(1525, 2360)
(1525, 2361)
(1525, 2362)
(1525, 2363)
(1525, 2364)
(1525, 2365)
(1525, 2366)
(1524, 2367)
(1524, 2368)
(1524, 2369)
(1524, 2370)
(1524, 2371)
(1524, 2372)
(1524, 2373)
(1524, 2374)
(1524, 2375)
(1524, 2376)
(1524, 2377)
(1524, 2378)
(1523, 2379)
(1523, 2380)
(1523, 2381)
(1523, 2382)
(1523, 2383)
(1524, 2384)
(1524, 2385)
(1524, 2386)
(1524, 2387)
(1524, 2388)
(1525, 2389)
(1525, 2390)
(1525, 2391)
(1525, 2392)
(1525, 2393)
(1525, 2394)
(1525, 2395)
(1525, 2396)
(1525, 2397)
(1525, 2398)
(1525, 2399)
(1525, 2400)
(1525, 2401)
(1526, 2402)
(1526, 2403)
(1526, 2404)
(1526, 2405)
(1526, 2406)
(1526, 2407)
(1526, 2408)
(1526, 2409)
(1527, 2410)
(1527, 2411)
(1527, 2412)
(1527, 2413)
(1527, 2414)
(1527, 2415)
(1527, 2416)
(1527, 2417)
(1527, 2418)
(1527, 2419)
(1527, 2420)
(1527, 2421)
(1527, 2422)
(1527, 2423)
(1527, 2424)
(1527, 2425)
(1527, 2426)
(1527, 2427)
(1527, 2428)
(1526, 2429)
(1526, 2430)
(1526, 2431)
(1526, 2432)
(1526, 2433)
(1526, 2434)
(1526, 2435)
(1526, 2436)
(1526, 2437)
(1526, 2438)
(1526, 2439)
(1526, 2440)
(1526, 2441)
(1526, 2442)
(1526, 2443)
(1526, 2444)
(1526, 2445)
(1526, 2446)
(1526, 2447)
(1526, 2448)
(1526, 2449)
(1526, 2450)
(1526, 2451)
(1526, 2452)
(1526, 2453)
(1526, 2454)
(1526, 2455)
(1526, 2456)
(1526, 2457)
(1526, 2458)
(1526, 2459)
(1526, 2460)
(1526, 2461)
(1526, 2462)
(1526, 2463)
(1526, 2464)
(1526, 2465)
(1526, 2466)
(1526, 2467)
(1526, 2468)
(1526, 2469)
(1526, 2470)
(1526, 2471)
(1526, 2472)
(1526, 2473)
(1526, 2474)
(1526, 2475)
(1526, 2476)
(1525, 2477)
(1525, 2478)
(1525, 2479)
(1525, 2480)
(1525, 2481)
(1525, 2482)
(1525, 2483)
(1524, 2484)
(1524, 2485)
(1524, 2486)
(1524, 2487)
(1524, 2488)
(1523, 2489)
(1523, 2490)
(1523, 2491)
(1523, 2492)
(1522, 2493)
(1522, 2494)
(1522, 2495)
(1521, 2496)
(1521, 2497)
(1521, 2498)
(1521, 2499)
(1520, 2500)
(1520, 2501)
(1519, 2502)
(1519, 2503)
(1519, 2504)
(1518, 2505)
(1518, 2506)
(1518, 2507)
(1517, 2508)
(1517, 2509)
(1517, 2510)
(1517, 2511)
(1516, 2512)
(1516, 2513)
(1515, 2514)
(1515, 2515)
(1515, 2516)
(1515, 2517)
(1514, 2518)
(1514, 2519)
(1514, 2520)
(1513, 2521)
(1513, 2522)
(1511, 2523)
(1512, 2524)
(1512, 2525)
(1512, 2526)
(1512, 2527)
(1511, 2528)
(1511, 2529)
(1511, 2530)
(1511, 2531)
(1511, 2532)
(1511, 2533)
(1511, 2534)
(1511, 2535)
(1511, 2536)
(1511, 2537)
(1511, 2538)
(1511, 2539)
(1511, 2540)
(1511, 2541)
(1511, 2542)
(1511, 2543)
(1511, 2544)
(1511, 2545)
(1511, 2546)
(1511, 2547)
(1511, 2548)
(1511, 2549)
(1511, 2550)
(1511, 2551)
(1511, 2552)
(1512, 2553)
(1512, 2554)
(1512, 2555)
(1512, 2556)
(1512, 2557)
(1513, 2558)
(1513, 2559)
(1513, 2560)
(1513, 2561)
(1513, 2562)
(1513, 2563)
(1513, 2564)
(1513, 2565)
(1513, 2566)
(1514, 2567)
(1514, 2568)
(1514, 2569)
(1514, 2570)
(1514, 2571)
(1514, 2572)
(1515, 2573)
(1515, 2574)
(1515, 2575)
(1515, 2576)
(1515, 2577)
(1515, 2578)
(1515, 2579)
(1515, 2580)
(1516, 2581)
(1516, 2582)
(1516, 2583)
(1516, 2584)
(1516, 2585)
(1516, 2586)
(1516, 2587)
(1516, 2588)
(1517, 2589)
(1517, 2590)
(1517, 2591)
(1517, 2592)
(1518, 2593)
(1518, 2594)
(1518, 2595)
(1518, 2596)
(1518, 2597)
(1518, 2598)
(1519, 2599)
(1519, 2600)
(1519, 2601)
(1519, 2602)
(1519, 2603)
(1520, 2604)
(1520, 2605)
(1520, 2606)
(1520, 2607)
(1521, 2608)
(1521, 2609)
(1521, 2610)
(1521, 2611)
(1522, 2612)
(1522, 2613)
(1522, 2614)
(1522, 2615)
(1523, 2616)
(1523, 2617)
(1523, 2618)
(1523, 2619)
(1524, 2620)
(1524, 2621)
(1524, 2622)
(1524, 2623)
(1524, 2624)
(1525, 2625)
(1525, 2626)
(1525, 2627)
(1525, 2628)
(1526, 2629)
(1526, 2630)
(1526, 2631)
(1526, 2632)
(1527, 2633)
(1527, 2634)
(1527, 2635)
(1527, 2636)
(1527, 2637)
(1527, 2638)
(1527, 2639)
(1528, 2640)
(1528, 2641)
(1528, 2642)
(1528, 2643)
(1528, 2644)
(1528, 2645)
(1528, 2646)
(1528, 2647)
(1528, 2648)
(1528, 2649)
(1528, 2650)
(1528, 2651)
(1528, 2652)
(1528, 2653)
(1529, 2654)
(1529, 2655)
(1529, 2656)
(1529, 2657)
(1529, 2658)
(1529, 2659)
(1529, 2660)
(1529, 2661)
(1529, 2662)
(1529, 2663)
(1529, 2664)
(1529, 2665)
(1529, 2666)
(1529, 2667)
(1529, 2668)
(1529, 2669)
(1529, 2670)
(1529, 2671)
(1529, 2672)
(1529, 2673)
(1530, 2674)
(1530, 2675)
(1530, 2676)
(1530, 2677)
(1530, 2678)
(1530, 2679)
(1530, 2680)
(1530, 2681)
(1530, 2682)
(1530, 2683)
(1530, 2684)
(1530, 2685)
(1530, 2686)
(1530, 2687)
(1530, 2688)
(1530, 2689)
(1530, 2690)
(1530, 2691)
(1531, 2692)
(1531, 2693)
(1530, 2694)
(1530, 2695)
(1530, 2696)
(1530, 2697)
(1530, 2698)
(1530, 2699)
(1528, 2700)
(1531, 2701)
(1531, 2702)
(1531, 2703)
(1531, 2704)
(1531, 2705)
(1531, 2706)
(1531, 2707)
(1531, 2708)
(1531, 2709)
(1531, 2710)
(1531, 2711)
(1531, 2712)
(1530, 2713)
(1530, 2714)
(1530, 2715)
(1530, 2716)
(1530, 2717)
(1530, 2718)
(1530, 2719)
(1530, 2720)
(1530, 2721)
(1530, 2722)
(1530, 2723)
(1530, 2724)
(1530, 2725)
(1530, 2726)
(1530, 2727)
(1530, 2728)
(1529, 2729)
(1529, 2730)
(1529, 2731)
(1529, 2732)
(1530, 2733)
(1530, 2734)
(1530, 2735)
(1530, 2736)
(1530, 2737)
(1529, 2738)
(1529, 2739)
(1530, 2740)
(1530, 2741)
(1530, 2742)
(1530, 2743)
(1530, 2744)
(1530, 2745)
(1530, 2746)
(1530, 2747)
(1530, 2748)
(1530, 2749)
(1530, 2750)
(1530, 2751)
(1530, 2752)
(1530, 2753)
(1530, 2754)
(1530, 2755)
(1530, 2756)
(1530, 2757)
(1529, 2758)
(1529, 2759)
(1529, 2760)
(1529, 2761)
(1529, 2762)
(1529, 2763)
(1529, 2764)
(1529, 2765)
(1529, 2766)
(1529, 2767)
(1529, 2768)
(1529, 2769)
(1529, 2770)
(1529, 2771)
(1529, 2772)
(1529, 2773)
(1529, 2774)
(1529, 2775)
(1529, 2776)
(1529, 2777)
(1529, 2778)
(1529, 2779)
(1529, 2780)
(1529, 2781)
(1529, 2782)
(1529, 2783)
(1529, 2784)
(1530, 2785)
(1530, 2786)
(1530, 2787)
(1530, 2788)
(1530, 2789)
(1530, 2790)
(1530, 2791)
(1530, 2792)
(1530, 2793)
(1530, 2794)
(1530, 2795)
(1530, 2796)
(1530, 2797)
(1530, 2798)
(1531, 2799)
(1531, 2800)
(1531, 2801)
(1531, 2802)
(1531, 2803)
(1531, 2804)
(1531, 2805)
(1531, 2806)
(1531, 2807)
(1531, 2808)
(1531, 2809)
(1531, 2810)
(1532, 2811)
(1532, 2812)
(1532, 2813)
(1532, 2814)
(1532, 2815)
(1532, 2816)
(1533, 2817)
(1533, 2818)
(1533, 2819)
(1533, 2820)
(1533, 2821)
(1533, 2822)
(1533, 2823)
(1533, 2824)
(1533, 2825)
(1533, 2826)
(1533, 2827)
(1533, 2828)
(1533, 2829)
(1533, 2830)
(1533, 2831)
(1533, 2832)
(1533, 2833)
(1533, 2834)
(1534, 2835)
(1534, 2836)
(1534, 2837)
(1534, 2838)
(1533, 2839)
(1533, 2840)
(1534, 2841)
(1534, 2842)
(1534, 2843)
(1534, 2844)
(1534, 2845)
(1534, 2846)
(1534, 2847)
(1534, 2848)
(1534, 2849)
(1534, 2850)
(1535, 2851)
(1535, 2852)
(1535, 2853)
(1535, 2854)
(1535, 2855)
(1535, 2856)
(1535, 2857)
(1535, 2858)
(1535, 2859)
(1534, 2860)
(1534, 2861)
(1534, 2862)
(1534, 2863)
(1534, 2864)
(1534, 2865)
(1534, 2866)
(1534, 2867)
(1534, 2868)
(1534, 2869)
(1534, 2870)
(1534, 2871)
(1534, 2872)
(1534, 2873)
(1533, 2874)
(1533, 2875)
(1534, 2876)
(1534, 2877)
(1533, 2878)
(1534, 2879)
(1534, 2880)
(1534, 2881)
(1533, 2882)
(1533, 2883)
(1533, 2884)
(1533, 2885)
(1533, 2886)
(1533, 2887)
(1533, 2888)
(1533, 2889)
(1533, 2890)
(1533, 2891)
(1533, 2892)
(1533, 2893)
(1533, 2894)
(1533, 2895)
(1533, 2896)
(1533, 2897)
(1533, 2898)
(1533, 2899)
(1533, 2900)
(1533, 2901)
(1533, 2902)
(1533, 2903)
(1534, 2904)
(1534, 2905)
(1534, 2906)
(1534, 2907)
(1534, 2908)
(1535, 2909)
(1535, 2910)
(1535, 2911)
(1535, 2912)
(1535, 2913)
(1535, 2914)
(1535, 2915)
(1535, 2916)
(1535, 2917)
(1535, 2918)
(1535, 2919)
(1535, 2920)
(1536, 2921)
(1536, 2922)
(1536, 2923)
(1536, 2924)
(1536, 2925)
(1536, 2926)
(1536, 2927)
(1536, 2928)
(1536, 2929)
(1536, 2930)
(1536, 2931)
(1536, 2932)
(1536, 2933)
(1536, 2934)
(1536, 2935)
(1536, 2936)
(1536, 2937)
(1536, 2938)
(1535, 2939)
(1535, 2940)
(1535, 2941)
(1535, 2942)
(1534, 2943)
(1534, 2944)
(1534, 2945)
(1534, 2946)
(1533, 2947)
(1533, 2948)
(1533, 2949)
(1533, 2950)
(1533, 2951)
(1532, 2952)
(1532, 2953)
(1532, 2954)
(1531, 2955)
(1531, 2956)
(1531, 2957)
(1531, 2958)
(1531, 2959)
(1531, 2960)
(1531, 2961)
(1531, 2962)
(1530, 2963)
(1530, 2964)
(1530, 2965)
(1530, 2966)
(1530, 2967)
(1530, 2968)
(1530, 2969)
(1530, 2970)
(1530, 2971)
(1530, 2972)
(1530, 2973)
(1530, 2974)
(1530, 2975)
(1530, 2976)
(1530, 2977)
(1530, 2978)
(1530, 2979)
(1530, 2980)
(1530, 2981)
(1530, 2982)
(1530, 2983)
(1530, 2984)
(1530, 2985)
(1529, 2986)
(1529, 2987)
(1529, 2988)
(1529, 2989)
(1529, 2990)
(1529, 2991)
(1529, 2992)
(1529, 2993)
(1529, 2994)
(1529, 2995)
(1529, 2996)
(1529, 2997)
(1529, 2998)
(1529, 2999)
(1529, 3000)
(1529, 3001)
(1529, 3002)
(1529, 3003)
(1529, 3004)
(1529, 3005)
(1529, 3006)
(1529, 3007)
(1529, 3008)
(1529, 3009)
(1529, 3010)
(1529, 3011)
(1529, 3012)
(1529, 3013)
(1530, 3014)
(1530, 3015)
(1530, 3016)
(1530, 3017)
(1530, 3018)
(1530, 3019)
(1530, 3020)
(1530, 3021)
(1530, 3022)
(1530, 3023)
(1531, 3024)
(1531, 3025)
(1531, 3026)
(1531, 3027)
(1531, 3028)
(1531, 3029)
(1531, 3030)
(1531, 3031)
(1531, 3032)
(1531, 3033)
(1531, 3034)
(1531, 3035)
(1531, 3036)
(1531, 3037)
(1531, 3038)
(1531, 3039)
(1531, 3040)
(1531, 3041)
(1531, 3042)
(1531, 3043)
(1532, 3044)
(1532, 3045)
(1532, 3046)
(1531, 3047)
(1531, 3048)
(1531, 3049)
(1531, 3050)
(1529, 3052)
(1531, 3053)
(1531, 3054)
(1531, 3055)
(1531, 3056)
(1531, 3057)
(1531, 3058)
(1531, 3059)
(1531, 3060)
(1531, 3061)
(1531, 3062)
(1531, 3063)
(1531, 3064)
(1531, 3065)
(1531, 3066)
(1531, 3067)
(1531, 3068)
(1531, 3069)
(1531, 3070)
(1531, 3071)
(1531, 3072)
(1531, 3073)
(1531, 3074)
(1531, 3075)
(1531, 3076)
(1531, 3077)
(1531, 3078)
(1531, 3079)
(1531, 3080)
(1531, 3081)
(1531, 3082)
(1532, 3083)
(1532, 3084)
(1532, 3085)
(1532, 3086)
(1532, 3087)
(1532, 3088)
(1532, 3089)
(1532, 3090)
(1532, 3091)
(1532, 3092)
(1532, 3093)
(1532, 3094)
(1532, 3095)
(1532, 3096)
(1532, 3097)
(1532, 3098)
(1532, 3099)
(1532, 3100)
(1532, 3101)
(1532, 3102)
(1532, 3103)
(1532, 3104)
(1532, 3105)
(1532, 3106)
(1532, 3107)
(1532, 3108)
(1532, 3109)
(1532, 3110)
(1532, 3111)
(1532, 3112)
(1532, 3113)
(1532, 3114)
(1532, 3115)
(1532, 3116)
(1532, 3117)
(1532, 3118)
(1532, 3119)
(1532, 3120)
(1532, 3121)
(1532, 3122)
(1532, 3123)
(1532, 3124)
(1532, 3125)
(1532, 3126)
(1531, 3127)
(1531, 3128)
(1532, 3129)
(1532, 3130)
(1532, 3131)
(1532, 3132)
(1532, 3133)
(1532, 3134)
(1532, 3135)
(1532, 3136)
(1532, 3137)
(1532, 3138)
(1532, 3139)
(1532, 3140)
(1532, 3141)
(1532, 3142)
(1532, 3143)
(1532, 3144)
(1532, 3145)
(1532, 3146)
(1531, 3147)
(1531, 3148)
(1531, 3149)
(1531, 3150)
(1531, 3151)
(1531, 3152)
(1531, 3153)
(1531, 3154)
(1531, 3155)
(1531, 3156)
(1531, 3157)
(1531, 3158)
(1531, 3159)
(1531, 3160)
(1531, 3161)
(1531, 3162)
(1531, 3163)
(1530, 3164)
(1530, 3165)
(1530, 3166)
(1530, 3167)
(1530, 3168)
(1530, 3169)
(1530, 3170)
(1530, 3171)
(1530, 3172)
(1530, 3173)
(1530, 3174)
(1530, 3175)
(1530, 3176)
(1530, 3177)
(1530, 3178)
(1530, 3179)
(1530, 3180)
(1530, 3181)
(1530, 3182)
(1530, 3183)
(1530, 3184)
(1530, 3185)
(1530, 3186)
(1530, 3187)
(1530, 3188)
(1530, 3189)
(1530, 3190)
(1530, 3191)
(1529, 3192)
(1529, 3193)
(1529, 3194)
(1529, 3195)
(1529, 3196)
(1529, 3197)
(1529, 3198)
(1529, 3199)
(1529, 3200)
(1529, 3201)
(1529, 3202)
(1529, 3203)
(1529, 3204)
(1529, 3205)
(1529, 3206)
(1529, 3207)
(1529, 3208)
(1529, 3209)
(1529, 3210)
(1529, 3211)
(1529, 3212)
(1529, 3213)
(1529, 3214)
(1529, 3215)
(1529, 3216)
(1529, 3217)
(1529, 3218)
(1528, 3219)
(1528, 3220)
(1528, 3221)
(1528, 3222)
(1528, 3223)
(1528, 3224)
(1528, 3225)
(1528, 3226)
(1528, 3230)
(1528, 3231)
(1528, 3232)
(1528, 3233)
(1528, 3234)
(1528, 3235)
(1528, 3236)
(1528, 3237)
(1528, 3238)
(1528, 3239)
(1528, 3240)
(1528, 3241)
(1528, 3242)
(1528, 3243)
(1528, 3244)
(1528, 3245)
(1528, 3246)
(1528, 3247)
(1528, 3248)
(1528, 3249)
(1528, 3250)
(1528, 3251)
(1528, 3252)
(1528, 3253)
(1528, 3254)
(1528, 3255)
(1528, 3256)
(1528, 3257)
(1528, 3258)
(1528, 3259)
(1528, 3260)
(1529, 3261)
(1529, 3262)
(1529, 3263)
(1529, 3264)
(1529, 3265)
(1529, 3266)
(1529, 3267)
(1529, 3268)
(1529, 3269)
(1529, 3270)
(1529, 3271)
(1529, 3272)
(1529, 3273)
(1528, 3274)
(1528, 3275)
(1528, 3276)
(1528, 3277)
(1528, 3278)
(1528, 3279)
(1528, 3280)
(1528, 3281)
(1528, 3282)
(1528, 3283)
(1528, 3284)
(1528, 3285)
(1528, 3286)
(1528, 3287)
(1528, 3288)
(1527, 3289)
(1527, 3290)
(1527, 3291)
(1527, 3292)
(1527, 3293)
(1527, 3294)
(1527, 3295)
(1527, 3296)
(1527, 3297)
(1527, 3298)
(1527, 3299)
(1527, 3300)
(1527, 3301)
(1527, 3302)
(1527, 3303)
(1527, 3304)
(1528, 3305)
(1528, 3306)
(1528, 3307)
(1528, 3308)
(1528, 3309)
(1528, 3310)
(1528, 3311)
(1528, 3312)
(1528, 3313)
(1528, 3314)
(1528, 3315)
(1529, 3316)
(1529, 3317)
(1529, 3318)
(1529, 3319)
(1529, 3320)
(1529, 3321)
(1529, 3322)
(1529, 3323)
(1529, 3324)
(1529, 3325)
(1529, 3326)
(1529, 3327)
(1529, 3328)
(1529, 3329)
(1529, 3330)
(1529, 3331)
(1529, 3332)
(1529, 3333)
(1529, 3334)
(1529, 3335)
(1529, 3336)
(1529, 3337)
(1529, 3338)
(1529, 3339)
(1529, 3340)
(1529, 3341)
(1529, 3342)
(1529, 3343)
(1529, 3344)
(1529, 3345)
(1529, 3346)
(1529, 3347)
(1529, 3348)
(1529, 3349)
(1529, 3350)
(1529, 3351)
(1529, 3352)
(1529, 3353)
(1529, 3354)
(1529, 3355)
(1529, 3356)
(1529, 3357)
(1528, 3358)
(1528, 3359)
(1528, 3360)
(1528, 3361)
(1528, 3362)
(1528, 3363)
(1528, 3364)
(1528, 3365)
(1528, 3366)
(1528, 3367)
(1528, 3368)
(1529, 3369)
(1529, 3370)
(1529, 3371)
(1529, 3372)
(1529, 3373)
(1529, 3374)
(1529, 3375)
(1529, 3376)
(1529, 3377)
(1529, 3378)
(1529, 3379)
(1529, 3380)
(1529, 3381)
(1529, 3382)
(1529, 3383)
(1529, 3384)
(1529, 3385)
(1529, 3386)
(1529, 3387)
(1529, 3388)
(1529, 3389)
(1529, 3390)
(1529, 3391)
(1529, 3392)
(1529, 3393)
(1529, 3394)
(1529, 3395)
(1529, 3396)
(1529, 3397)
(1530, 3398)
(1530, 3399)
(1530, 3400)
(1530, 3401)
(1530, 3402)
(1530, 3403)
(1529, 3404)
(1530, 3409)
(1530, 3410)
(1530, 3411)
(1530, 3412)
(1530, 3413)
(1530, 3414)
(1530, 3415)
(1530, 3416)
(1530, 3417)
(1530, 3418)
(1530, 3419)
(1530, 3420)
(1531, 3421)
(1531, 3422)
(1531, 3423)
(1531, 3424)
(1531, 3425)
(1531, 3426)
(1531, 3427)
(1531, 3428)
(1531, 3429)
(1531, 3430)
(1531, 3431)
(1531, 3432)
(1531, 3433)
(1531, 3434)
(1530, 3435)
(1530, 3436)
(1530, 3437)
(1530, 3438)
(1530, 3439)
(1530, 3440)
(1530, 3441)
(1530, 3442)
(1530, 3443)
(1530, 3444)
(1530, 3445)
(1530, 3446)
(1530, 3447)
(1530, 3448)
(1530, 3449)
(1530, 3450)
(1529, 3451)
(1529, 3452)
(1529, 3453)
(1529, 3454)
(1529, 3455)
(1529, 3456)
(1529, 3457)
(1530, 3458)
(1530, 3459)
(1530, 3460)
(1530, 3461)
(1530, 3462)
(1530, 3463)
(1530, 3464)
(1530, 3465)
(1530, 3466)
(1530, 3467)
(1530, 3468)
(1530, 3469)
(1530, 3470)
(1530, 3471)
(1530, 3472)
(1530, 3473)
(1530, 3474)
(1530, 3475)
(1530, 3476)
(1530, 3477)
(1530, 3478)
(1530, 3479)
(1530, 3480)
(1530, 3481)
(1530, 3482)
(1530, 3483)
(1530, 3484)
(1530, 3485)
(1530, 3486)
(1530, 3487)
(1530, 3488)
(1530, 3489)
(1530, 3490)
(1530, 3491)
(1530, 3492)
(1530, 3493)
(1531, 3494)
(1531, 3495)
(1530, 3496)
(1530, 3497)
(1530, 3498)
(1530, 3499)
(1530, 3500)
(1530, 3501)
(1530, 3502)
(1530, 3503)
(1530, 3504)
(1530, 3505)
(1530, 3506)
(1530, 3507)
(1530, 3508)
(1530, 3509)
(1530, 3510)
(1530, 3511)
(1530, 3512)
(1530, 3513)
(1530, 3514)
(1530, 3515)
(1530, 3516)
(1530, 3517)
(1530, 3518)
(1530, 3519)
(1530, 3520)
(1530, 3521)
(1530, 3522)
(1530, 3523)
(1530, 3524)
(1530, 3525)
(1530, 3526)
(1530, 3527)
(1530, 3528)
(1530, 3529)
(1530, 3530)
(1530, 3531)
(1530, 3532)
(1530, 3533)
(1530, 3534)
(1530, 3535)
(1530, 3536)
(1530, 3537)
(1530, 3538)
(1530, 3539)
(1530, 3540)
(1530, 3541)
(1530, 3542)
(1530, 3543)
(1530, 3544)
(1530, 3545)
(1530, 3546)
(1530, 3547)
(1530, 3548)
(1530, 3549)
(1530, 3550)
(1530, 3551)
(1530, 3552)
(1530, 3553)
(1530, 3554)
(1530, 3555)
(1530, 3556)
(1530, 3557)
(1530, 3558)
(1530, 3559)
(1530, 3560)
(1530, 3561)
(1530, 3562)
(1530, 3563)
(1530, 3564)
(1530, 3565)
(1530, 3566)
(1530, 3567)
(1530, 3568)
(1530, 3569)
(1530, 3570)
(1530, 3571)
(1530, 3572)
(1530, 3573)
(1530, 3574)
(1530, 3575)
(1530, 3576)
(1530, 3577)
(1530, 3578)
(1530, 3579)
(1529, 3580)
(1530, 3584)
(1530, 3585)
(1530, 3586)
(1530, 3587)
(1530, 3588)
(1530, 3589)
(1530, 3590)
(1530, 3591)
(1530, 3592)
(1530, 3593)
(1530, 3594)
(1530, 3595)
(1531, 3596)
(1531, 3597)
(1531, 3598)
(1531, 3599)
(1531, 3600)
(1531, 3601)
(1531, 3602)
(1531, 3603)
(1531, 3604)
(1531, 3605)
(1531, 3606)
(1531, 3607)
(1531, 3608)
(1531, 3609)
(1531, 3610)
(1531, 3611)
(1531, 3612)
(1531, 3613)
(1531, 3614)
(1531, 3615)
(1531, 3616)
(1531, 3617)
(1531, 3618)
(1531, 3619)
(1531, 3620)
(1531, 3621)
(1531, 3622)
(1531, 3623)
(1531, 3624)
(1531, 3625)
(1531, 3626)
(1531, 3627)
(1531, 3628)
(1531, 3629)
(1531, 3630)
(1531, 3631)
(1531, 3632)
(1531, 3633)
(1530, 3634)
(1530, 3635)
(1530, 3636)
(1530, 3637)
(1530, 3638)
(1530, 3639)
(1530, 3640)
(1530, 3641)
(1530, 3642)
(1530, 3643)
(1530, 3644)
(1530, 3645)
(1530, 3646)
(1530, 3647)
(1530, 3648)
(1530, 3649)
(1530, 3650)
(1529, 3651)
(1529, 3652)
(1529, 3653)
(1529, 3654)
(1529, 3655)
(1529, 3656)
(1529, 3657)
(1529, 3658)
(1529, 3659)
(1529, 3660)
(1530, 3661)
(1530, 3662)
(1530, 3663)
(1530, 3664)
(1530, 3665)
(1530, 3666)
(1530, 3667)
(1530, 3668)
(1530, 3669)
(1530, 3670)
(1530, 3671)
(1531, 3672)
(1531, 3673)
(1531, 3674)
(1531, 3675)
(1531, 3676)
(1531, 3677)
(1531, 3678)
(1531, 3679)
(1531, 3680)
(1531, 3681)
(1531, 3682)
(1531, 3683)
(1531, 3684)
(1532, 3685)
(1532, 3686)
(1532, 3687)
(1532, 3688)
(1532, 3689)
(1532, 3690)
(1532, 3691)
(1532, 3692)
(1532, 3693)
(1532, 3694)
(1532, 3695)
(1532, 3696)
(1532, 3697)
(1532, 3698)
(1532, 3699)
(1532, 3700)
(1532, 3701)
(1532, 3702)
(1532, 3703)
(1532, 3704)
(1532, 3705)
(1532, 3706)
(1532, 3707)
(1532, 3708)
(1532, 3709)
(1532, 3710)
(1532, 3711)
(1532, 3712)
(1532, 3713)
(1532, 3714)
(1532, 3715)
(1532, 3716)
(1532, 3717)
(1532, 3718)
(1532, 3719)
(1532, 3720)
(1533, 3721)
(1533, 3722)
(1533, 3723)
(1533, 3724)
(1533, 3725)
(1533, 3726)
(1533, 3727)
(1533, 3728)
(1533, 3729)
(1533, 3730)
(1533, 3731)
(1533, 3732)
(1533, 3733)
(1533, 3734)
(1533, 3735)
(1533, 3736)
(1533, 3737)
(1533, 3738)
(1533, 3739)
(1533, 3740)
(1533, 3741)
(1533, 3742)
(1533, 3743)
(1533, 3744)
(1533, 3745)
(1533, 3746)
(1533, 3747)
(1533, 3748)
(1532, 3749)
(1532, 3750)
(1532, 3751)
(1532, 3752)
(1532, 3753)
(1532, 3754)
(1530, 3757)
(1533, 3758)
(1532, 3759)
(1532, 3760)
(1532, 3761)
(1532, 3762)
(1532, 3763)
(1532, 3764)
(1532, 3765)
(1532, 3766)
(1532, 3767)
(1532, 3768)
(1532, 3769)
(1532, 3770)
(1531, 3771)
(1531, 3772)
(1531, 3773)
(1531, 3774)
(1531, 3775)
(1531, 3776)
(1531, 3777)
(1531, 3778)
(1531, 3779)
(1531, 3780)
(1531, 3781)
(1531, 3782)
(1531, 3783)
(1531, 3784)
(1531, 3785)
(1531, 3786)
(1531, 3787)
(1531, 3788)
(1531, 3789)
(1531, 3790)
(1531, 3791)
(1531, 3792)
(1531, 3793)
(1531, 3794)
(1531, 3795)
(1531, 3796)
(1531, 3797)
(1532, 3798)
(1532, 3799)
(1532, 3800)
(1532, 3801)
(1532, 3802)
(1532, 3803)
(1532, 3804)
(1532, 3805)
(1532, 3806)
(1532, 3807)
(1532, 3808)
(1532, 3809)
(1532, 3810)
(1532, 3811)
(1532, 3812)
(1532, 3813)
(1532, 3814)
(1532, 3815)
(1531, 3816)
(1531, 3817)
(1531, 3818)
(1531, 3819)
(1531, 3820)
(1531, 3821)
(1531, 3822)
(1531, 3823)
(1531, 3824)
(1531, 3825)
(1531, 3826)
(1531, 3827)
(1531, 3828)
(1531, 3829)
(1531, 3830)
(1531, 3831)
(1531, 3832)
(1531, 3833)
(1532, 3834)
(1532, 3835)
(1532, 3836)
(1532, 3837)
(1532, 3838)
(1532, 3839)
(1532, 3840)
(1532, 3841)
(1532, 3842)
(1532, 3843)
(1531, 3844)
(1531, 3845)
(1531, 3846)
(1531, 3847)
(1531, 3848)
(1531, 3849)
(1531, 3850)
(1531, 3851)
(1531, 3852)
(1531, 3853)
(1531, 3854)
(1531, 3855)
(1531, 3856)
(1531, 3857)
(1531, 3858)
(1531, 3859)
(1531, 3860)
(1531, 3861)
(1531, 3862)
(1531, 3863)
(1531, 3864)
(1531, 3865)
(1531, 3866)
(1531, 3867)
(1531, 3868)
(1531, 3869)
(1531, 3870)
(1531, 3871)
(1531, 3872)
(1531, 3873)
(1531, 3874)
(1531, 3875)
(1531, 3876)
(1531, 3877)
(1532, 3878)
(1532, 3879)
(1532, 3880)
(1532, 3881)
(1532, 3882)
(1532, 3883)
(1532, 3884)
(1532, 3885)
(1532, 3886)
(1532, 3887)
(1532, 3888)
(1532, 3889)
(1532, 3890)
(1532, 3891)
(1532, 3892)
(1533, 3893)
(1533, 3894)
(1533, 3895)
(1533, 3896)
(1533, 3897)
(1533, 3898)
(1533, 3899)
(1533, 3900)
(1533, 3901)
(1533, 3902)
(1533, 3903)
(1533, 3904)
(1533, 3905)
(1533, 3906)
(1533, 3907)
(1533, 3908)
(1533, 3909)
(1533, 3910)
(1533, 3911)
(1533, 3912)
(1533, 3913)
(1533, 3914)
(1534, 3915)
(1534, 3916)
(1534, 3917)
(1534, 3918)
(1534, 3919)
(1534, 3920)
(1534, 3921)
(1534, 3922)
(1535, 3923)
(1535, 3924)
(1535, 3925)
(1535, 3926)
(1535, 3927)
(1535, 3928)
(1535, 3929)
(1535, 3930)
(1534, 3931)
(1538, 3934)
(1537, 3935)
(1536, 3936)
(1537, 3937)
(1537, 3938)
(1537, 3939)
(1537, 3940)
(1537, 3941)
(1537, 3942)
(1537, 3943)
(1537, 3944)
(1537, 3945)
(1537, 3946)
(1537, 3947)
(1537, 3948)
(1537, 3949)
(1537, 3950)
(1537, 3951)
(1537, 3952)
(1537, 3953)
(1537, 3954)
(1537, 3955)
(1537, 3956)
(1537, 3957)
(1537, 3958)
(1537, 3959)
(1537, 3960)
(1537, 3961)
(1537, 3962)
(1537, 3963)
(1537, 3964)
(1537, 3965)
(1537, 3966)
(1537, 3967)
(1537, 3968)
(1537, 3969)
(1537, 3970)
(1537, 3971)
(1537, 3972)
(1537, 3973)
(1537, 3974)
(1537, 3975)
(1537, 3976)
(1537, 3977)
(1537, 3978)
(1538, 3979)
(1538, 3980)
(1538, 3981)
(1538, 3982)
(1538, 3983)
(1538, 3984)
(1538, 3985)
(1538, 3986)
(1538, 3987)
(1538, 3988)
(1538, 3989)
(1538, 3990)
(1538, 3991)
(1538, 3992)
(1538, 3993)
(1538, 3994)
(1538, 3995)
(1538, 3996)
(1538, 3997)
(1538, 3998)
(1538, 3999)
(1538, 4000)
(1538, 4001)
(1538, 4002)
(1538, 4003)
(1538, 4004)
(1538, 4005)
(1537, 4006)
(1537, 4007)
(1537, 4008)
(1537, 4009)
(1537, 4010)
(1537, 4011)
(1537, 4012)
(1537, 4013)
(1537, 4014)
(1537, 4015)
(1537, 4016)
(1537, 4017)
(1537, 4018)
(1537, 4019)
(1536, 4020)
(1536, 4021)
(1536, 4022)
(1536, 4023)
(1536, 4024)
(1536, 4025)
(1536, 4026)
(1536, 4027)
(1536, 4028)
(1535, 4029)
(1535, 4030)
(1535, 4031)
(1535, 4032)
(1535, 4033)
(1535, 4034)
(1535, 4035)
(1535, 4036)
(1535, 4037)
(1535, 4038)
(1535, 4039)
(1535, 4040)
(1535, 4041)
(1535, 4042)
(1535, 4043)
(1535, 4044)
(1535, 4045)
(1535, 4046)
(1535, 4047)
(1536, 4048)
(1536, 4049)
(1536, 4050)
(1536, 4051)
(1536, 4052)
(1537, 4053)
(1537, 4054)
(1537, 4055)
(1537, 4056)
(1537, 4057)
(1538, 4058)
(1538, 4059)
(1538, 4060)
(1538, 4061)
(1538, 4062)
(1539, 4063)
(1539, 4064)
(1539, 4065)
(1539, 4066)
(1539, 4067)
(1539, 4068)
(1540, 4069)
(1540, 4070)
(1540, 4071)
(1540, 4072)
(1540, 4073)
(1540, 4074)
(1540, 4075)
(1540, 4076)
(1540, 4077)
(1540, 4078)
(1540, 4079)
(1540, 4080)
(1540, 4081)
(1540, 4082)
(1540, 4083)
(1540, 4084)
(1540, 4085)
(1540, 4086)
(1540, 4087)
(1540, 4088)
(1540, 4089)
(1540, 4090)
(1540, 4091)
(1540, 4092)
(1540, 4093)
(1540, 4094)
(1540, 4095)
(1540, 4096)
(1540, 4097)
(1539, 4098)
(1539, 4099)
(1539, 4100)
(1539, 4101)
(1539, 4102)
(1538, 4103)
(1538, 4104)
(1538, 4105)
(1538, 4106)
(1537, 4107)
(1537, 4108)
(1535, 4109)
(1537, 4110)
(1536, 4111)
(1536, 4112)
(1536, 4113)
(1536, 4114)
(1536, 4115)
(1536, 4116)
(1535, 4117)
(1535, 4118)
(1535, 4119)
(1535, 4120)
(1536, 4121)
(1536, 4122)
(1536, 4123)
(1536, 4124)
(1536, 4125)
(1536, 4126)
(1537, 4127)
(1537, 4128)
(1537, 4129)
(1537, 4130)
(1537, 4131)
(1538, 4132)
(1538, 4133)
(1538, 4134)
(1538, 4135)
(1538, 4136)
(1538, 4137)
(1539, 4138)
(1539, 4139)
(1539, 4140)
(1539, 4141)
(1539, 4142)
(1539, 4143)
(1539, 4144)
(1540, 4145)
(1540, 4146)
(1540, 4147)
(1540, 4148)
(1540, 4149)
(1540, 4150)
(1540, 4151)
(1541, 4152)
(1540, 4153)
(1540, 4154)
(1540, 4155)
(1540, 4156)
(1540, 4157)
(1541, 4158)
(1541, 4159)
(1541, 4160)
(1541, 4161)
(1541, 4162)
(1541, 4163)
(1541, 4164)
(1541, 4165)
(1541, 4166)
(1541, 4167)
(1541, 4168)
(1541, 4169)
(1541, 4170)
(1541, 4171)
(1541, 4172)
(1541, 4173)
(1542, 4174)
(1542, 4175)
(1542, 4176)
(1542, 4177)
(1542, 4178)
(1542, 4179)
(1542, 4180)
(1543, 4181)
(1543, 4182)
(1543, 4183)
(1543, 4184)
(1544, 4185)
(1544, 4186)
(1544, 4187)
(1544, 4188)
(1544, 4189)
(1544, 4190)
(1544, 4191)
(1544, 4192)
(1545, 4193)
(1545, 4194)
(1545, 4195)
(1545, 4196)
(1545, 4197)
(1545, 4198)
(1545, 4199)
(1545, 4200)
(1545, 4201)
(1545, 4202)
(1545, 4203)
(1545, 4204)
(1545, 4205)
(1545, 4206)
(1545, 4207)
(1545, 4208)
(1545, 4209)
(1545, 4210)
(1545, 4211)
(1545, 4212)
(1545, 4213)
(1545, 4214)
(1545, 4215)
(1545, 4216)
(1545, 4217)
(1545, 4218)
(1545, 4219)
(1545, 4220)
(1545, 4221)
(1545, 4222)
(1545, 4223)
(1545, 4224)
(1545, 4225)
(1545, 4226)
(1545, 4227)
(1546, 4228)
(1546, 4229)
(1546, 4230)
(1546, 4231)
(1546, 4232)
(1547, 4233)
(1547, 4234)
(1547, 4235)
(1547, 4236)
(1547, 4237)
(1548, 4238)
(1548, 4239)
(1548, 4240)
(1548, 4241)
(1548, 4242)
(1548, 4243)
(1548, 4244)
(1548, 4245)
(1548, 4246)
(1547, 4247)
(1547, 4248)
(1547, 4249)
(1547, 4250)
(1548, 4251)
(1548, 4252)
(1548, 4253)
(1548, 4254)
(1548, 4255)
(1548, 4256)
(1548, 4257)
(1548, 4258)
(1548, 4259)
(1548, 4260)
(1548, 4261)
(1548, 4262)
(1548, 4263)
(1548, 4264)
(1548, 4265)
(1548, 4266)
(1548, 4267)
(1548, 4268)
(1548, 4269)
(1548, 4270)
(1548, 4271)
(1548, 4272)
(1548, 4273)
(1548, 4274)
(1548, 4275)
(1548, 4276)
(1547, 4277)
(1547, 4278)
(1547, 4279)
(1548, 4284)
(1548, 4285)
(1548, 4286)
(1548, 4287)
(1547, 4288)
(1547, 4289)
(1547, 4290)
(1547, 4291)
(1547, 4292)
(1547, 4293)
(1547, 4294)
(1547, 4295)
(1547, 4296)
(1547, 4297)
(1546, 4298)
(1546, 4299)
(1546, 4300)
(1546, 4301)
(1546, 4302)
(1546, 4303)
(1546, 4304)
(1545, 4305)
(1545, 4306)
(1545, 4307)
(1545, 4308)
(1544, 4309)
(1544, 4310)
(1544, 4311)
(1544, 4312)
(1544, 4313)
(1544, 4314)
(1544, 4315)
(1543, 4316)
(1543, 4317)
(1543, 4318)
(1542, 4319)
(1542, 4320)
(1541, 4321)
(1541, 4322)
(1541, 4323)
(1540, 4324)
(1540, 4325)
(1540, 4326)
(1540, 4327)
(1539, 4328)
(1539, 4329)
(1539, 4330)
(1539, 4331)
(1539, 4332)
(1539, 4333)
(1539, 4334)
(1539, 4335)
(1539, 4336)
(1539, 4337)
(1539, 4338)
(1539, 4339)
(1539, 4340)
(1539, 4341)
(1539, 4342)
(1539, 4343)
(1539, 4344)
(1539, 4345)
(1539, 4346)
(1539, 4347)
(1539, 4348)
(1539, 4349)
(1539, 4350)
(1539, 4351)
(1539, 4352)
(1539, 4353)
(1538, 4354)
(1538, 4355)
(1538, 4356)
(1537, 4357)
(1537, 4358)
(1537, 4359)
(1537, 4360)
(1538, 4361)
(1538, 4362)
(1538, 4363)
(1538, 4364)
(1539, 4365)
(1539, 4366)
(1539, 4367)
(1539, 4368)
(1539, 4369)
(1539, 4370)
(1539, 4371)
(1539, 4372)
(1539, 4373)
(1539, 4374)
(1539, 4375)
(1540, 4376)
(1540, 4377)
(1540, 4378)
(1540, 4379)
(1540, 4380)
(1540, 4381)
(1540, 4382)
(1540, 4383)
(1540, 4384)
(1540, 4385)
(1540, 4386)
(1540, 4387)
(1540, 4388)
(1540, 4389)
(1540, 4390)
(1540, 4391)
(1540, 4392)
(1540, 4393)
(1540, 4394)
(1540, 4395)
(1540, 4396)
(1540, 4397)
(1540, 4398)
(1540, 4399)
(1540, 4400)
(1540, 4401)
(1540, 4402)
(1540, 4403)
(1540, 4404)
(1539, 4405)
(1539, 4406)
(1539, 4407)
(1539, 4408)
(1539, 4409)
(1539, 4410)
(1539, 4411)
(1539, 4412)
(1538, 4413)
(1538, 4414)
(1538, 4415)
(1538, 4416)
(1538, 4417)
(1538, 4418)
(1538, 4419)
(1537, 4420)
(1537, 4421)
(1537, 4422)
(1537, 4423)
(1537, 4424)
(1537, 4425)
(1537, 4426)
(1537, 4427)
(1537, 4428)
(1537, 4429)
(1537, 4430)
(1537, 4431)
(1537, 4432)
(1537, 4433)
(1537, 4434)
(1537, 4435)
(1537, 4436)
(1537, 4437)
(1537, 4438)
(1537, 4439)
(1537, 4440)
(1537, 4441)
(1537, 4442)
(1537, 4443)
(1537, 4444)
(1536, 4445)
(1536, 4446)
(1536, 4447)
(1536, 4448)
(1536, 4449)
(1536, 4450)
(1536, 4451)
(1535, 4452)
(1535, 4453)
(1535, 4454)
(1535, 4455)
(1535, 4456)
(1534, 4457)
(1544, 4578)
(1543, 4579)
(1542, 4580)
(1550, 4581)
(1549, 4582)
(1548, 4583)
(1547, 4584)
(1546, 4585)
(1545, 4586)
(1545, 4587)
(1544, 4588)
(1544, 4589)
