Tam.: (1800, 4590)
(476, 205)
(476, 206)
(476, 207)
(476, 208)
(476, 209)
(476, 210)
(476, 211)
(476, 212)
(476, 213)
(476, 214)
(475, 215)
(475, 216)
(474, 217)
(474, 218)
(474, 219)
(474, 220)
(474, 221)
(474, 222)
(474, 223)
(473, 224)
(473, 225)
(473, 226)
(473, 227)
(473, 228)
(473, 229)
(474, 230)
(474, 231)
(474, 232)
(474, 233)
(474, 234)
(474, 235)
(474, 236)
(474, 237)
(474, 238)
(474, 239)
(474, 240)
(473, 241)
(473, 242)
(473, 243)
(472, 244)
(472, 245)
(472, 246)
(471, 247)
(471, 248)
(471, 249)
(470, 250)
(470, 251)
(470, 252)
(469, 253)
(469, 254)
(469, 255)
(468, 256)
(467, 257)
(467, 258)
(466, 259)
(466, 260)
(466, 261)
(465, 262)
(465, 263)
(465, 264)
(465, 265)
(465, 266)
(464, 267)
(464, 268)
(464, 269)
(464, 270)
(463, 271)
(463, 272)
(463, 273)
(462, 274)
(462, 275)
(462, 276)
(462, 277)
(462, 278)
(462, 279)
(462, 280)
(461, 281)
(461, 282)
(461, 283)
(461, 284)
(461, 285)
(461, 286)
(461, 287)
(461, 288)
(461, 289)
(461, 290)
(461, 291)
(461, 292)
(460, 293)
(460, 294)
(460, 295)
(459, 296)
(458, 297)
(457, 298)
(457, 299)
(456, 300)
(456, 301)
(455, 302)
(455, 303)
(455, 304)
(455, 305)
(454, 306)
(454, 307)
(454, 308)
(454, 309)
(454, 310)
(454, 311)
(453, 312)
(453, 313)
(452, 314)
(452, 315)
(451, 316)
(450, 317)
(448, 318)
(448, 319)
(447, 320)
(446, 321)
(445, 322)
(444, 323)
(443, 324)
(443, 325)
(442, 326)
(441, 327)
(441, 328)
(441, 329)
(440, 330)
(440, 331)
(440, 332)
(440, 333)
(440, 334)
(440, 335)
(440, 336)
(440, 337)
(440, 338)
(441, 339)
(441, 340)
(441, 341)
(442, 342)
(442, 343)
(443, 344)
(444, 345)
(445, 346)
(446, 347)
(447, 348)
(447, 349)
(448, 350)
(448, 351)
(448, 352)
(448, 353)
(448, 354)
(448, 355)
(447, 356)
(447, 357)
(447, 358)
(447, 359)
(446, 360)
(446, 361)
(446, 362)
(445, 363)
(445, 364)
(445, 365)
(445, 366)
(444, 367)
(444, 368)
(444, 369)
(444, 370)
(444, 371)
(443, 372)
(443, 373)
(442, 374)
(442, 375)
(441, 376)
(447, 379)
(445, 380)
(445, 381)
(445, 382)
(445, 383)
(445, 384)
(445, 385)
(445, 386)
(445, 387)
(445, 388)
(445, 389)
(444, 390)
(444, 391)
(444, 392)
(444, 393)
(444, 394)
(444, 395)
(444, 396)
(444, 397)
(443, 398)
(443, 399)
(443, 400)
(443, 401)
(443, 402)
(443, 403)
(443, 404)
(442, 405)
(442, 406)
(442, 407)
(442, 408)
(442, 409)
(441, 410)
(441, 411)
(441, 412)
(440, 413)
(440, 414)
(439, 415)
(439, 416)
(438, 417)
(438, 418)
(438, 419)
(438, 420)
(438, 421)
(438, 422)
(438, 423)
(438, 424)
(438, 425)
(438, 426)
(439, 427)
(439, 428)
(439, 429)
(439, 430)
(439, 431)
(439, 432)
(440, 433)
(440, 434)
(440, 435)
(439, 436)
(439, 437)
(439, 438)
(439, 439)
(438, 440)
(438, 441)
(437, 442)
(437, 443)
(436, 444)
(436, 445)
(435, 446)
(435, 447)
(435, 448)
(434, 449)
(434, 450)
(434, 451)
(434, 452)
(434, 453)
(434, 454)
(434, 455)
(434, 456)
(433, 457)
(433, 458)
(433, 459)
(433, 460)
(433, 461)
(433, 462)
(433, 463)
(433, 464)
(432, 465)
(432, 466)
(432, 467)
(432, 468)
(432, 469)
(431, 470)
(431, 471)
(431, 472)
(431, 473)
(432, 474)
(432, 475)
(432, 476)
(432, 477)
(432, 478)
(432, 479)
(433, 480)
(433, 481)
(433, 482)
(433, 483)
(433, 484)
(433, 485)
(433, 486)
(434, 487)
(434, 488)
(433, 489)
(433, 490)
(433, 491)
(433, 492)
(433, 493)
(432, 494)
(432, 495)
(432, 496)
(432, 497)
(432, 498)
(432, 499)
(432, 500)
(432, 501)
(432, 502)
(432, 503)
(432, 504)
(432, 505)
(433, 506)
(433, 507)
(433, 508)
(433, 509)
(433, 510)
(433, 511)
(433, 512)
(433, 513)
(433, 514)
(434, 515)
(434, 516)
(434, 517)
(435, 518)
(435, 519)
(436, 520)
(437, 521)
(438, 522)
(438, 523)
(439, 524)
(439, 525)
(438, 526)
(438, 527)
(438, 528)
(437, 529)
(437, 530)
(436, 531)
(436, 532)
(436, 533)
(435, 534)
(435, 535)
(434, 536)
(434, 537)
(434, 538)
(434, 539)
(434, 540)
(434, 541)
(434, 542)
(433, 543)
(433, 544)
(432, 545)
(432, 546)
(431, 547)
(431, 548)
(430, 549)
(430, 550)
(430, 551)
(430, 552)
(429, 556)
(428, 557)
(428, 558)
(428, 559)
(428, 560)
(427, 561)
(426, 562)
(426, 563)
(425, 564)
(425, 565)
(424, 566)
(424, 567)
(424, 568)
(425, 569)
(425, 570)
(425, 571)
(426, 572)
(426, 573)
(426, 574)
(426, 575)
(427, 576)
(427, 577)
(428, 578)
(428, 579)
(429, 580)
(429, 581)
(430, 582)
(430, 583)
(430, 584)
(430, 585)
(431, 586)
(431, 587)
(431, 588)
(431, 589)
(431, 590)
(430, 591)
(430, 592)
(430, 593)
(430, 594)
(430, 595)
(430, 596)
(430, 597)
(430, 598)
(430, 599)
(430, 600)
(430, 601)
(430, 602)
(430, 603)
(431, 604)
(431, 605)
(432, 606)
(433, 607)
(434, 608)
(434, 609)
(435, 610)
(435, 611)
(435, 612)
(435, 613)
(436, 614)
(436, 615)
(436, 616)
(436, 617)
(436, 618)
(435, 619)
(435, 620)
(434, 621)
(434, 622)
(434, 623)
(433, 624)
(433, 625)
(432, 626)
(432, 627)
(432, 628)
(432, 629)
(432, 630)
(431, 631)
(431, 632)
(431, 633)
(431, 634)
(431, 635)
(431, 636)
(431, 637)
(430, 638)
(430, 639)
(430, 640)
(430, 641)
(430, 642)
(430, 643)
(429, 644)
(429, 645)
(429, 646)
(428, 647)
(427, 648)
(427, 649)
(426, 650)
(425, 651)
(424, 652)
(424, 653)
(423, 654)
(422, 655)
(422, 656)
(421, 657)
(421, 658)
(420, 659)
(420, 660)
(419, 661)
(419, 662)
(418, 663)
(417, 664)
(417, 665)
(416, 666)
(416, 667)
(415, 668)
(415, 669)
(415, 670)
(414, 671)
(414, 672)
(414, 673)
(413, 674)
(413, 675)
(413, 676)
(412, 677)
(412, 678)
(412, 679)
(411, 680)
(411, 681)
(411, 682)
(411, 683)
(411, 684)
(410, 685)
(410, 686)
(409, 687)
(409, 688)
(409, 689)
(409, 690)
(408, 691)
(408, 692)
(408, 693)
(408, 694)
(408, 695)
(408, 696)
(408, 697)
(408, 698)
(408, 699)
(408, 700)
(409, 701)
(409, 702)
(409, 703)
(409, 704)
(409, 705)
(409, 706)
(409, 707)
(409, 708)
(409, 709)
(409, 710)
(409, 711)
(409, 712)
(409, 713)
(409, 714)
(409, 715)
(409, 716)
(409, 717)
(410, 718)
(410, 719)
(410, 720)
(410, 721)
(410, 722)
(411, 723)
(412, 724)
(412, 725)
(413, 726)
(412, 727)
(414, 732)
(414, 733)
(414, 734)
(414, 735)
(414, 736)
(414, 737)
(414, 738)
(414, 739)
(414, 740)
(414, 741)
(415, 742)
(415, 743)
(416, 744)
(416, 745)
(417, 746)
(417, 747)
(418, 748)
(418, 749)
(418, 750)
(418, 751)
(418, 752)
(418, 753)
(417, 754)
(417, 755)
(417, 756)
(417, 757)
(417, 758)
(416, 759)
(416, 760)
(416, 761)
(416, 762)
(416, 763)
(416, 764)
(416, 765)
(416, 766)
(416, 767)
(416, 768)
(416, 769)
(416, 770)
(416, 771)
(416, 772)
(416, 773)
(416, 774)
(416, 775)
(415, 776)
(415, 777)
(415, 778)
(415, 779)
(415, 780)
(414, 781)
(414, 782)
(414, 783)
(414, 784)
(414, 785)
(414, 786)
(414, 787)
(414, 788)
(414, 789)
(414, 790)
(415, 791)
(415, 792)
(415, 793)
(415, 794)
(415, 795)
(415, 796)
(415, 797)
(414, 798)
(414, 799)
(414, 800)
(413, 801)
(413, 802)
(412, 803)
(412, 804)
(412, 805)
(412, 806)
(412, 807)
(413, 808)
(413, 809)
(414, 810)
(414, 811)
(415, 812)
(416, 813)
(417, 814)
(417, 815)
(418, 816)
(418, 817)
(418, 818)
(419, 819)
(419, 820)
(419, 821)
(420, 822)
(420, 823)
(420, 824)
(421, 825)
(421, 826)
(422, 827)
(423, 828)
(424, 829)
(425, 830)
(426, 831)
(426, 832)
(427, 833)
(427, 834)
(428, 835)
(428, 836)
(429, 837)
(429, 838)
(430, 839)
(430, 840)
(430, 841)
(431, 842)
(431, 843)
(431, 844)
(431, 845)
(432, 846)
(432, 847)
(432, 848)
(433, 849)
(433, 850)
(434, 851)
(435, 852)
(435, 853)
(435, 854)
(436, 855)
(436, 856)
(435, 857)
(435, 858)
(435, 859)
(435, 860)
(436, 861)
(436, 862)
(437, 863)
(437, 864)
(437, 865)
(437, 866)
(437, 867)
(437, 868)
(436, 869)
(436, 870)
(436, 871)
(436, 872)
(436, 873)
(436, 874)
(436, 875)
(435, 876)
(435, 877)
(435, 878)
(435, 879)
(435, 880)
(435, 881)
(434, 882)
(434, 883)
(434, 884)
(433, 885)
(433, 886)
(432, 887)
(431, 888)
(431, 889)
(431, 890)
(430, 891)
(429, 892)
(428, 893)
(427, 894)
(427, 895)
(426, 896)
(426, 897)
(426, 898)
(425, 899)
(425, 900)
(425, 901)
(424, 902)
(423, 903)
(423, 904)
(426, 905)
(426, 906)
(426, 907)
(426, 908)
(426, 909)
(426, 910)
(427, 911)
(427, 912)
(427, 913)
(428, 914)
(428, 915)
(428, 916)
(429, 917)
(429, 918)
(429, 919)
(429, 920)
(429, 921)
(429, 922)
(429, 923)
(429, 924)
(428, 925)
(428, 926)
(429, 927)
(429, 928)
(429, 929)
(429, 930)
(430, 931)
(430, 932)
(430, 933)
(431, 934)
(431, 935)
(431, 936)
(431, 937)
(431, 938)
(431, 939)
(431, 940)
(432, 941)
(432, 942)
(432, 943)
(432, 944)
(432, 945)
(432, 946)
(432, 947)
(432, 948)
(431, 949)
(431, 950)
(431, 951)
(430, 952)
(430, 953)
(430, 954)
(430, 955)
(430, 956)
(430, 957)
(430, 958)
(430, 959)
(430, 960)
(430, 961)
(430, 962)
(430, 963)
(429, 964)
(429, 965)
(429, 966)
(429, 967)
(429, 968)
(430, 969)
(430, 970)
(430, 971)
(431, 972)
(431, 973)
(431, 974)
(431, 975)
(431, 976)
(431, 977)
(430, 978)
(430, 979)
(430, 980)
(430, 981)
(430, 982)
(430, 983)
(430, 984)
(430, 985)
(430, 986)
(430, 987)
(430, 988)
(430, 989)
(430, 990)
(430, 991)
(430, 992)
(430, 993)
(430, 994)
(430, 995)
(431, 996)
(431, 997)
(431, 998)
(432, 999)
(432, 1000)
(433, 1001)
(433, 1002)
(433, 1003)
(432, 1004)
(432, 1005)
(431, 1006)
(430, 1007)
(429, 1008)
(429, 1009)
(429, 1010)
(428, 1011)
(428, 1012)
(429, 1013)
(429, 1014)
(429, 1015)
(429, 1016)
(430, 1017)
(430, 1018)
(430, 1019)
(430, 1020)
(431, 1021)
(431, 1022)
(431, 1023)
(431, 1024)
(431, 1025)
(432, 1026)
(432, 1027)
(432, 1028)
(432, 1029)
(432, 1030)
(432, 1031)
(433, 1032)
(433, 1033)
(433, 1034)
(433, 1035)
(434, 1036)
(434, 1037)
(434, 1038)
(434, 1039)
(434, 1040)
(434, 1041)
(434, 1042)
(434, 1043)
(435, 1044)
(435, 1045)
(435, 1046)
(435, 1047)
(435, 1048)
(436, 1049)
(436, 1050)
(436, 1051)
(436, 1052)
(436, 1053)
(437, 1054)
(437, 1055)
(437, 1056)
(437, 1057)
(437, 1058)
(437, 1059)
(437, 1060)
(437, 1061)
(437, 1062)
(437, 1063)
(437, 1064)
(437, 1065)
(437, 1066)
(437, 1067)
(437, 1068)
(437, 1069)
(437, 1070)
(437, 1071)
(437, 1072)
(437, 1073)
(437, 1074)
(436, 1075)
(436, 1076)
(437, 1077)
(437, 1078)
(436, 1082)
(436, 1083)
(436, 1084)
(436, 1085)
(436, 1086)
(436, 1087)
(436, 1088)
(436, 1089)
(435, 1090)
(435, 1091)
(435, 1092)
(435, 1093)
(435, 1094)
(435, 1095)
(435, 1096)
(435, 1097)
(435, 1098)
(435, 1099)
(435, 1100)
(435, 1101)
(435, 1102)
(436, 1103)
(436, 1104)
(436, 1105)
(436, 1106)
(436, 1107)
(435, 1108)
(435, 1109)
(435, 1110)
(435, 1111)
(434, 1112)
(434, 1113)
(434, 1114)
(434, 1115)
(434, 1116)
(434, 1117)
(435, 1118)
(435, 1119)
(435, 1120)
(435, 1121)
(435, 1122)
(435, 1123)
(435, 1124)
(435, 1125)
(435, 1126)
(435, 1127)
(435, 1128)
(435, 1129)
(435, 1130)
(435, 1131)
(436, 1132)
(436, 1133)
(436, 1134)
(436, 1135)
(436, 1136)
(436, 1137)
(436, 1138)
(436, 1139)
(437, 1140)
(437, 1141)
(437, 1142)
(437, 1143)
(438, 1144)
(438, 1145)
(438, 1146)
(438, 1147)
(439, 1148)
(439, 1149)
(440, 1150)
(440, 1151)
(440, 1152)
(440, 1153)
(441, 1154)
(441, 1155)
(441, 1156)
(441, 1157)
(441, 1158)
(441, 1159)
(441, 1160)
(441, 1161)
(441, 1162)
(441, 1163)
(441, 1164)
(441, 1165)
(441, 1166)
(441, 1167)
(441, 1168)
(441, 1169)
(441, 1170)
(441, 1171)
(441, 1172)
(441, 1173)
(440, 1174)
(440, 1175)
(440, 1176)
(440, 1177)
(439, 1178)
(439, 1179)
(439, 1180)
(439, 1181)
(439, 1182)
(439, 1183)
(439, 1184)
(439, 1185)
(439, 1186)
(439, 1187)
(439, 1188)
(440, 1189)
(440, 1190)
(440, 1191)
(440, 1192)
(440, 1193)
(440, 1194)
(441, 1195)
(441, 1196)
(441, 1197)
(441, 1198)
(442, 1199)
(442, 1200)
(442, 1201)
(443, 1202)
(443, 1203)
(444, 1204)
(444, 1205)
(444, 1206)
(444, 1207)
(444, 1208)
(444, 1209)
(445, 1210)
(445, 1211)
(445, 1212)
(445, 1213)
(445, 1214)
(445, 1215)
(445, 1216)
(445, 1217)
(446, 1218)
(446, 1219)
(446, 1220)
(446, 1221)
(446, 1222)
(447, 1223)
(447, 1224)
(447, 1225)
(448, 1226)
(448, 1227)
(448, 1228)
(449, 1229)
(449, 1230)
(449, 1231)
(449, 1232)
(450, 1233)
(450, 1234)
(450, 1235)
(450, 1236)
(450, 1237)
(451, 1238)
(451, 1239)
(451, 1240)
(451, 1241)
(451, 1242)
(452, 1243)
(452, 1244)
(452, 1245)
(453, 1246)
(453, 1247)
(454, 1248)
(454, 1249)
(455, 1250)
(455, 1251)
(456, 1252)
(456, 1253)
(456, 1254)
(457, 1255)
(456, 1256)
(461, 1260)
(459, 1261)
(459, 1262)
(459, 1263)
(459, 1264)
(459, 1265)
(459, 1266)
(459, 1267)
(459, 1268)
(459, 1269)
(458, 1270)
(458, 1271)
(458, 1272)
(458, 1273)
(458, 1274)
(457, 1275)
(457, 1276)
(456, 1277)
(456, 1278)
(455, 1279)
(455, 1280)
(454, 1281)
(453, 1282)
(453, 1283)
(452, 1284)
(452, 1285)
(451, 1286)
(451, 1287)
(450, 1288)
(450, 1289)
(450, 1290)
(450, 1291)
(450, 1292)
(450, 1293)
(449, 1294)
(449, 1295)
(449, 1296)
(449, 1297)
(448, 1298)
(448, 1299)
(448, 1300)
(447, 1301)
(447, 1302)
(447, 1303)
(446, 1304)
(446, 1305)
(446, 1306)
(446, 1307)
(446, 1308)
(446, 1309)
(446, 1310)
(446, 1311)
(446, 1312)
(445, 1313)
(445, 1314)
(446, 1315)
(446, 1316)
(446, 1317)
(446, 1318)
(446, 1319)
(446, 1320)
(446, 1321)
(446, 1322)
(446, 1323)
(446, 1324)
(447, 1325)
(447, 1326)
(447, 1327)
(447, 1328)
(447, 1329)
(447, 1330)
(447, 1331)
(447, 1332)
(447, 1333)
(448, 1334)
(448, 1335)
(448, 1336)
(448, 1337)
(449, 1338)
(449, 1339)
(449, 1340)
(449, 1341)
(450, 1342)
(450, 1343)
(451, 1344)
(451, 1345)
(451, 1346)
(451, 1347)
(451, 1348)
(452, 1349)
(452, 1350)
(452, 1351)
(452, 1352)
(452, 1353)
(452, 1354)
(453, 1355)
(453, 1356)
(453, 1357)
(453, 1358)
(453, 1359)
(454, 1360)
(454, 1361)
(454, 1362)
(454, 1363)
(455, 1364)
(455, 1365)
(455, 1366)
(455, 1367)
(454, 1368)
(454, 1369)
(454, 1370)
(454, 1371)
(453, 1372)
(453, 1373)
(453, 1374)
(453, 1375)
(453, 1376)
(453, 1377)
(453, 1378)
(453, 1379)
(453, 1380)
(453, 1381)
(453, 1382)
(453, 1383)
(453, 1384)
(453, 1385)
(453, 1386)
(454, 1387)
(454, 1388)
(454, 1389)
(454, 1390)
(454, 1391)
(454, 1392)
(454, 1393)
(454, 1394)
(454, 1395)
(455, 1396)
(455, 1397)
(455, 1398)
(455, 1399)
(456, 1400)
(456, 1401)
(456, 1402)
(456, 1403)
(456, 1404)
(456, 1405)
(455, 1406)
(455, 1407)
(455, 1408)
(455, 1409)
(455, 1410)
(455, 1411)
(455, 1412)
(455, 1413)
(456, 1414)
(456, 1415)
(456, 1416)
(456, 1417)
(457, 1418)
(457, 1419)
(457, 1420)
(457, 1421)
(457, 1422)
(457, 1423)
(458, 1424)
(458, 1425)
(458, 1426)
(458, 1427)
(458, 1428)
(458, 1429)
(458, 1430)
(458, 1431)
(457, 1432)
(461, 1436)
(460, 1437)
(460, 1438)
(460, 1439)
(460, 1440)
(459, 1441)
(459, 1442)
(459, 1443)
(459, 1444)
(459, 1445)
(459, 1446)
(459, 1447)
(459, 1448)
(459, 1449)
(459, 1450)
(459, 1451)
(459, 1452)
(460, 1453)
(460, 1454)
(460, 1455)
(460, 1456)
(461, 1457)
(461, 1458)
(461, 1459)
(461, 1460)
(462, 1461)
(462, 1462)
(462, 1463)
(462, 1464)
(462, 1465)
(462, 1466)
(462, 1467)
(462, 1468)
(462, 1469)
(462, 1470)
(462, 1471)
(462, 1472)
(462, 1473)
(462, 1474)
(462, 1475)
(463, 1476)
(463, 1477)
(463, 1478)
(463, 1479)
(463, 1480)
(463, 1481)
(464, 1482)
(464, 1483)
(464, 1484)
(464, 1485)
(465, 1486)
(465, 1487)
(466, 1488)
(466, 1489)
(466, 1490)
(466, 1491)
(466, 1492)
(467, 1493)
(466, 1494)
(466, 1495)
(466, 1496)
(466, 1497)
(466, 1498)
(466, 1499)
(466, 1500)
(466, 1501)
(466, 1502)
(466, 1503)
(466, 1504)
(466, 1505)
(466, 1506)
(466, 1507)
(466, 1508)
(466, 1509)
(466, 1510)
(467, 1511)
(467, 1512)
(467, 1513)
(467, 1514)
(467, 1515)
(468, 1516)
(469, 1517)
(469, 1518)
(470, 1519)
(470, 1520)
(470, 1521)
(471, 1522)
(471, 1523)
(471, 1524)
(472, 1525)
(472, 1526)
(472, 1527)
(472, 1528)
(472, 1529)
(473, 1530)
(473, 1531)
(473, 1532)
(473, 1533)
(473, 1534)
(473, 1535)
(473, 1536)
(473, 1537)
(473, 1538)
(473, 1539)
(473, 1540)
(473, 1541)
(473, 1542)
(473, 1543)
(474, 1544)
(474, 1545)
(474, 1546)
(474, 1547)
(474, 1548)
(474, 1549)
(474, 1550)
(474, 1551)
(474, 1552)
(474, 1553)
(474, 1554)
(474, 1555)
(474, 1556)
(474, 1557)
(474, 1558)
(474, 1559)
(474, 1560)
(474, 1561)
(474, 1562)
(474, 1563)
(474, 1564)
(474, 1565)
(474, 1566)
(474, 1567)
(474, 1568)
(474, 1569)
(474, 1570)
(474, 1571)
(474, 1572)
(474, 1573)
(473, 1574)
(473, 1575)
(473, 1576)
(473, 1577)
(473, 1578)
(472, 1579)
(472, 1580)
(472, 1581)
(472, 1582)
(472, 1583)
(472, 1584)
(472, 1585)
(472, 1586)
(472, 1587)
(472, 1588)
(472, 1589)
(473, 1590)
(473, 1591)
(474, 1592)
(474, 1593)
(475, 1594)
(475, 1595)
(476, 1596)
(476, 1597)
(477, 1598)
(477, 1599)
(478, 1600)
(478, 1601)
(479, 1602)
(479, 1603)
(479, 1604)
(479, 1605)
(480, 1606)
(480, 1607)
(480, 1608)
(481, 1609)
(481, 1611)
(482, 1612)
(482, 1613)
(482, 1614)
(482, 1615)
(482, 1616)
(483, 1617)
(483, 1618)
(484, 1619)
(484, 1620)
(485, 1621)
(485, 1622)
(485, 1623)
(485, 1624)
(485, 1625)
(485, 1626)
(485, 1627)
(485, 1628)
(485, 1629)
(485, 1630)
(485, 1631)
(485, 1632)
(485, 1633)
(485, 1634)
(485, 1635)
(485, 1636)
(485, 1637)
(485, 1638)
(485, 1639)
(485, 1640)
(485, 1641)
(485, 1642)
(485, 1643)
(485, 1644)
(485, 1645)
(484, 1646)
(484, 1647)
(484, 1648)
(484, 1649)
(484, 1650)
(484, 1651)
(484, 1652)
(484, 1653)
(483, 1654)
(483, 1655)
(482, 1656)
(481, 1657)
(481, 1658)
(481, 1659)
(481, 1660)
(480, 1661)
(480, 1662)
(480, 1663)
(480, 1664)
(480, 1665)
(480, 1666)
(480, 1667)
(480, 1668)
(481, 1669)
(481, 1670)
(481, 1671)
(481, 1672)
(482, 1673)
(482, 1674)
(482, 1675)
(482, 1676)
(483, 1677)
(483, 1678)
(483, 1679)
(484, 1680)
(484, 1681)
(484, 1682)
(484, 1683)
(484, 1684)
(485, 1685)
(485, 1686)
(485, 1687)
(485, 1688)
(486, 1689)
(486, 1690)
(486, 1691)
(486, 1692)
(487, 1693)
(487, 1694)
(488, 1695)
(488, 1696)
(488, 1697)
(488, 1698)
(488, 1699)
(488, 1700)
(489, 1701)
(489, 1702)
(489, 1703)
(490, 1704)
(490, 1705)
(490, 1706)
(491, 1707)
(491, 1708)
(492, 1709)
(492, 1710)
(493, 1711)
(493, 1712)
(493, 1713)
(494, 1714)
(494, 1715)
(494, 1716)
(495, 1717)
(495, 1718)
(495, 1719)
(495, 1720)
(496, 1721)
(496, 1722)
(496, 1723)
(496, 1724)
(497, 1725)
(497, 1726)
(497, 1727)
(497, 1728)
(498, 1729)
(498, 1730)
(498, 1731)
(498, 1732)
(499, 1733)
(499, 1734)
(499, 1735)
(499, 1736)
(499, 1737)
(499, 1738)
(499, 1739)
(499, 1740)
(499, 1741)
(499, 1742)
(500, 1743)
(500, 1744)
(500, 1745)
(500, 1746)
(500, 1747)
(500, 1748)
(500, 1749)
(500, 1750)
(500, 1751)
(500, 1752)
(500, 1753)
(500, 1754)
(500, 1755)
(500, 1756)
(500, 1757)
(500, 1758)
(500, 1759)
(500, 1760)
(500, 1761)
(500, 1762)
(500, 1763)
(500, 1764)
(500, 1765)
(500, 1766)
(500, 1767)
(499, 1768)
(499, 1769)
(499, 1770)
(499, 1771)
(498, 1772)
(498, 1773)
(498, 1774)
(498, 1775)
(498, 1776)
(498, 1777)
(498, 1778)
(498, 1779)
(498, 1780)
(498, 1781)
(498, 1782)
(498, 1783)
(498, 1784)
(499, 1785)
(496, 1789)
(497, 1790)
(496, 1791)
(496, 1792)
(496, 1793)
(496, 1794)
(496, 1795)
(496, 1796)
(496, 1797)
(496, 1798)
(496, 1799)
(496, 1800)
(496, 1801)
(496, 1802)
(496, 1803)
(496, 1804)
(496, 1805)
(496, 1806)
(496, 1807)
(496, 1808)
(496, 1809)
(496, 1810)
(495, 1811)
(495, 1812)
(495, 1813)
(495, 1814)
(495, 1815)
(495, 1816)
(495, 1817)
(495, 1818)
(495, 1819)
(495, 1820)
(495, 1821)
(495, 1822)
(495, 1823)
(495, 1824)
(495, 1825)
(495, 1826)
(495, 1827)
(494, 1828)
(494, 1829)
(494, 1830)
(493, 1831)
(493, 1832)
(493, 1833)
(492, 1834)
(492, 1835)
(492, 1836)
(492, 1837)
(491, 1838)
(491, 1839)
(491, 1840)
(490, 1841)
(490, 1842)
(490, 1843)
(490, 1844)
(490, 1845)
(490, 1846)
(490, 1847)
(490, 1848)
(490, 1849)
(490, 1850)
(490, 1851)
(490, 1852)
(490, 1853)
(490, 1854)
(490, 1855)
(490, 1856)
(490, 1857)
(490, 1858)
(489, 1859)
(489, 1860)
(489, 1861)
(489, 1862)
(489, 1863)
(489, 1864)
(489, 1865)
(489, 1866)
(489, 1867)
(489, 1868)
(489, 1869)
(489, 1870)
(489, 1871)
(489, 1872)
(489, 1873)
(489, 1874)
(489, 1875)
(489, 1876)
(489, 1877)
(489, 1878)
(490, 1879)
(490, 1880)
(490, 1881)
(491, 1882)
(491, 1883)
(491, 1884)
(492, 1885)
(492, 1886)
(492, 1887)
(492, 1888)
(493, 1889)
(493, 1890)
(493, 1891)
(493, 1892)
(494, 1893)
(494, 1894)
(495, 1895)
(495, 1896)
(495, 1897)
(496, 1898)
(496, 1899)
(496, 1900)
(496, 1901)
(496, 1902)
(496, 1903)
(496, 1904)
(496, 1905)
(496, 1906)
(496, 1907)
(496, 1908)
(495, 1909)
(495, 1910)
(495, 1911)
(495, 1912)
(495, 1913)
(495, 1914)
(495, 1915)
(495, 1916)
(495, 1917)
(495, 1918)
(495, 1919)
(496, 1920)
(496, 1921)
(496, 1922)
(496, 1923)
(496, 1924)
(496, 1925)
(496, 1926)
(497, 1927)
(497, 1928)
(497, 1929)
(498, 1930)
(498, 1931)
(498, 1932)
(498, 1933)
(498, 1934)
(498, 1935)
(498, 1936)
(498, 1937)
(498, 1938)
(498, 1939)
(498, 1940)
(499, 1941)
(499, 1942)
(499, 1943)
(499, 1944)
(499, 1945)
(499, 1946)
(499, 1947)
(499, 1948)
(499, 1949)
(499, 1950)
(499, 1951)
(499, 1952)
(499, 1953)
(499, 1954)
(499, 1955)
(499, 1956)
(499, 1957)
(499, 1958)
(499, 1959)
(499, 1960)
(499, 1961)
(503, 1962)
(503, 1963)
(502, 1964)
(499, 1965)
(499, 1966)
(499, 1967)
(499, 1968)
(499, 1969)
(498, 1970)
(498, 1971)
(498, 1972)
(498, 1973)
(498, 1974)
(497, 1975)
(497, 1976)
(497, 1977)
(498, 1978)
(498, 1979)
(498, 1980)
(498, 1981)
(498, 1982)
(498, 1983)
(498, 1984)
(498, 1985)
(498, 1986)
(498, 1987)
(498, 1988)
(498, 1989)
(498, 1990)
(498, 1991)
(497, 1992)
(497, 1993)
(497, 1994)
(497, 1995)
(497, 1996)
(497, 1997)
(497, 1998)
(496, 1999)
(496, 2000)
(496, 2001)
(496, 2002)
(496, 2003)
(496, 2004)
(496, 2005)
(496, 2006)
(496, 2007)
(496, 2008)
(496, 2009)
(496, 2010)
(496, 2011)
(496, 2012)
(496, 2013)
(497, 2014)
(497, 2015)
(497, 2016)
(497, 2017)
(496, 2018)
(496, 2019)
(496, 2020)
(496, 2021)
(496, 2022)
(496, 2023)
(496, 2024)
(496, 2025)
(496, 2026)
(495, 2027)
(495, 2028)
(495, 2029)
(494, 2030)
(494, 2031)
(494, 2032)
(494, 2033)
(493, 2034)
(493, 2035)
(493, 2036)
(493, 2037)
(493, 2038)
(493, 2039)
(493, 2040)
(493, 2041)
(493, 2042)
(493, 2043)
(493, 2044)
(493, 2045)
(493, 2046)
(493, 2047)
(493, 2048)
(493, 2049)
(493, 2050)
(493, 2051)
(493, 2052)
(493, 2053)
(493, 2054)
(493, 2055)
(493, 2056)
(493, 2057)
(493, 2058)
(493, 2059)
(493, 2060)
(493, 2061)
(493, 2062)
(493, 2063)
(493, 2064)
(493, 2065)
(493, 2066)
(493, 2067)
(493, 2068)
(493, 2069)
(494, 2070)
(494, 2071)
(494, 2072)
(494, 2073)
(494, 2074)
(494, 2075)
(494, 2076)
(495, 2077)
(495, 2078)
(495, 2079)
(496, 2080)
(496, 2081)
(497, 2082)
(497, 2083)
(497, 2084)
(497, 2085)
(497, 2086)
(497, 2087)
(497, 2088)
(497, 2089)
(497, 2090)
(497, 2091)
(497, 2092)
(497, 2093)
(497, 2094)
(497, 2095)
(497, 2096)
(497, 2097)
(497, 2098)
(497, 2099)
(497, 2100)
(497, 2101)
(497, 2102)
(497, 2103)
(497, 2104)
(498, 2105)
(498, 2106)
(498, 2107)
(498, 2108)
(498, 2109)
(498, 2110)
(498, 2111)
(498, 2112)
(498, 2113)
(498, 2114)
(498, 2115)
(498, 2116)
(498, 2117)
(498, 2118)
(498, 2119)
(498, 2120)
(497, 2121)
(497, 2122)
(497, 2123)
(497, 2124)
(497, 2125)
(497, 2126)
(497, 2127)
(497, 2128)
(497, 2129)
(497, 2130)
(497, 2131)
(497, 2132)
(497, 2133)
(497, 2134)
(497, 2135)
(497, 2136)
(497, 2137)
(497, 2138)
(493, 2139)
(495, 2142)
(495, 2143)
(495, 2144)
(495, 2145)
(495, 2146)
(495, 2147)
(495, 2148)
(495, 2149)
(495, 2150)
(495, 2151)
(494, 2152)
(494, 2153)
(494, 2154)
(494, 2155)
(494, 2156)
(494, 2157)
(494, 2158)
(493, 2159)
(493, 2160)
(493, 2161)
(492, 2162)
(492, 2163)
(492, 2164)
(491, 2165)
(491, 2166)
(491, 2167)
(491, 2168)
(491, 2169)
(491, 2170)
(491, 2171)
(491, 2172)
(491, 2173)
(491, 2174)
(491, 2175)
(491, 2176)
(491, 2177)
(491, 2178)
(491, 2179)
(491, 2180)
(491, 2181)
(491, 2182)
(490, 2183)
(490, 2184)
(490, 2185)
(490, 2186)
(490, 2187)
(490, 2188)
(490, 2189)
(490, 2190)
(490, 2191)
(490, 2192)
(490, 2193)
(490, 2194)
(490, 2195)
(490, 2196)
(490, 2197)
(490, 2198)
(490, 2199)
(490, 2200)
(490, 2201)
(490, 2202)
(490, 2203)
(490, 2204)
(490, 2205)
(490, 2206)
(490, 2207)
(490, 2208)
(490, 2209)
(490, 2210)
(489, 2211)
(489, 2212)
(489, 2213)
(489, 2214)
(489, 2215)
(489, 2216)
(489, 2217)
(489, 2218)
(489, 2219)
(489, 2220)
(488, 2221)
(488, 2222)
(488, 2223)
(488, 2224)
(488, 2225)
(488, 2226)
(488, 2227)
(488, 2228)
(488, 2229)
(488, 2230)
(488, 2231)
(488, 2232)
(488, 2233)
(488, 2234)
(488, 2235)
(488, 2236)
(488, 2237)
(488, 2238)
(488, 2239)
(488, 2240)
(488, 2241)
(487, 2242)
(487, 2243)
(487, 2244)
(487, 2245)
(487, 2246)
(487, 2247)
(487, 2248)
(488, 2249)
(488, 2250)
(488, 2251)
(488, 2252)
(488, 2253)
(488, 2254)
(488, 2255)
(488, 2256)
(488, 2257)
(488, 2258)
(488, 2259)
(488, 2260)
(489, 2261)
(489, 2262)
(489, 2263)
(489, 2264)
(490, 2265)
(490, 2266)
(490, 2267)
(490, 2268)
(491, 2269)
(491, 2270)
(491, 2271)
(492, 2272)
(492, 2273)
(492, 2274)
(493, 2275)
(493, 2276)
(493, 2277)
(493, 2278)
(494, 2279)
(494, 2280)
(494, 2281)
(494, 2282)
(495, 2283)
(495, 2284)
(495, 2285)
(495, 2286)
(495, 2287)
(495, 2288)
(496, 2289)
(496, 2290)
(496, 2291)
(496, 2292)
(496, 2293)
(497, 2294)
(497, 2295)
(497, 2296)
(497, 2297)
(497, 2298)
(498, 2299)
(498, 2300)
(498, 2301)
(498, 2302)
(498, 2303)
(499, 2304)
(499, 2305)
(499, 2306)
(499, 2307)
(499, 2308)
(499, 2309)
(499, 2310)
(499, 2311)
(499, 2312)
(499, 2313)
(499, 2314)
(500, 2315)
(500, 2316)
(500, 2317)
(500, 2318)
(500, 2319)
(500, 2320)
(500, 2321)
(500, 2322)
(499, 2323)
(499, 2324)
(499, 2325)
(499, 2326)
(499, 2327)
(499, 2328)
(499, 2329)
(498, 2330)
(498, 2331)
(497, 2332)
(497, 2333)
(496, 2334)
(496, 2335)
(495, 2336)
(495, 2337)
(494, 2338)
(494, 2339)
(494, 2340)
(493, 2341)
(493, 2342)
(492, 2343)
(492, 2344)
(492, 2345)
(491, 2346)
(491, 2347)
(490, 2348)
(490, 2349)
(490, 2350)
(490, 2351)
(490, 2352)
(490, 2353)
(490, 2354)
(490, 2355)
(490, 2356)
(490, 2357)
(490, 2358)
(490, 2359)
(491, 2360)
(491, 2361)
(491, 2362)
(491, 2363)
(491, 2364)
(491, 2365)
(492, 2366)
(492, 2367)
(492, 2368)
(493, 2369)
(493, 2370)
(493, 2371)
(493, 2372)
(494, 2373)
(494, 2374)
(494, 2375)
(494, 2376)
(495, 2377)
(495, 2378)
(495, 2379)
(495, 2380)
(495, 2381)
(495, 2382)
(495, 2383)
(495, 2384)
(495, 2385)
(495, 2386)
(495, 2387)
(496, 2388)
(496, 2389)
(496, 2390)
(496, 2391)
(496, 2392)
(496, 2393)
(496, 2394)
(496, 2395)
(496, 2396)
(496, 2397)
(496, 2398)
(496, 2399)
(496, 2400)
(495, 2401)
(495, 2402)
(495, 2403)
(495, 2404)
(495, 2405)
(495, 2406)
(495, 2407)
(495, 2408)
(495, 2409)
(495, 2410)
(495, 2411)
(495, 2412)
(495, 2413)
(495, 2414)
(495, 2415)
(496, 2416)
(496, 2417)
(496, 2418)
(496, 2419)
(496, 2420)
(496, 2421)
(496, 2422)
(496, 2423)
(496, 2424)
(496, 2425)
(496, 2426)
(496, 2427)
(496, 2428)
(496, 2429)
(496, 2430)
(497, 2431)
(497, 2432)
(497, 2433)
(497, 2434)
(497, 2435)
(497, 2436)
(497, 2437)
(497, 2438)
(497, 2439)
(497, 2440)
(497, 2441)
(497, 2442)
(496, 2443)
(496, 2444)
(495, 2445)
(494, 2446)
(494, 2447)
(493, 2448)
(492, 2449)
(492, 2450)
(491, 2451)
(490, 2452)
(489, 2453)
(488, 2454)
(487, 2455)
(486, 2456)
(485, 2457)
(485, 2458)
(484, 2459)
(482, 2460)
(481, 2461)
(480, 2462)
(479, 2463)
(479, 2464)
(478, 2465)
(477, 2466)
(475, 2467)
(474, 2468)
(474, 2469)
(472, 2470)
(471, 2471)
(470, 2472)
(469, 2473)
(468, 2474)
(467, 2475)
(467, 2476)
(466, 2477)
(465, 2478)
(464, 2479)
(463, 2480)
(462, 2481)
(461, 2482)
(461, 2483)
(460, 2484)
(459, 2485)
(459, 2486)
(458, 2487)
(457, 2488)
(457, 2489)
(456, 2490)
(456, 2491)
(455, 2492)
(454, 2493)
(453, 2494)
(453, 2495)
(452, 2496)
(452, 2497)
(451, 2498)
(451, 2499)
(450, 2500)
(450, 2501)
(450, 2502)
(449, 2503)
(449, 2504)
(449, 2505)
(449, 2506)
(449, 2507)
(449, 2508)
(448, 2509)
(448, 2510)
(448, 2511)
(448, 2512)
(448, 2513)
(448, 2514)
(448, 2515)
(448, 2516)
(448, 2517)
(448, 2518)
(448, 2519)
(448, 2520)
(448, 2521)
(448, 2522)
(448, 2523)
(448, 2524)
(448, 2525)
(448, 2526)
(448, 2527)
(448, 2528)
(449, 2529)
(449, 2530)
(449, 2531)
(449, 2532)
(450, 2533)
(450, 2534)
(450, 2535)
(450, 2536)
(451, 2537)
(451, 2538)
(451, 2539)
(451, 2540)
(451, 2541)
(452, 2542)
(452, 2543)
(452, 2544)
(452, 2545)
(453, 2546)
(453, 2547)
(453, 2548)
(453, 2549)
(453, 2550)
(454, 2551)
(454, 2552)
(454, 2553)
(455, 2554)
(455, 2555)
(455, 2556)
(456, 2557)
(456, 2558)
(457, 2559)
(457, 2560)
(458, 2561)
(458, 2562)
(459, 2563)
(459, 2564)
(460, 2565)
(460, 2566)
(461, 2567)
(461, 2568)
(462, 2569)
(462, 2570)
(463, 2571)
(463, 2572)
(464, 2573)
(464, 2574)
(464, 2575)
(465, 2576)
(465, 2577)
(465, 2578)
(466, 2579)
(467, 2580)
(467, 2581)
(468, 2582)
(469, 2583)
(469, 2584)
(470, 2585)
(470, 2586)
(471, 2587)
(471, 2588)
(472, 2589)
(472, 2590)
(473, 2591)
(473, 2592)
(474, 2593)
(474, 2594)
(475, 2595)
(475, 2596)
(476, 2597)
(477, 2598)
(477, 2599)
(478, 2600)
(478, 2601)
(478, 2602)
(479, 2603)
(480, 2604)
(480, 2605)
(481, 2606)
(481, 2607)
(481, 2608)
(481, 2609)
(482, 2610)
(482, 2611)
(482, 2612)
(483, 2613)
(483, 2614)
(483, 2615)
(484, 2616)
(484, 2617)
(485, 2618)
(485, 2619)
(486, 2620)
(486, 2621)
(487, 2622)
(487, 2623)
(487, 2624)
(488, 2625)
(488, 2626)
(489, 2627)
(489, 2628)
(490, 2629)
(491, 2630)
(491, 2631)
(492, 2632)
(492, 2633)
(492, 2634)
(492, 2635)
(493, 2636)
(493, 2637)
(494, 2638)
(494, 2639)
(495, 2640)
(495, 2641)
(495, 2642)
(496, 2643)
(496, 2644)
(496, 2645)
(497, 2646)
(497, 2647)
(497, 2648)
(498, 2649)
(498, 2650)
(498, 2651)
(498, 2652)
(498, 2653)
(498, 2654)
(499, 2655)
(499, 2656)
(499, 2657)
(499, 2658)
(499, 2659)
(499, 2660)
(500, 2661)
(500, 2662)
(500, 2663)
(500, 2664)
(500, 2665)
(500, 2666)
(501, 2667)
(501, 2668)
(502, 2669)
(503, 2670)
(503, 2671)
(503, 2672)
(503, 2673)
(503, 2674)
(503, 2675)
(503, 2676)
(503, 2677)
(503, 2678)
(503, 2679)
(503, 2680)
(503, 2681)
(503, 2682)
(504, 2683)
(504, 2684)
(504, 2685)
(504, 2686)
(504, 2687)
(504, 2688)
(504, 2689)
(504, 2690)
(504, 2691)
(504, 2692)
(504, 2693)
(504, 2694)
(504, 2695)
(504, 2696)
(504, 2697)
(504, 2698)
(504, 2699)
(504, 2700)
(504, 2701)
(504, 2702)
(504, 2703)
(504, 2704)
(504, 2705)
(504, 2706)
(504, 2707)
(504, 2708)
(504, 2709)
(504, 2710)
(505, 2711)
(505, 2712)
(505, 2713)
(505, 2714)
(505, 2715)
(505, 2716)
(506, 2717)
(506, 2718)
(506, 2719)
(506, 2720)
(506, 2721)
(506, 2722)
(506, 2723)
(506, 2724)
(506, 2725)
(506, 2726)
(506, 2727)
(506, 2728)
(506, 2729)
(506, 2730)
(506, 2731)
(506, 2732)
(506, 2733)
(506, 2734)
(506, 2735)
(506, 2736)
(506, 2737)
(506, 2738)
(506, 2739)
(506, 2740)
(507, 2741)
(507, 2742)
(507, 2743)
(507, 2744)
(507, 2745)
(507, 2746)
(507, 2747)
(507, 2748)
(507, 2749)
(507, 2750)
(507, 2751)
(508, 2752)
(508, 2753)
(508, 2754)
(508, 2755)
(508, 2756)
(508, 2757)
(508, 2758)
(508, 2759)
(508, 2760)
(508, 2761)
(509, 2762)
(509, 2763)
(509, 2764)
(509, 2765)
(509, 2766)
(509, 2767)
(510, 2768)
(510, 2769)
(510, 2770)
(510, 2771)
(510, 2772)
(511, 2773)
(511, 2774)
(511, 2775)
(512, 2776)
(512, 2777)
(513, 2778)
(513, 2779)
(514, 2780)
(514, 2781)
(515, 2782)
(515, 2783)
(516, 2784)
(516, 2785)
(516, 2786)
(517, 2787)
(517, 2788)
(517, 2789)
(517, 2790)
(518, 2791)
(518, 2792)
(518, 2793)
(519, 2794)
(519, 2795)
(519, 2796)
(519, 2797)
(520, 2798)
(520, 2799)
(520, 2800)
(520, 2801)
(521, 2802)
(521, 2803)
(522, 2804)
(522, 2805)
(522, 2806)
(523, 2807)
(523, 2808)
(523, 2809)
(523, 2810)
(524, 2811)
(524, 2812)
(524, 2813)
(524, 2814)
(525, 2815)
(525, 2816)
(525, 2817)
(525, 2818)
(526, 2819)
(526, 2820)
(526, 2821)
(526, 2822)
(526, 2823)
(526, 2824)
(526, 2825)
(526, 2826)
(526, 2827)
(526, 2828)
(526, 2829)
(526, 2830)
(526, 2831)
(526, 2832)
(526, 2833)
(525, 2834)
(525, 2835)
(525, 2836)
(525, 2837)
(526, 2838)
(526, 2839)
(526, 2840)
(526, 2841)
(526, 2842)
(525, 2843)
(525, 2844)
(526, 2845)
(526, 2846)
(526, 2847)
(525, 2848)
(525, 2849)
(525, 2850)
(525, 2851)
(525, 2852)
(525, 2853)
(525, 2854)
(525, 2855)
(525, 2856)
(525, 2857)
(525, 2858)
(525, 2859)
(525, 2860)
(525, 2861)
(526, 2862)
(526, 2863)
(526, 2864)
(526, 2865)
(526, 2866)
(526, 2867)
(526, 2868)
(526, 2869)
(526, 2870)
(526, 2871)
(527, 2872)
(527, 2873)
(527, 2874)
(527, 2875)
(528, 2876)
(528, 2877)
(528, 2878)
(528, 2879)
(528, 2880)
(528, 2881)
(528, 2882)
(529, 2883)
(529, 2884)
(529, 2885)
(529, 2886)
(529, 2887)
(529, 2888)
(529, 2889)
(530, 2890)
(530, 2891)
(530, 2892)
(530, 2893)
(530, 2894)
(530, 2895)
(530, 2896)
(531, 2897)
(531, 2898)
(531, 2899)
(531, 2900)
(531, 2901)
(531, 2902)
(532, 2903)
(532, 2904)
(532, 2905)
(532, 2906)
(532, 2907)
(531, 2908)
(531, 2909)
(531, 2910)
(530, 2911)
(530, 2912)
(530, 2913)
(529, 2914)
(529, 2915)
(528, 2916)
(528, 2917)
(527, 2918)
(526, 2919)
(526, 2920)
(525, 2921)
(525, 2922)
(524, 2923)
(524, 2924)
(523, 2925)
(523, 2926)
(522, 2927)
(522, 2928)
(521, 2929)
(521, 2930)
(520, 2931)
(520, 2932)
(519, 2933)
(519, 2934)
(519, 2935)
(519, 2936)
(519, 2937)
(519, 2938)
(518, 2939)
(518, 2940)
(518, 2941)
(518, 2942)
(518, 2943)
(518, 2944)
(518, 2945)
(518, 2946)
(518, 2947)
(518, 2948)
(518, 2949)
(518, 2950)
(518, 2951)
(517, 2952)
(517, 2953)
(517, 2954)
(517, 2955)
(517, 2956)
(517, 2957)
(516, 2958)
(516, 2959)
(516, 2960)
(516, 2961)
(516, 2962)
(516, 2963)
(516, 2964)
(516, 2965)
(516, 2966)
(515, 2967)
(515, 2968)
(515, 2969)
(515, 2970)
(515, 2971)
(515, 2972)
(515, 2973)
(515, 2974)
(515, 2975)
(515, 2976)
(515, 2977)
(515, 2978)
(515, 2979)
(515, 2980)
(515, 2981)
(515, 2982)
(515, 2983)
(515, 2984)
(515, 2985)
(515, 2986)
(515, 2987)
(515, 2988)
(515, 2989)
(515, 2990)
(515, 2991)
(515, 2992)
(516, 2993)
(516, 2994)
(516, 2995)
(516, 2996)
(516, 2997)
(516, 2998)
(516, 2999)
(516, 3000)
(516, 3001)
(516, 3002)
(516, 3003)
(516, 3004)
(516, 3005)
(516, 3006)
(516, 3007)
(516, 3008)
(516, 3009)
(517, 3010)
(517, 3011)
(517, 3012)
(517, 3013)
(517, 3014)
(517, 3015)
(517, 3016)
(517, 3017)
(517, 3018)
(517, 3019)
(517, 3020)
(517, 3021)
(517, 3022)
(517, 3023)
(517, 3024)
(517, 3025)
(517, 3026)
(517, 3027)
(517, 3028)
(517, 3029)
(517, 3030)
(516, 3031)
(517, 3032)
(517, 3033)
(517, 3034)
(517, 3035)
(517, 3036)
(517, 3037)
(517, 3038)
(517, 3039)
(517, 3040)
(517, 3041)
(517, 3042)
(517, 3043)
(517, 3044)
(517, 3045)
(518, 3046)
(518, 3047)
(518, 3048)
(518, 3049)
(518, 3050)
(518, 3051)
(518, 3052)
(518, 3053)
(518, 3054)
(518, 3055)
(518, 3056)
(518, 3057)
(518, 3058)
(518, 3059)
(518, 3060)
(518, 3061)
(518, 3062)
(518, 3063)
(518, 3064)
(518, 3065)
(518, 3066)
(518, 3067)
(518, 3068)
(518, 3069)
(518, 3070)
(518, 3071)
(518, 3072)
(518, 3073)
(518, 3074)
(518, 3075)
(518, 3076)
(518, 3077)
(518, 3078)
(518, 3079)
(518, 3080)
(518, 3081)
(519, 3082)
(519, 3083)
(519, 3084)
(519, 3085)
(519, 3086)
(519, 3087)
(519, 3088)
(519, 3089)
(519, 3090)
(519, 3091)
(519, 3092)
(519, 3093)
(519, 3094)
(519, 3095)
(520, 3096)
(520, 3097)
(520, 3098)
(520, 3099)
(520, 3100)
(520, 3101)
(520, 3102)
(520, 3103)
(520, 3104)
(520, 3105)
(520, 3106)
(520, 3107)
(519, 3108)
(519, 3109)
(519, 3110)
(519, 3111)
(519, 3112)
(519, 3113)
(519, 3114)
(519, 3115)
(519, 3116)
(519, 3117)
(519, 3118)
(519, 3119)
(519, 3120)
(519, 3121)
(519, 3122)
(519, 3123)
(519, 3124)
(519, 3125)
(519, 3126)
(518, 3127)
(518, 3128)
(518, 3129)
(518, 3130)
(518, 3131)
(518, 3132)
(518, 3133)
(518, 3134)
(518, 3135)
(518, 3136)
(518, 3137)
(518, 3138)
(518, 3139)
(518, 3140)
(518, 3141)
(518, 3142)
(517, 3143)
(517, 3144)
(517, 3145)
(517, 3146)
(517, 3147)
(517, 3148)
(517, 3149)
(517, 3150)
(516, 3151)
(516, 3152)
(516, 3153)
(516, 3154)
(516, 3155)
(516, 3156)
(516, 3157)
(515, 3158)
(515, 3159)
(515, 3160)
(515, 3161)
(514, 3162)
(514, 3163)
(514, 3164)
(514, 3165)
(514, 3166)
(514, 3167)
(514, 3168)
(514, 3169)
(514, 3170)
(513, 3171)
(513, 3172)
(513, 3173)
(513, 3174)
(513, 3175)
(513, 3176)
(513, 3177)
(513, 3178)
(513, 3179)
(513, 3180)
(512, 3181)
(512, 3182)
(512, 3183)
(512, 3184)
(512, 3185)
(511, 3186)
(511, 3187)
(511, 3188)
(511, 3189)
(510, 3190)
(510, 3191)
(510, 3192)
(510, 3193)
(510, 3194)
(510, 3195)
(509, 3196)
(509, 3197)
(509, 3198)
(509, 3199)
(509, 3200)
(509, 3201)
(509, 3202)
(508, 3203)
(508, 3204)
(508, 3205)
(508, 3206)
(508, 3207)
(508, 3208)
(508, 3209)
(508, 3210)
(508, 3211)
(508, 3212)
(508, 3213)
(508, 3214)
(508, 3215)
(508, 3216)
(508, 3217)
(509, 3218)
(509, 3219)
(509, 3220)
(509, 3221)
(509, 3222)
(509, 3223)
(509, 3224)
(509, 3225)
(509, 3226)
(509, 3227)
(509, 3228)
(509, 3229)
(509, 3230)
(509, 3231)
(509, 3232)
(509, 3233)
(509, 3234)
(509, 3235)
(509, 3236)
(508, 3237)
(508, 3238)
(508, 3239)
(508, 3240)
(508, 3241)
(508, 3242)
(508, 3243)
(508, 3244)
(508, 3245)
(508, 3246)
(507, 3247)
(507, 3248)
(507, 3249)
(507, 3250)
(507, 3251)
(507, 3252)
(507, 3253)
(506, 3254)
(506, 3255)
(506, 3256)
(506, 3257)
(506, 3258)
(506, 3259)
(506, 3260)
(506, 3261)
(506, 3262)
(506, 3263)
(506, 3264)
(506, 3265)
(506, 3266)
(506, 3267)
(506, 3268)
(506, 3269)
(507, 3270)
(507, 3271)
(507, 3272)
(507, 3273)
(507, 3274)
(507, 3275)
(507, 3276)
(507, 3277)
(508, 3278)
(508, 3279)
(508, 3280)
(508, 3281)
(508, 3282)
(508, 3283)
(509, 3284)
(509, 3285)
(509, 3286)
(509, 3287)
(509, 3288)
(509, 3289)
(509, 3290)
(510, 3291)
(510, 3292)
(510, 3293)
(510, 3294)
(510, 3295)
(511, 3296)
(511, 3297)
(511, 3298)
(511, 3299)
(511, 3300)
(511, 3301)
(511, 3302)
(511, 3303)
(511, 3304)
(511, 3305)
(511, 3306)
(511, 3307)
(511, 3308)
(511, 3309)
(511, 3310)
(511, 3311)
(511, 3312)
(511, 3313)
(511, 3314)
(511, 3315)
(511, 3316)
(511, 3317)
(511, 3318)
(511, 3319)
(511, 3320)
(511, 3321)
(510, 3322)
(510, 3323)
(510, 3324)
(510, 3325)
(510, 3326)
(510, 3327)
(510, 3328)
(510, 3329)
(510, 3330)
(510, 3331)
(510, 3332)
(510, 3333)
(510, 3334)
(510, 3335)
(510, 3336)
(510, 3337)
(510, 3338)
(510, 3339)
(511, 3340)
(511, 3341)
(511, 3342)
(511, 3343)
(511, 3344)
(511, 3345)
(511, 3346)
(512, 3347)
(512, 3348)
(512, 3349)
(512, 3350)
(512, 3351)
(512, 3352)
(512, 3353)
(512, 3354)
(512, 3355)
(512, 3356)
(512, 3357)
(512, 3358)
(512, 3359)
(512, 3360)
(512, 3361)
(512, 3362)
(512, 3363)
(512, 3364)
(513, 3365)
(513, 3366)
(513, 3367)
(513, 3368)
(514, 3369)
(514, 3370)
(514, 3371)
(514, 3372)
(514, 3373)
(515, 3374)
(515, 3375)
(515, 3376)
(515, 3377)
(515, 3378)
(515, 3379)
(515, 3380)
(515, 3381)
(515, 3382)
(515, 3383)
(515, 3384)
(515, 3385)
(515, 3386)
(515, 3387)
(515, 3388)
(515, 3389)
(515, 3390)
(515, 3391)
(515, 3392)
(515, 3393)
(515, 3394)
(515, 3395)
(515, 3396)
(515, 3397)
(515, 3398)
(515, 3399)
(515, 3400)
(514, 3401)
(514, 3402)
(514, 3403)
(514, 3404)
(514, 3405)
(514, 3406)
(513, 3407)
(513, 3408)
(513, 3409)
(513, 3410)
(513, 3411)
(512, 3412)
(512, 3413)
(512, 3414)
(512, 3415)
(512, 3416)
(511, 3417)
(511, 3418)
(511, 3419)
(511, 3420)
(511, 3421)
(511, 3422)
(510, 3423)
(510, 3424)
(510, 3425)
(510, 3426)
(510, 3427)
(510, 3428)
(510, 3429)
(510, 3430)
(510, 3431)
(510, 3432)
(510, 3433)
(510, 3434)
(510, 3435)
(510, 3436)
(510, 3437)
(510, 3438)
(510, 3439)
(510, 3440)
(510, 3441)
(510, 3442)
(510, 3443)
(510, 3444)
(510, 3445)
(510, 3446)
(510, 3447)
(510, 3448)
(510, 3449)
(510, 3450)
(510, 3451)
(510, 3452)
(510, 3453)
(510, 3454)
(510, 3455)
(510, 3456)
(510, 3457)
(510, 3458)
(510, 3459)
(510, 3460)
(510, 3461)
(510, 3462)
(510, 3463)
(509, 3464)
(509, 3465)
(509, 3466)
(509, 3467)
(509, 3468)
(509, 3469)
(509, 3470)
(509, 3471)
(509, 3472)
(509, 3473)
(509, 3474)
(509, 3475)
(509, 3476)
(509, 3477)
(508, 3478)
(508, 3479)
(508, 3480)
(508, 3481)
(508, 3482)
(508, 3483)
(508, 3484)
(509, 3485)
(509, 3486)
(509, 3487)
(509, 3488)
(509, 3489)
(509, 3490)
(509, 3491)
(509, 3492)
(509, 3493)
(509, 3494)
(509, 3495)
(509, 3496)
(509, 3497)
(509, 3498)
(509, 3499)
(509, 3500)
(509, 3501)
(509, 3502)
(509, 3503)
(508, 3504)
(508, 3505)
(508, 3506)
(508, 3507)
(508, 3508)
(508, 3509)
(508, 3510)
(508, 3511)
(508, 3512)
(508, 3513)
(507, 3514)
(507, 3515)
(507, 3516)
(507, 3517)
(507, 3518)
(507, 3519)
(507, 3520)
(507, 3521)
(507, 3522)
(507, 3523)
(507, 3524)
(507, 3525)
(507, 3526)
(507, 3527)
(507, 3528)
(507, 3529)
(507, 3530)
(507, 3531)
(507, 3532)
(507, 3533)
(507, 3534)
(507, 3535)
(507, 3536)
(506, 3537)
(506, 3538)
(506, 3539)
(506, 3540)
(506, 3541)
(506, 3542)
(506, 3543)
(506, 3544)
(506, 3545)
(506, 3546)
(506, 3547)
(506, 3548)
(506, 3549)
(506, 3550)
(506, 3551)
(507, 3552)
(507, 3553)
(507, 3554)
(507, 3555)
(507, 3556)
(507, 3557)
(507, 3558)
(507, 3559)
(507, 3560)
(507, 3561)
(507, 3562)
(507, 3563)
(507, 3564)
(507, 3565)
(507, 3566)
(507, 3567)
(507, 3568)
(507, 3569)
(507, 3570)
(507, 3571)
(507, 3572)
(507, 3573)
(507, 3574)
(508, 3575)
(508, 3576)
(508, 3577)
(508, 3578)
(508, 3579)
(509, 3580)
(509, 3581)
(510, 3582)
(510, 3583)
(510, 3584)
(510, 3585)
(510, 3586)
(509, 3587)
(510, 3588)
(510, 3589)
(510, 3590)
(510, 3591)
(510, 3592)
(510, 3593)
(510, 3594)
(510, 3595)
(510, 3596)
(511, 3597)
(511, 3598)
(511, 3599)
(511, 3600)
(511, 3601)
(511, 3602)
(510, 3603)
(510, 3604)
(510, 3605)
(510, 3606)
(510, 3607)
(510, 3608)
(510, 3609)
(510, 3610)
(510, 3611)
(510, 3612)
(510, 3613)
(510, 3614)
(510, 3615)
(510, 3616)
(510, 3617)
(509, 3618)
(509, 3619)
(509, 3620)
(509, 3621)
(509, 3622)
(509, 3623)
(509, 3624)
(509, 3625)
(509, 3626)
(509, 3627)
(509, 3628)
(509, 3629)
(509, 3630)
(510, 3631)
(510, 3632)
(510, 3633)
(510, 3634)
(510, 3635)
(510, 3636)
(510, 3637)
(511, 3638)
(511, 3639)
(511, 3640)
(512, 3641)
(512, 3642)
(512, 3643)
(512, 3644)
(512, 3645)
(512, 3646)
(513, 3647)
(513, 3648)
(513, 3649)
(513, 3650)
(513, 3651)
(513, 3652)
(513, 3653)
(514, 3654)
(514, 3655)
(514, 3656)
(514, 3657)
(514, 3658)
(514, 3659)
(514, 3660)
(514, 3661)
(515, 3662)
(515, 3663)
(515, 3664)
(515, 3665)
(515, 3666)
(515, 3667)
(515, 3668)
(515, 3669)
(515, 3670)
(515, 3671)
(515, 3672)
(515, 3673)
(515, 3674)
(515, 3675)
(515, 3676)
(515, 3677)
(515, 3678)
(515, 3679)
(515, 3680)
(515, 3681)
(515, 3682)
(515, 3683)
(515, 3684)
(515, 3685)
(515, 3686)
(515, 3687)
(515, 3688)
(515, 3689)
(515, 3690)
(515, 3691)
(515, 3692)
(515, 3693)
(515, 3694)
(515, 3695)
(515, 3696)
(515, 3697)
(515, 3698)
(515, 3699)
(515, 3700)
(515, 3701)
(514, 3702)
(514, 3703)
(514, 3704)
(514, 3705)
(514, 3706)
(514, 3707)
(514, 3708)
(514, 3709)
(514, 3710)
(514, 3711)
(515, 3712)
(515, 3713)
(515, 3714)
(514, 3715)
(514, 3716)
(514, 3717)
(514, 3718)
(514, 3719)
(514, 3720)
(514, 3721)
(514, 3722)
(514, 3723)
(514, 3724)
(514, 3725)
(514, 3726)
(514, 3727)
(513, 3728)
(513, 3729)
(513, 3730)
(513, 3731)
(513, 3732)
(513, 3733)
(512, 3734)
(512, 3735)
(512, 3736)
(512, 3737)
(511, 3738)
(511, 3739)
(511, 3740)
(511, 3741)
(511, 3742)
(511, 3743)
(510, 3744)
(510, 3745)
(510, 3746)
(510, 3747)
(510, 3748)
(510, 3749)
(510, 3750)
(510, 3751)
(510, 3752)
(509, 3753)
(509, 3754)
(509, 3755)
(509, 3756)
(509, 3757)
(509, 3758)
(508, 3759)
(508, 3760)
(508, 3761)
(508, 3762)
(508, 3763)
(509, 3764)
(509, 3765)
(509, 3766)
(509, 3767)
(509, 3768)
(509, 3769)
(509, 3770)
(509, 3771)
(509, 3772)
(509, 3773)
(509, 3774)
(509, 3775)
(509, 3776)
(509, 3777)
(509, 3778)
(509, 3779)
(509, 3780)
(509, 3781)
(508, 3782)
(508, 3783)
(508, 3784)
(508, 3785)
(508, 3786)
(507, 3787)
(507, 3788)
(507, 3789)
(507, 3790)
(507, 3791)
(507, 3792)
(507, 3793)
(507, 3794)
(507, 3795)
(507, 3796)
(507, 3797)
(507, 3798)
(507, 3799)
(507, 3800)
(507, 3801)
(507, 3802)
(507, 3803)
(507, 3804)
(507, 3805)
(507, 3806)
(507, 3807)
(507, 3808)
(507, 3809)
(507, 3810)
(506, 3811)
(506, 3812)
(505, 3813)
(505, 3814)
(504, 3815)
(504, 3816)
(504, 3817)
(503, 3818)
(503, 3819)
(503, 3820)
(503, 3821)
(503, 3822)
(503, 3823)
(503, 3824)
(503, 3825)
(502, 3826)
(502, 3827)
(503, 3828)
(503, 3829)
(503, 3830)
(503, 3831)
(503, 3832)
(503, 3833)
(503, 3834)
(503, 3835)
(503, 3836)
(503, 3837)
(503, 3838)
(503, 3839)
(503, 3840)
(503, 3841)
(503, 3842)
(503, 3843)
(503, 3844)
(503, 3845)
(503, 3846)
(503, 3847)
(503, 3848)
(503, 3849)
(503, 3850)
(503, 3851)
(503, 3852)
(503, 3853)
(503, 3854)
(503, 3855)
(503, 3856)
(503, 3857)
(503, 3858)
(503, 3859)
(503, 3860)
(503, 3861)
(504, 3862)
(504, 3863)
(504, 3864)
(504, 3865)
(504, 3866)
(504, 3867)
(504, 3868)
(504, 3869)
(504, 3870)
(504, 3871)
(505, 3872)
(505, 3873)
(505, 3874)
(505, 3875)
(505, 3876)
(505, 3877)
(505, 3878)
(505, 3879)
(505, 3880)
(505, 3881)
(505, 3882)
(505, 3883)
(505, 3884)
(505, 3885)
(505, 3886)
(505, 3887)
(505, 3888)
(506, 3889)
(506, 3890)
(506, 3891)
(506, 3892)
(506, 3893)
(506, 3894)
(506, 3895)
(506, 3896)
(506, 3897)
(507, 3898)
(507, 3899)
(507, 3900)
(508, 3901)
(508, 3902)
(509, 3903)
(509, 3904)
(509, 3905)
(510, 3906)
(510, 3907)
(510, 3908)
(510, 3909)
(510, 3910)
(510, 3911)
(511, 3912)
(511, 3913)
(511, 3914)
(511, 3915)
(511, 3916)
(511, 3917)
(511, 3918)
(511, 3919)
(511, 3920)
(511, 3921)
(511, 3922)
(511, 3923)
(511, 3924)
(511, 3925)
(511, 3926)
(511, 3927)
(511, 3928)
(511, 3929)
(511, 3930)
(511, 3931)
(511, 3932)
(511, 3933)
(511, 3934)
(511, 3935)
(511, 3936)
(511, 3937)
(511, 3938)
(511, 3939)
(511, 3940)
(511, 3941)
(511, 3942)
(511, 3943)
(512, 3944)
(512, 3945)
(512, 3946)
(512, 3947)
(512, 3948)
(512, 3949)
(512, 3950)
(512, 3951)
(512, 3952)
(513, 3953)
(513, 3954)
(513, 3955)
(513, 3956)
(513, 3957)
(513, 3958)
(513, 3959)
(513, 3960)
(513, 3961)
(513, 3962)
(513, 3963)
(513, 3964)
(513, 3965)
(514, 3966)
(514, 3967)
(514, 3968)
(514, 3969)
(514, 3970)
(514, 3971)
(514, 3972)
(514, 3973)
(514, 3974)
(514, 3975)
(514, 3976)
(514, 3977)
(514, 3978)
(513, 3979)
(513, 3980)
(513, 3981)
(513, 3982)
(513, 3983)
(513, 3984)
(513, 3985)
(513, 3986)
(513, 3987)
(512, 3988)
(512, 3989)
(512, 3990)
(511, 3991)
(511, 3992)
(511, 3993)
(510, 3994)
(510, 3995)
(510, 3996)
(510, 3997)
(510, 3998)
(510, 3999)
(510, 4000)
(510, 4001)
(510, 4002)
(510, 4003)
(510, 4004)
(510, 4005)
(510, 4006)
(509, 4007)
(509, 4008)
(509, 4009)
(509, 4010)
(509, 4011)
(509, 4012)
(509, 4013)
(509, 4014)
(509, 4015)
(509, 4016)
(509, 4017)
(509, 4018)
(509, 4019)
(509, 4020)
(509, 4021)
(509, 4022)
(509, 4023)
(509, 4024)
(509, 4025)
(509, 4026)
(509, 4027)
(509, 4028)
(509, 4029)
(509, 4030)
(509, 4031)
(509, 4032)
(509, 4033)
(509, 4034)
(509, 4035)
(509, 4036)
(509, 4037)
(509, 4038)
(509, 4039)
(509, 4040)
(509, 4041)
(509, 4042)
(509, 4043)
(509, 4044)
(508, 4045)
(508, 4046)
(508, 4047)
(508, 4048)
(508, 4049)
(508, 4050)
(507, 4051)
(507, 4052)
(507, 4053)
(506, 4054)
(506, 4055)
(506, 4056)
(505, 4057)
(505, 4058)
(504, 4059)
(504, 4060)
(503, 4061)
(503, 4062)
(502, 4063)
(502, 4064)
(501, 4065)
(500, 4066)
(499, 4067)
(498, 4068)
(498, 4069)
(497, 4070)
(497, 4071)
(497, 4072)
(496, 4073)
(496, 4074)
(495, 4075)
(495, 4076)
(494, 4077)
(494, 4078)
(494, 4079)
(494, 4080)
(494, 4081)
(494, 4082)
(494, 4083)
(494, 4084)
(494, 4085)
(493, 4086)
(493, 4087)
(493, 4088)
(493, 4089)
(493, 4090)
(493, 4091)
(493, 4092)
(493, 4093)
(493, 4094)
(493, 4095)
(492, 4096)
(492, 4097)
(492, 4098)
(491, 4099)
(491, 4100)
(491, 4101)
(491, 4102)
(491, 4103)
(490, 4104)
(490, 4105)
(490, 4106)
(490, 4107)
(489, 4108)
(489, 4109)
(489, 4110)
(489, 4111)
(489, 4112)
(489, 4113)
(489, 4114)
(489, 4115)
(489, 4116)
(489, 4117)
(489, 4118)
(489, 4119)
(489, 4120)
(489, 4121)
(489, 4122)
(489, 4123)
(489, 4124)
(489, 4125)
(489, 4126)
(489, 4127)
(489, 4128)
(489, 4129)
(489, 4130)
(489, 4131)
(489, 4132)
(489, 4133)
(489, 4134)
(489, 4135)
(489, 4136)
(489, 4137)
(488, 4138)
(488, 4139)
(488, 4140)
(488, 4141)
(488, 4142)
(488, 4143)
(488, 4144)
(488, 4145)
(488, 4146)
(488, 4147)
(488, 4148)
(488, 4149)
(488, 4150)
(488, 4151)
(489, 4152)
(489, 4153)
(489, 4154)
(489, 4155)
(489, 4156)
(489, 4157)
(489, 4158)
(490, 4159)
(490, 4160)
(490, 4161)
(490, 4162)
(491, 4163)
(491, 4164)
(491, 4165)
(491, 4166)
(491, 4167)
(491, 4168)
(491, 4169)
(491, 4170)
(491, 4171)
(491, 4172)
(491, 4173)
(490, 4174)
(490, 4175)
(490, 4176)
(490, 4177)
(490, 4178)
(490, 4179)
(490, 4180)
(490, 4181)
(490, 4182)
(490, 4183)
(489, 4184)
(489, 4185)
(489, 4186)
(489, 4187)
(489, 4188)
(489, 4189)
(489, 4190)
(489, 4191)
(489, 4192)
(489, 4193)
(489, 4194)
(489, 4195)
(489, 4196)
(489, 4197)
(489, 4198)
(490, 4199)
(490, 4200)
(490, 4201)
(490, 4202)
(490, 4203)
(491, 4204)
(491, 4205)
(491, 4206)
(491, 4207)
(491, 4208)
(491, 4209)
(491, 4210)
(492, 4211)
(492, 4212)
(492, 4213)
(492, 4214)
(493, 4215)
(493, 4216)
(494, 4217)
(494, 4218)
(494, 4219)
(494, 4220)
(494, 4221)
(495, 4222)
(495, 4223)
(495, 4224)
(495, 4225)
(496, 4226)
(496, 4227)
(496, 4228)
(496, 4229)
(496, 4230)
(495, 4231)
(495, 4232)
(495, 4233)
(495, 4234)
(495, 4235)
(495, 4236)
(495, 4237)
(495, 4238)
(494, 4239)
(494, 4240)
(494, 4241)
(494, 4242)
(493, 4243)
(493, 4244)
(493, 4245)
(492, 4246)
(492, 4247)
(492, 4248)
(491, 4249)
(491, 4250)
(491, 4251)
(490, 4252)
(490, 4253)
(489, 4254)
(488, 4255)
(488, 4256)
(488, 4257)
(488, 4258)
(487, 4259)
(487, 4260)
(487, 4261)
(487, 4262)
(487, 4263)
(487, 4264)
(488, 4265)
(488, 4266)
(489, 4267)
(489, 4268)
(489, 4269)
(489, 4270)
(489, 4271)
(489, 4272)
(488, 4273)
(488, 4274)
(488, 4275)
(488, 4276)
(487, 4277)
(487, 4278)
(486, 4279)
(486, 4280)
(486, 4281)
(485, 4282)
(485, 4283)
(485, 4284)
(484, 4285)
(484, 4286)
(483, 4287)
(483, 4288)
(483, 4289)
(482, 4290)
(482, 4291)
(481, 4292)
(481, 4293)
(480, 4294)
(480, 4295)
(480, 4296)
(479, 4297)
(479, 4298)
(479, 4299)
(479, 4300)
(478, 4301)
(478, 4302)
(478, 4303)
(478, 4304)
(478, 4305)
(478, 4306)
(478, 4307)
(478, 4308)
(478, 4309)
(478, 4310)
(478, 4311)
(479, 4312)
(479, 4313)
(480, 4314)
(481, 4315)
(481, 4316)
(481, 4317)
(482, 4318)
(482, 4319)
(482, 4320)
(481, 4321)
(481, 4322)
(480, 4323)
(479, 4324)
(479, 4325)
(478, 4326)
(478, 4327)
(477, 4328)
(477, 4329)
(477, 4330)
(477, 4331)
(477, 4332)
(477, 4333)
(477, 4334)
(477, 4335)
(477, 4336)
(477, 4337)
(478, 4338)
(478, 4339)
(478, 4340)
(478, 4341)
(478, 4342)
(479, 4343)
(479, 4344)
(479, 4345)
(479, 4346)
(479, 4347)
(479, 4348)
(479, 4349)
(479, 4350)
(479, 4351)
(480, 4352)
(480, 4353)
(480, 4354)
(480, 4355)
(480, 4356)
(480, 4357)
(480, 4358)
(480, 4359)
(480, 4360)
(480, 4361)
(480, 4362)
(480, 4363)
(480, 4364)
(480, 4365)
(480, 4366)
(480, 4367)
(479, 4368)
(479, 4369)
(479, 4370)
(479, 4371)
(479, 4372)
(479, 4373)
(479, 4374)
(479, 4375)
(479, 4376)
(479, 4377)
(478, 4378)
(478, 4379)
(478, 4380)
(478, 4381)
(478, 4382)
(478, 4383)
(478, 4384)
(478, 4385)
(478, 4386)
(478, 4387)
(478, 4388)
(478, 4389)
(478, 4390)
(478, 4391)
(479, 4392)
(479, 4393)
(479, 4394)
(479, 4395)
(479, 4396)
(479, 4397)
(480, 4398)
(480, 4399)
(480, 4400)
(480, 4401)
(480, 4402)
(480, 4403)
(480, 4404)
(480, 4405)
(480, 4406)
(480, 4407)
(481, 4408)
(481, 4409)
(481, 4410)
(481, 4411)
(481, 4412)
(481, 4413)
(481, 4414)
(480, 4415)
(480, 4416)
(480, 4417)
(480, 4418)
(480, 4419)
(479, 4420)
(479, 4421)
(479, 4422)
(479, 4423)
(479, 4424)
(479, 4425)
(479, 4426)
(479, 4427)
(478, 4428)
