Tam. img.: (910, 2380)
(206, 213)
(206, 214)
(206, 215)
(206, 216)
(206, 217)
(206, 218)
(206, 219)
(206, 220)
(207, 221)
(207, 222)
(207, 223)
(207, 224)
(207, 225)
(207, 226)
(208, 227)
(208, 228)
(208, 229)
(208, 230)
(208, 231)
(208, 232)
(209, 233)
(209, 234)
(209, 235)
(209, 236)
(209, 237)
(209, 238)
(209, 239)
(209, 240)
(209, 241)
(209, 242)
(209, 243)
(209, 244)
(209, 245)
(209, 246)
(209, 247)
(209, 248)
(209, 249)
(209, 250)
(209, 251)
(209, 252)
(209, 253)
(209, 254)
(209, 255)
(209, 256)
(209, 257)
(209, 258)
(209, 259)
(209, 260)
(209, 261)
(210, 262)
(210, 263)
(211, 264)
(211, 265)
(210, 266)
(210, 267)
(210, 268)
(210, 269)
(210, 270)
(210, 271)
(211, 272)
(211, 273)
(211, 274)
(211, 275)
(211, 276)
(212, 277)
(212, 278)
(212, 279)
(212, 280)
(212, 281)
(212, 282)
(213, 283)
(213, 284)
(213, 285)
(213, 286)
(213, 287)
(213, 288)
(213, 289)
(213, 290)
(213, 291)
(213, 292)
(212, 293)
(212, 294)
(212, 295)
(212, 296)
(212, 297)
(211, 298)
(212, 299)
(212, 300)
(212, 301)
(212, 302)
(212, 303)
(212, 304)
(212, 305)
(212, 306)
(213, 307)
(213, 308)
(213, 309)
(213, 310)
(213, 311)
(214, 312)
(214, 313)
(214, 314)
(214, 315)
(214, 316)
(214, 317)
(214, 318)
(214, 319)
(214, 320)
(214, 321)
(214, 322)
(214, 323)
(214, 324)
(214, 325)
(214, 326)
(214, 327)
(214, 328)
(214, 329)
(214, 330)
(215, 331)
(215, 332)
(215, 333)
(214, 334)
(214, 335)
(214, 336)
(214, 337)
(214, 338)
(214, 339)
(214, 340)
(214, 341)
(214, 342)
(214, 343)
(215, 344)
(215, 345)
(215, 346)
(215, 347)
(215, 348)
(215, 349)
(215, 350)
(214, 351)
(214, 352)
(214, 353)
(214, 354)
(214, 355)
(214, 356)
(214, 357)
(214, 358)
(215, 359)
(215, 360)
(216, 361)
(216, 362)
(216, 363)
(216, 364)
(216, 365)
(215, 366)
(215, 367)
(215, 368)
(214, 369)
(214, 370)
(214, 371)
(214, 372)
(214, 373)
(214, 374)
(214, 375)
(215, 376)
(216, 377)
(215, 378)
(215, 379)
(215, 380)
(215, 381)
(215, 382)
(215, 383)
(215, 384)
(215, 385)
(215, 386)
(215, 387)
(215, 388)
(215, 389)
(215, 390)
(215, 391)
(215, 392)
(215, 393)
(215, 394)
(215, 395)
(215, 396)
(215, 397)
(215, 398)
(215, 399)
(216, 400)
(216, 401)
(216, 402)
(216, 403)
(216, 404)
(216, 405)
(216, 406)
(216, 407)
(216, 408)
(216, 409)
(216, 410)
(216, 411)
(216, 412)
(217, 413)
(217, 414)
(217, 415)
(217, 416)
(217, 417)
(217, 418)
(218, 419)
(218, 420)
(218, 421)
(218, 422)
(219, 423)
(219, 424)
(219, 425)
(219, 426)
(220, 427)
(220, 428)
(220, 429)
(221, 430)
(221, 431)
(221, 432)
(222, 433)
(222, 434)
(223, 435)
(223, 436)
(223, 437)
(224, 438)
(224, 439)
(224, 440)
(225, 441)
(224, 442)
(224, 443)
(224, 444)
(223, 445)
(223, 446)
(223, 447)
(222, 448)
(222, 449)
(222, 450)
(222, 451)
(221, 452)
(221, 453)
(221, 454)
(221, 455)
(222, 456)
(222, 457)
(223, 458)
(223, 459)
(224, 460)
(224, 461)
(224, 462)
(224, 463)
(224, 464)
(224, 465)
(224, 466)
(224, 467)
(224, 468)
(224, 469)
(224, 470)
(224, 471)
(224, 472)
(224, 473)
(224, 474)
(224, 475)
(224, 476)
(224, 477)
(224, 478)
(224, 479)
(224, 480)
(224, 481)
(224, 482)
(224, 483)
(224, 484)
(224, 485)
(224, 486)
(224, 487)
(224, 488)
(224, 489)
(224, 490)
(224, 491)
(224, 492)
(224, 493)
(225, 494)
(225, 495)
(225, 496)
(225, 497)
(225, 498)
(225, 499)
(224, 500)
(224, 501)
(224, 502)
(224, 503)
(224, 504)
(224, 505)
(224, 506)
(224, 507)
(224, 508)
(224, 509)
(224, 510)
(224, 511)
(224, 512)
(224, 513)
(224, 514)
(224, 515)
(224, 516)
(224, 517)
(224, 518)
(224, 519)
(224, 520)
(224, 521)
(224, 522)
(224, 523)
(224, 524)
(224, 525)
(224, 526)
(224, 527)
(224, 528)
(224, 529)
(224, 530)
(224, 531)
(224, 532)
(224, 533)
(224, 534)
(224, 535)
(224, 536)
(224, 537)
(224, 538)
(224, 539)
(224, 540)
(225, 541)
(225, 542)
(225, 543)
(225, 544)
(225, 545)
(226, 546)
(226, 547)
(226, 548)
(226, 549)
(226, 550)
(226, 551)
(227, 552)
(227, 553)
(227, 554)
(227, 555)
(227, 556)
(227, 557)
(228, 558)
(228, 559)
(228, 560)
(229, 561)
(229, 562)
(229, 563)
(229, 564)
(230, 565)
(230, 566)
(230, 567)
(230, 568)
(230, 569)
(230, 570)
(231, 571)
(231, 572)
(231, 573)
(231, 574)
(231, 575)
(231, 576)
(231, 577)
(232, 578)
(232, 579)
(232, 580)
(233, 581)
(233, 582)
(233, 583)
(233, 584)
(233, 585)
(233, 586)
(233, 587)
(233, 588)
(233, 589)
(233, 590)
(233, 591)
(233, 592)
(233, 593)
(233, 594)
(233, 595)
(233, 596)
(233, 597)
(233, 598)
(234, 599)
(234, 600)
(234, 601)
(234, 602)
(235, 603)
(235, 604)
(235, 605)
(236, 606)
(236, 607)
(236, 608)
(236, 609)
(236, 610)
(236, 611)
(236, 612)
(236, 613)
(237, 614)
(237, 615)
(237, 616)
(237, 617)
(237, 618)
(237, 619)
(237, 620)
(238, 621)
(238, 622)
(238, 623)
(238, 624)
(238, 625)
(238, 626)
(239, 627)
(239, 628)
(239, 629)
(239, 630)
(239, 631)
(240, 632)
(240, 633)
(240, 634)
(240, 635)
(240, 636)
(241, 637)
(241, 638)
(241, 639)
(241, 640)
(241, 641)
(241, 642)
(241, 643)
(241, 644)
(242, 645)
(242, 646)
(242, 647)
(242, 648)
(242, 649)
(242, 650)
(242, 651)
(243, 652)
(243, 653)
(243, 654)
(243, 655)
(243, 656)
(243, 657)
(243, 658)
(243, 659)
(243, 660)
(243, 661)
(244, 662)
(244, 663)
(244, 664)
(244, 665)
(244, 666)
(244, 667)
(244, 668)
(244, 669)
(244, 670)
(244, 671)
(245, 672)
(245, 673)
(245, 674)
(245, 675)
(245, 676)
(245, 677)
(245, 678)
(245, 679)
(245, 680)
(245, 681)
(245, 682)
(245, 683)
(245, 684)
(245, 685)
(245, 686)
(245, 687)
(245, 688)
(245, 689)
(244, 690)
(245, 691)
(245, 692)
(245, 693)
(245, 694)
(245, 695)
(245, 696)
(245, 697)
(245, 698)
(245, 699)
(246, 700)
(246, 701)
(246, 702)
(246, 703)
(246, 704)
(246, 705)
(246, 706)
(246, 707)
(246, 708)
(246, 709)
(246, 710)
(246, 711)
(246, 712)
(246, 713)
(246, 714)
(245, 715)
(247, 716)
(246, 717)
(247, 718)
(247, 719)
(247, 720)
(247, 721)
(247, 722)
(247, 723)
(247, 724)
(247, 725)
(247, 726)
(247, 727)
(247, 728)
(246, 729)
(247, 730)
(247, 731)
(247, 732)
(247, 733)
(247, 734)
(247, 735)
(247, 736)
(247, 737)
(247, 738)
(247, 739)
(247, 740)
(247, 741)
(247, 742)
(246, 743)
(247, 744)
(247, 745)
(247, 746)
(247, 747)
(247, 748)
(247, 749)
(247, 750)
(247, 751)
(247, 752)
(247, 753)
(247, 754)
(247, 755)
(247, 756)
(247, 757)
(248, 758)
(248, 759)
(248, 760)
(248, 761)
(248, 762)
(248, 763)
(248, 764)
(248, 765)
(248, 766)
(248, 767)
(248, 768)
(248, 769)
(248, 770)
(248, 771)
(248, 772)
(248, 773)
(247, 774)
(247, 775)
(247, 776)
(247, 777)
(247, 778)
(247, 779)
(247, 780)
(247, 781)
(247, 782)
(247, 783)
(247, 784)
(246, 785)
(246, 786)
(246, 787)
(246, 788)
(246, 789)
(246, 790)
(246, 791)
(246, 792)
(246, 793)
(246, 794)
(246, 795)
(246, 796)
(245, 797)
(246, 798)
(246, 799)
(246, 800)
(245, 801)
(245, 802)
(245, 803)
(245, 804)
(245, 805)
(245, 806)
(244, 807)
(244, 808)
(244, 809)
(244, 810)
(244, 811)
(244, 812)
(243, 813)
(243, 814)
(243, 815)
(243, 816)
(243, 817)
(243, 818)
(243, 819)
(243, 820)
(243, 821)
(243, 822)
(242, 823)
(242, 824)
(242, 825)
(242, 826)
(243, 827)
(243, 828)
(243, 829)
(243, 830)
(243, 831)
(243, 832)
(243, 833)
(243, 834)
(243, 835)
(243, 836)
(243, 837)
(243, 838)
(243, 839)
(243, 840)
(243, 841)
(243, 842)
(244, 843)
(244, 844)
(244, 845)
(244, 846)
(244, 847)
(244, 848)
(244, 849)
(243, 850)
(243, 851)
(243, 852)
(243, 853)
(243, 854)
(243, 855)
(244, 856)
(244, 857)
(244, 858)
(244, 859)
(244, 860)
(244, 861)
(245, 862)
(245, 863)
(244, 864)
(244, 865)
(244, 866)
(244, 867)
(244, 868)
(243, 869)
(243, 870)
(243, 871)
(243, 872)
(243, 873)
(243, 874)
(242, 875)
(242, 876)
(242, 877)
(242, 878)
(242, 879)
(242, 880)
(242, 881)
(242, 882)
(242, 883)
(242, 884)
(242, 885)
(242, 886)
(242, 887)
(242, 888)
(242, 889)
(242, 890)
(242, 891)
(242, 892)
(242, 893)
(242, 894)
(242, 895)
(242, 896)
(242, 897)
(242, 898)
(242, 899)
(242, 900)
(242, 901)
(242, 902)
(242, 903)
(242, 904)
(242, 905)
(242, 906)
(242, 907)
(242, 908)
(242, 909)
(242, 910)
(243, 911)
(243, 912)
(243, 913)
(243, 914)
(243, 915)
(243, 916)
(243, 917)
(243, 918)
(243, 919)
(243, 920)
(243, 921)
(244, 922)
(244, 923)
(243, 924)
(243, 925)
(243, 926)
(244, 927)
(244, 928)
(243, 929)
(243, 930)
(243, 931)
(243, 932)
(243, 933)
(243, 934)
(243, 935)
(243, 936)
(243, 937)
(243, 938)
(243, 939)
(243, 940)
(243, 941)
(243, 942)
(243, 943)
(243, 944)
(243, 945)
(243, 946)
(243, 947)
(243, 948)
(243, 949)
(243, 950)
(243, 951)
(243, 952)
(243, 953)
(243, 954)
(243, 955)
(243, 956)
(243, 957)
(243, 958)
(243, 959)
(243, 960)
(244, 961)
(244, 962)
(243, 963)
(243, 964)
(243, 965)
(243, 966)
(244, 967)
(244, 968)
(243, 969)
(243, 970)
(243, 971)
(243, 972)
(243, 973)
(243, 974)
(243, 975)
(242, 976)
(242, 977)
(242, 978)
(242, 979)
(242, 980)
(242, 981)
(242, 982)
(242, 983)
(242, 984)
(242, 985)
(242, 986)
(241, 987)
(241, 988)
(241, 989)
(241, 990)
(241, 991)
(241, 992)
(241, 993)
(241, 994)
(241, 995)
(241, 996)
(241, 997)
(241, 998)
(241, 999)
(241, 1000)
(241, 1001)
(241, 1002)
(241, 1003)
(241, 1004)
(241, 1005)
(241, 1006)
(241, 1007)
(241, 1008)
(241, 1009)
(241, 1010)
(241, 1011)
(240, 1012)
(240, 1013)
(240, 1014)
(240, 1015)
(240, 1016)
(240, 1017)
(240, 1018)
(240, 1019)
(240, 1020)
(239, 1021)
(239, 1022)
(239, 1023)
(239, 1024)
(239, 1025)
(239, 1026)
(239, 1027)
(239, 1028)
(238, 1029)
(238, 1030)
(239, 1031)
(238, 1032)
(239, 1033)
(239, 1034)
(239, 1035)
(239, 1036)
(239, 1037)
(239, 1038)
(239, 1039)
(238, 1040)
(238, 1041)
(238, 1042)
(238, 1043)
(238, 1044)
(238, 1045)
(238, 1046)
(238, 1047)
(238, 1048)
(239, 1049)
(239, 1050)
(239, 1051)
(239, 1052)
(239, 1053)
(239, 1054)
(238, 1055)
(238, 1056)
(238, 1057)
(237, 1058)
(237, 1059)
(237, 1060)
(237, 1061)
(237, 1062)
(237, 1063)
(237, 1064)
(237, 1065)
(237, 1066)
(237, 1067)
(237, 1068)
(238, 1069)
(238, 1070)
(238, 1071)
(238, 1072)
(238, 1073)
(237, 1074)
(237, 1075)
(237, 1076)
(238, 1077)
(237, 1078)
(237, 1079)
(237, 1080)
(237, 1081)
(237, 1082)
(238, 1083)
(238, 1084)
(238, 1085)
(238, 1086)
(238, 1087)
(238, 1088)
(238, 1089)
(238, 1090)
(238, 1091)
(238, 1092)
(238, 1093)
(238, 1094)
(238, 1095)
(238, 1096)
(238, 1097)
(238, 1098)
(238, 1099)
(238, 1100)
(238, 1101)
(238, 1102)
(238, 1103)
(238, 1104)
(238, 1105)
(239, 1106)
(239, 1107)
(239, 1108)
(239, 1109)
(239, 1110)
(239, 1111)
(239, 1112)
(238, 1113)
(238, 1114)
(238, 1115)
(239, 1116)
(239, 1117)
(239, 1118)
(239, 1119)
(239, 1120)
(239, 1121)
(239, 1122)
(239, 1123)
(239, 1124)
(239, 1125)
(239, 1126)
(240, 1127)
(240, 1128)
(240, 1129)
(240, 1130)
(240, 1131)
(240, 1132)
(240, 1133)
(240, 1134)
(240, 1135)
(240, 1136)
(240, 1137)
(240, 1138)
(240, 1139)
(240, 1140)
(239, 1141)
(239, 1142)
(239, 1143)
(239, 1144)
(239, 1145)
(239, 1146)
(239, 1147)
(239, 1148)
(240, 1149)
(240, 1150)
(240, 1151)
(240, 1152)
(240, 1153)
(240, 1154)
(240, 1155)
(240, 1156)
(240, 1157)
(240, 1158)
(240, 1159)
(240, 1160)
(240, 1161)
(240, 1162)
(240, 1163)
(240, 1164)
(240, 1165)
(240, 1166)
(240, 1167)
(240, 1168)
(240, 1169)
(240, 1170)
(240, 1171)
(240, 1172)
(240, 1173)
(240, 1174)
(240, 1175)
(240, 1176)
(240, 1177)
(240, 1178)
(240, 1179)
(239, 1180)
(239, 1181)
(239, 1182)
(239, 1183)
(239, 1184)
(239, 1185)
(239, 1186)
(239, 1187)
(239, 1188)
(239, 1189)
(239, 1190)
(240, 1191)
(240, 1192)
(240, 1193)
(240, 1194)
(240, 1195)
(239, 1196)
(239, 1197)
(239, 1198)
(239, 1199)
(239, 1200)
(239, 1201)
(239, 1202)
(239, 1203)
(239, 1204)
(239, 1205)
(239, 1206)
(239, 1207)
(239, 1208)
(239, 1209)
(239, 1210)
(240, 1211)
(240, 1212)
(240, 1213)
(239, 1214)
(239, 1215)
(240, 1216)
(240, 1217)
(240, 1218)
(240, 1219)
(241, 1220)
(241, 1221)
(241, 1222)
(241, 1223)
(241, 1224)
(241, 1225)
(241, 1226)
(241, 1227)
(241, 1228)
(241, 1229)
(241, 1230)
(241, 1231)
(242, 1232)
(242, 1233)
(242, 1234)
(242, 1235)
(242, 1236)
(242, 1237)
(242, 1238)
(242, 1239)
(242, 1240)
(242, 1241)
(242, 1242)
(242, 1243)
(243, 1244)
(243, 1245)
(242, 1246)
(242, 1247)
(242, 1248)
(242, 1249)
(242, 1250)
(243, 1251)
(243, 1252)
(243, 1253)
(243, 1254)
(243, 1255)
(243, 1256)
(243, 1257)
(243, 1258)
(243, 1259)
(243, 1260)
(243, 1261)
(243, 1262)
(243, 1263)
(243, 1264)
(243, 1265)
(243, 1266)
(243, 1267)
(243, 1268)
(243, 1269)
(243, 1270)
(243, 1271)
(243, 1272)
(244, 1273)
(244, 1274)
(244, 1275)
(244, 1276)
(244, 1277)
(244, 1278)
(243, 1279)
(243, 1280)
(243, 1281)
(243, 1282)
(243, 1283)
(243, 1284)
(243, 1285)
(243, 1286)
(243, 1287)
(243, 1288)
(243, 1289)
(243, 1290)
(242, 1291)
(242, 1292)
(242, 1293)
(242, 1294)
(242, 1295)
(242, 1296)
(242, 1297)
(242, 1298)
(242, 1299)
(242, 1300)
(242, 1301)
(242, 1302)
(242, 1303)
(242, 1304)
(243, 1305)
(243, 1306)
(243, 1307)
(243, 1308)
(243, 1309)
(243, 1310)
(243, 1311)
(243, 1312)
(243, 1313)
(243, 1314)
(243, 1315)
(243, 1316)
(243, 1317)
(243, 1318)
(244, 1319)
(244, 1320)
(244, 1321)
(243, 1322)
(243, 1323)
(243, 1324)
(243, 1325)
(242, 1326)
(242, 1327)
(242, 1328)
(241, 1329)
(241, 1330)
(241, 1331)
(240, 1332)
(240, 1333)
(240, 1334)
(240, 1335)
(241, 1336)
(241, 1337)
(241, 1338)
(241, 1339)
(241, 1340)
(242, 1341)
(242, 1342)
(242, 1343)
(242, 1344)
(242, 1345)
(242, 1346)
(242, 1347)
(242, 1348)
(242, 1349)
(242, 1350)
(243, 1351)
(243, 1352)
(243, 1353)
(243, 1354)
(243, 1355)
(243, 1356)
(243, 1357)
(243, 1358)
(243, 1359)
(243, 1360)
(244, 1361)
(244, 1362)
(244, 1363)
(244, 1364)
(244, 1365)
(244, 1366)
(244, 1367)
(244, 1368)
(244, 1369)
(244, 1370)
(244, 1371)
(244, 1372)
(244, 1373)
(244, 1374)
(245, 1375)
(245, 1376)
(245, 1377)
(245, 1378)
(245, 1379)
(245, 1380)
(245, 1381)
(245, 1382)
(245, 1383)
(245, 1384)
(245, 1385)
(245, 1386)
(246, 1387)
(246, 1388)
(246, 1389)
(246, 1390)
(246, 1391)
(246, 1392)
(246, 1393)
(246, 1394)
(245, 1395)
(245, 1396)
(245, 1397)
(245, 1398)
(246, 1399)
(246, 1400)
(246, 1401)
(246, 1402)
(246, 1403)
(246, 1404)
(246, 1405)
(246, 1406)
(246, 1407)
(246, 1408)
(245, 1409)
(246, 1410)
(246, 1411)
(246, 1412)
(246, 1413)
(246, 1414)
(246, 1415)
(246, 1416)
(246, 1417)
(246, 1418)
(246, 1419)
(247, 1420)
(247, 1421)
(247, 1422)
(247, 1423)
(247, 1424)
(247, 1425)
(247, 1426)
(247, 1427)
(247, 1428)
(247, 1429)
(247, 1430)
(247, 1431)
(247, 1432)
(247, 1433)
(247, 1434)
(247, 1435)
(247, 1436)
(247, 1437)
(247, 1438)
(247, 1439)
(247, 1440)
(247, 1441)
(247, 1442)
(247, 1443)
(247, 1444)
(248, 1445)
(248, 1446)
(248, 1447)
(247, 1448)
(247, 1449)
(247, 1450)
(247, 1451)
(247, 1452)
(248, 1453)
(247, 1454)
(247, 1455)
(246, 1456)
(246, 1457)
(246, 1458)
(246, 1459)
(246, 1460)
(245, 1461)
(245, 1462)
(245, 1463)
(244, 1464)
(244, 1465)
(243, 1466)
(243, 1467)
(243, 1468)
(243, 1469)
(243, 1470)
(242, 1471)
(242, 1472)
(243, 1473)
(242, 1474)
(242, 1475)
(242, 1476)
(241, 1477)
(241, 1478)
(241, 1479)
(241, 1480)
(241, 1481)
(241, 1482)
(241, 1483)
(241, 1484)
(241, 1485)
(240, 1486)
(240, 1487)
(240, 1488)
(240, 1489)
(240, 1490)
(240, 1491)
(240, 1492)
(240, 1493)
(240, 1494)
(240, 1495)
(240, 1496)
(240, 1497)
(241, 1498)
(241, 1499)
(241, 1500)
(241, 1501)
(241, 1502)
(241, 1503)
(241, 1504)
(241, 1505)
(241, 1506)
(242, 1507)
(242, 1508)
(242, 1509)
(242, 1510)
(242, 1511)
(242, 1512)
(242, 1513)
(242, 1514)
(242, 1515)
(242, 1516)
(242, 1517)
(243, 1518)
(243, 1519)
(243, 1520)
(243, 1521)
(243, 1522)
(243, 1523)
(243, 1524)
(243, 1525)
(243, 1526)
(243, 1527)
(243, 1528)
(243, 1529)
(243, 1530)
(243, 1531)
(243, 1532)
(244, 1533)
(244, 1534)
(244, 1535)
(244, 1536)
(244, 1537)
(244, 1538)
(244, 1539)
(244, 1540)
(245, 1541)
(245, 1542)
(245, 1543)
(245, 1544)
(245, 1545)
(245, 1546)
(245, 1547)
(245, 1548)
(245, 1549)
(245, 1550)
(245, 1551)
(245, 1552)
(245, 1553)
(245, 1554)
(245, 1555)
(245, 1556)
(245, 1557)
(245, 1558)
(245, 1559)
(245, 1560)
(245, 1561)
(244, 1562)
(244, 1563)
(244, 1564)
(244, 1565)
(244, 1566)
(244, 1567)
(244, 1568)
(244, 1569)
(244, 1570)
(243, 1571)
(243, 1572)
(243, 1573)
(243, 1574)
(243, 1575)
(243, 1576)
(243, 1577)
(243, 1578)
(243, 1579)
(243, 1580)
(243, 1581)
(243, 1582)
(243, 1583)
(243, 1584)
(243, 1585)
(243, 1586)
(243, 1587)
(243, 1588)
(243, 1589)
(242, 1590)
(242, 1591)
(242, 1592)
(243, 1593)
(243, 1594)
(242, 1595)
(242, 1596)
(242, 1597)
(242, 1598)
(242, 1599)
(242, 1600)
(242, 1601)
(242, 1602)
(242, 1603)
(242, 1604)
(241, 1605)
(241, 1606)
(241, 1607)
(241, 1608)
(241, 1609)
(241, 1610)
(241, 1611)
(241, 1612)
(242, 1613)
(241, 1614)
(241, 1615)
(241, 1616)
(241, 1617)
(241, 1618)
(241, 1619)
(241, 1620)
(241, 1621)
(242, 1622)
(242, 1623)
(242, 1624)
(242, 1625)
(242, 1626)
(242, 1627)
(241, 1628)
(241, 1629)
(241, 1630)
(241, 1631)
(242, 1632)
(242, 1633)
(242, 1634)
(242, 1635)
(242, 1636)
(242, 1637)
(242, 1638)
(242, 1639)
(241, 1640)
(241, 1641)
(241, 1642)
(241, 1643)
(242, 1644)
(242, 1645)
(241, 1646)
(241, 1647)
(241, 1648)
(241, 1649)
(241, 1650)
(241, 1651)
(241, 1652)
(241, 1653)
(241, 1654)
(241, 1655)
(241, 1656)
(241, 1657)
(241, 1658)
(241, 1659)
(241, 1660)
(241, 1661)
(241, 1662)
(241, 1663)
(241, 1664)
(241, 1665)
(241, 1666)
(242, 1667)
(242, 1668)
(242, 1669)
(242, 1670)
(242, 1671)
(242, 1672)
(242, 1673)
(242, 1674)
(242, 1675)
(241, 1676)
(241, 1677)
(241, 1678)
(241, 1679)
(241, 1680)
(241, 1681)
(241, 1682)
(241, 1683)
(241, 1684)
(242, 1685)
(242, 1686)
(242, 1687)
(242, 1688)
(242, 1689)
(242, 1690)
(242, 1691)
(242, 1692)
(243, 1693)
(243, 1694)
(242, 1695)
(242, 1696)
(242, 1697)
(242, 1698)
(242, 1699)
(242, 1700)
(242, 1701)
(242, 1702)
(242, 1703)
(242, 1704)
(242, 1705)
(242, 1706)
(241, 1707)
(241, 1708)
(241, 1709)
(242, 1710)
(242, 1711)
(242, 1712)
(242, 1713)
(242, 1714)
(242, 1715)
(242, 1716)
(242, 1717)
(242, 1718)
(242, 1719)
(241, 1720)
(241, 1721)
(241, 1722)
(241, 1723)
(241, 1724)
(241, 1725)
(241, 1726)
(241, 1727)
(241, 1728)
(241, 1729)
(241, 1730)
(241, 1731)
(241, 1732)
(241, 1733)
(241, 1734)
(241, 1735)
(241, 1736)
(241, 1737)
(241, 1738)
(240, 1739)
(240, 1740)
(240, 1741)
(241, 1742)
(241, 1743)
(241, 1744)
(241, 1745)
(241, 1746)
(241, 1747)
(241, 1748)
(241, 1749)
(241, 1750)
(241, 1751)
(241, 1752)
(241, 1753)
(241, 1754)
(241, 1755)
(240, 1756)
(240, 1757)
(240, 1758)
(240, 1759)
(240, 1760)
(240, 1761)
(240, 1762)
(240, 1763)
(240, 1764)
(240, 1765)
(240, 1766)
(240, 1767)
(239, 1768)
(239, 1769)
(239, 1770)
(239, 1771)
(239, 1772)
(239, 1773)
(239, 1774)
(239, 1775)
(239, 1776)
(239, 1777)
(239, 1778)
(239, 1779)
(239, 1780)
(239, 1781)
(238, 1782)
(239, 1783)
(239, 1784)
(238, 1785)
(238, 1786)
(239, 1787)
(239, 1788)
(238, 1789)
(238, 1790)
(238, 1791)
(238, 1792)
(238, 1793)
(238, 1794)
(236, 1795)
(237, 1796)
(237, 1797)
(237, 1798)
(237, 1799)
(238, 1800)
(238, 1801)
(238, 1802)
(238, 1803)
(238, 1804)
(238, 1805)
(238, 1806)
(238, 1807)
(238, 1808)
(238, 1809)
(238, 1810)
(238, 1811)
(238, 1812)
(238, 1813)
(238, 1814)
(238, 1815)
(238, 1816)
(238, 1817)
(238, 1818)
(238, 1819)
(238, 1820)
(238, 1821)
(238, 1822)
(238, 1823)
(238, 1824)
(238, 1825)
(238, 1826)
(238, 1827)
(238, 1828)
(238, 1829)
(238, 1830)
(238, 1831)
(238, 1832)
(238, 1833)
(238, 1834)
(238, 1835)
(238, 1836)
(238, 1837)
(238, 1838)
(238, 1839)
(238, 1840)
(238, 1841)
(238, 1842)
(238, 1843)
(238, 1844)
(238, 1845)
(238, 1846)
(238, 1847)
(238, 1848)
(238, 1849)
(238, 1850)
(238, 1851)
(238, 1852)
(238, 1853)
(238, 1854)
(238, 1855)
(238, 1856)
(238, 1857)
(238, 1858)
(238, 1859)
(238, 1860)
(238, 1861)
(238, 1862)
(238, 1863)
(238, 1864)
(238, 1865)
(238, 1866)
(238, 1867)
(238, 1868)
(237, 1869)
(237, 1870)
(237, 1871)
(237, 1872)
(237, 1873)
(237, 1874)
(237, 1875)
(237, 1876)
(237, 1877)
(237, 1878)
(237, 1879)
(238, 1880)
(238, 1881)
(238, 1882)
(238, 1883)
(238, 1884)
(238, 1885)
(238, 1886)
(238, 1887)
(238, 1888)
(238, 1889)
(238, 1890)
(237, 1891)
(237, 1892)
(238, 1893)
(238, 1894)
(238, 1895)
(237, 1896)
(237, 1897)
(237, 1898)
(238, 1899)
(238, 1900)
(238, 1901)
(238, 1902)
(238, 1903)
(238, 1904)
(238, 1905)
(237, 1906)
(237, 1907)
(237, 1908)
(237, 1909)
(237, 1910)
(237, 1911)
(237, 1912)
(237, 1913)
(237, 1914)
(237, 1915)
(237, 1916)
(237, 1917)
(237, 1918)
(237, 1919)
(237, 1920)
(237, 1921)
(237, 1922)
(237, 1923)
(237, 1924)
(237, 1925)
(237, 1926)
(237, 1927)
(237, 1928)
(237, 1929)
(237, 1930)
(237, 1931)
(237, 1932)
(237, 1933)
(237, 1934)
(237, 1935)
(237, 1936)
(237, 1937)
(237, 1938)
(237, 1939)
(237, 1940)
(237, 1941)
(237, 1942)
(237, 1943)
(237, 1944)
(237, 1945)
(237, 1946)
(237, 1947)
(237, 1948)
(237, 1949)
(237, 1950)
(237, 1951)
(237, 1952)
(237, 1953)
(237, 1954)
(237, 1955)
(238, 1956)
(237, 1957)
(237, 1958)
(237, 1959)
(237, 1960)
(237, 1961)
(237, 1962)
(237, 1963)
(237, 1964)
(237, 1965)
(237, 1966)
(237, 1967)
(237, 1968)
(237, 1969)
(237, 1970)
(237, 1971)
(237, 1972)
(237, 1973)
(237, 1974)
(237, 1975)
(237, 1976)
(237, 1977)
(237, 1978)
(236, 1979)
(236, 1980)
(236, 1981)
(236, 1982)
(236, 1983)
(236, 1984)
(236, 1985)
(236, 1986)
(236, 1987)
(236, 1988)
(236, 1989)
(235, 1990)
(235, 1991)
(235, 1992)
(235, 1993)
(235, 1994)
(235, 1995)
(235, 1996)
(235, 1997)
(234, 1998)
(234, 1999)
(234, 2000)
(234, 2001)
(234, 2002)
(234, 2003)
(234, 2004)
(233, 2005)
(233, 2006)
(233, 2007)
(233, 2008)
(233, 2009)
(233, 2010)
(232, 2011)
(232, 2012)
(232, 2013)
(232, 2014)
(232, 2015)
(231, 2016)
(231, 2017)
(231, 2018)
(231, 2019)
(231, 2020)
(230, 2021)
(230, 2022)
(230, 2023)
(230, 2024)
(230, 2025)
(229, 2026)
(229, 2027)
(229, 2028)
(229, 2029)
(229, 2030)
(229, 2031)
(229, 2032)
(228, 2033)
(228, 2034)
(228, 2035)
(228, 2036)
(228, 2037)
(227, 2038)
(227, 2039)
(227, 2040)
(227, 2041)
(227, 2042)
(227, 2043)
(226, 2044)
(226, 2045)
(226, 2046)
(226, 2047)
(226, 2048)
(226, 2049)
(226, 2050)
(225, 2051)
(225, 2052)
(225, 2053)
(225, 2054)
(225, 2055)
(224, 2056)
(224, 2057)
(224, 2058)
(224, 2059)
(224, 2060)
(224, 2061)
(224, 2062)
(223, 2063)
(223, 2064)
(223, 2065)
(223, 2066)
(223, 2067)
(222, 2068)
(222, 2069)
(222, 2070)
(221, 2071)
(221, 2072)
(221, 2073)
(221, 2074)
(220, 2075)
(220, 2076)
(220, 2077)
(220, 2078)
(220, 2079)
(219, 2080)
(219, 2081)
(219, 2082)
(218, 2083)
(218, 2084)
(218, 2085)
(218, 2086)
(218, 2087)
(218, 2088)
(218, 2089)
(218, 2090)
(218, 2091)
(218, 2092)
(218, 2093)
(217, 2094)
(217, 2095)
(217, 2096)
(217, 2097)
(217, 2098)
(217, 2099)
(217, 2100)
(217, 2101)
(217, 2102)
(217, 2103)
(217, 2104)
(217, 2105)
(216, 2106)
(216, 2107)
(216, 2108)
(216, 2109)
(216, 2110)
(216, 2111)
(216, 2112)
(216, 2113)
(216, 2114)
(216, 2115)
(215, 2116)
(215, 2117)
(215, 2118)
(215, 2119)
(215, 2120)
(215, 2121)
(215, 2122)
(215, 2123)
(214, 2124)
(214, 2125)
(214, 2126)
(214, 2127)
(214, 2128)
(214, 2129)
(214, 2130)
(214, 2131)
(214, 2132)
(214, 2133)
(214, 2134)
(214, 2135)
(214, 2136)
(214, 2137)
(214, 2138)
(213, 2139)
(213, 2140)
(213, 2141)
(213, 2142)
(213, 2143)
(213, 2144)
(213, 2145)
(212, 2146)
(212, 2147)
(212, 2148)
(212, 2149)
(212, 2150)
(212, 2151)
(212, 2152)
(212, 2153)
(212, 2154)
(212, 2155)
(212, 2156)
(212, 2157)
(212, 2158)
(211, 2159)
(211, 2160)
(211, 2161)
(211, 2162)
(211, 2163)
(210, 2164)
(210, 2165)
(210, 2166)
(210, 2167)
(210, 2168)
(210, 2169)
(210, 2170)
(209, 2171)
(209, 2172)
(209, 2173)
(209, 2174)
(209, 2175)
(209, 2176)
(209, 2177)
(209, 2178)
(209, 2179)
(209, 2180)
(209, 2181)
(209, 2182)
(209, 2183)
(209, 2184)
(209, 2185)
(209, 2186)
(209, 2187)
(209, 2188)
(208, 2189)
(208, 2190)
(208, 2191)
(209, 2192)
(208, 2193)
(208, 2194)
(208, 2195)
(208, 2196)
(207, 2197)
(207, 2198)
(207, 2199)
(206, 2200)
(206, 2201)
(206, 2202)
(206, 2203)
(206, 2204)
(205, 2205)
(205, 2206)
(205, 2207)
(205, 2208)
(205, 2209)
(205, 2210)
(206, 2211)
(206, 2212)
(206, 2213)
(206, 2214)
(205, 2215)
(205, 2216)
(205, 2217)
(205, 2218)
(205, 2219)
(205, 2220)
(205, 2221)
(205, 2222)
(205, 2223)
(205, 2224)
(205, 2225)
(205, 2226)
(205, 2227)
(205, 2228)
(205, 2229)
(204, 2230)
(205, 2231)
(205, 2232)
(200, 2299)
(195, 2301)
