Tam. img.: (910, 2380)
(702, 106)
(702, 107)
(702, 108)
(701, 109)
(701, 110)
(701, 111)
(701, 112)
(701, 113)
(701, 114)
(701, 115)
(701, 116)
(701, 117)
(701, 118)
(701, 119)
(701, 120)
(701, 121)
(701, 122)
(701, 123)
(701, 124)
(701, 125)
(701, 126)
(701, 127)
(701, 128)
(701, 129)
(701, 130)
(701, 131)
(701, 132)
(701, 133)
(701, 134)
(701, 135)
(701, 136)
(701, 137)
(701, 138)
(701, 139)
(701, 140)
(701, 141)
(701, 142)
(701, 143)
(701, 144)
(701, 145)
(701, 146)
(701, 147)
(701, 148)
(701, 149)
(701, 150)
(701, 151)
(701, 152)
(701, 153)
(701, 154)
(701, 155)
(701, 156)
(701, 157)
(701, 158)
(701, 159)
(701, 160)
(701, 161)
(701, 162)
(701, 163)
(700, 164)
(700, 165)
(700, 166)
(700, 167)
(700, 168)
(700, 169)
(700, 170)
(700, 171)
(700, 172)
(700, 173)
(700, 174)
(700, 175)
(700, 176)
(700, 177)
(700, 178)
(700, 179)
(700, 180)
(700, 181)
(700, 182)
(700, 183)
(700, 184)
(700, 185)
(700, 186)
(700, 187)
(700, 188)
(700, 189)
(700, 190)
(700, 191)
(700, 192)
(700, 193)
(700, 194)
(700, 195)
(700, 196)
(699, 198)
(699, 199)
(699, 200)
(699, 201)
(699, 202)
(699, 203)
(699, 204)
(699, 205)
(699, 206)
(699, 207)
(699, 208)
(699, 209)
(699, 210)
(699, 211)
(699, 212)
(699, 213)
(699, 214)
(699, 215)
(699, 216)
(699, 217)
(699, 218)
(699, 219)
(699, 220)
(699, 221)
(699, 222)
(699, 223)
(699, 224)
(699, 225)
(699, 226)
(699, 227)
(699, 228)
(699, 229)
(699, 230)
(699, 231)
(699, 232)
(699, 233)
(699, 234)
(699, 235)
(699, 236)
(699, 237)
(699, 238)
(699, 239)
(699, 240)
(699, 241)
(699, 242)
(698, 243)
(698, 244)
(698, 245)
(698, 246)
(698, 247)
(698, 248)
(698, 249)
(698, 250)
(698, 251)
(698, 252)
(698, 253)
(698, 254)
(698, 255)
(698, 256)
(698, 257)
(698, 258)
(698, 259)
(698, 260)
(698, 261)
(698, 262)
(698, 263)
(698, 264)
(698, 265)
(698, 266)
(698, 267)
(698, 268)
(698, 269)
(698, 270)
(698, 271)
(698, 272)
(698, 273)
(698, 274)
(698, 275)
(698, 276)
(698, 277)
(698, 278)
(698, 279)
(698, 280)
(698, 281)
(698, 282)
(698, 283)
(698, 284)
(698, 285)
(698, 286)
(698, 287)
(698, 288)
(698, 289)
(698, 290)
(699, 293)
(698, 294)
(698, 295)
(698, 296)
(698, 297)
(698, 298)
(698, 299)
(698, 300)
(698, 301)
(698, 302)
(698, 303)
(698, 304)
(698, 305)
(698, 306)
(698, 307)
(698, 308)
(698, 309)
(698, 310)
(698, 311)
(698, 312)
(698, 313)
(698, 314)
(698, 315)
(698, 316)
(698, 317)
(698, 318)
(698, 319)
(698, 320)
(698, 321)
(698, 322)
(698, 323)
(697, 324)
(697, 325)
(697, 326)
(697, 327)
(697, 328)
(697, 329)
(697, 330)
(697, 331)
(697, 332)
(697, 333)
(697, 334)
(697, 335)
(697, 336)
(697, 337)
(697, 338)
(697, 339)
(697, 340)
(697, 341)
(697, 342)
(697, 343)
(697, 344)
(697, 345)
(697, 346)
(697, 347)
(697, 348)
(697, 349)
(697, 350)
(697, 351)
(697, 352)
(697, 353)
(697, 354)
(697, 355)
(697, 356)
(697, 357)
(697, 358)
(697, 359)
(697, 360)
(697, 361)
(697, 362)
(697, 363)
(697, 364)
(697, 365)
(697, 366)
(697, 367)
(697, 368)
(697, 369)
(697, 370)
(697, 371)
(697, 372)
(697, 373)
(697, 374)
(697, 375)
(697, 376)
(697, 377)
(697, 378)
(697, 379)
(697, 380)
(697, 381)
(697, 382)
(697, 383)
(697, 386)
(697, 387)
(697, 388)
(697, 389)
(697, 390)
(697, 391)
(697, 392)
(697, 393)
(697, 394)
(697, 395)
(697, 396)
(697, 397)
(697, 398)
(697, 399)
(697, 400)
(697, 401)
(697, 402)
(697, 403)
(697, 404)
(697, 405)
(697, 406)
(697, 407)
(697, 408)
(697, 409)
(697, 410)
(697, 411)
(697, 412)
(697, 413)
(697, 414)
(697, 415)
(697, 416)
(697, 417)
(697, 418)
(697, 419)
(697, 420)
(697, 421)
(697, 422)
(697, 423)
(697, 424)
(697, 425)
(697, 426)
(696, 427)
(696, 428)
(696, 429)
(696, 430)
(696, 431)
(696, 432)
(696, 433)
(696, 434)
(696, 435)
(696, 436)
(696, 437)
(696, 438)
(696, 439)
(696, 440)
(696, 441)
(696, 442)
(696, 443)
(696, 444)
(696, 445)
(696, 446)
(696, 447)
(696, 448)
(696, 449)
(696, 450)
(696, 451)
(695, 452)
(695, 453)
(695, 454)
(695, 455)
(695, 456)
(695, 457)
(695, 458)
(695, 459)
(695, 460)
(695, 461)
(695, 462)
(695, 463)
(695, 464)
(695, 465)
(695, 466)
(695, 467)
(695, 468)
(695, 469)
(694, 470)
(694, 471)
(694, 472)
(694, 473)
(694, 474)
(694, 475)
(694, 476)
(694, 477)
(694, 478)
(694, 481)
(694, 482)
(694, 483)
(694, 484)
(694, 485)
(694, 486)
(694, 487)
(694, 488)
(694, 489)
(694, 490)
(694, 491)
(694, 492)
(693, 493)
(693, 494)
(693, 495)
(693, 496)
(693, 497)
(693, 498)
(693, 499)
(693, 500)
(693, 501)
(693, 502)
(693, 503)
(693, 504)
(693, 505)
(693, 506)
(693, 507)
(693, 508)
(693, 509)
(693, 510)
(693, 511)
(693, 512)
(693, 513)
(693, 514)
(693, 515)
(693, 516)
(692, 517)
(692, 518)
(692, 519)
(692, 520)
(692, 521)
(692, 522)
(692, 523)
(692, 524)
(692, 525)
(692, 526)
(692, 527)
(692, 528)
(692, 529)
(692, 530)
(692, 531)
(692, 532)
(691, 533)
(691, 534)
(691, 535)
(691, 536)
(691, 537)
(691, 538)
(691, 539)
(691, 540)
(691, 541)
(691, 542)
(691, 543)
(691, 544)
(691, 545)
(691, 546)
(691, 547)
(691, 548)
(691, 549)
(691, 550)
(691, 551)
(690, 552)
(690, 553)
(690, 554)
(690, 555)
(690, 556)
(690, 557)
(690, 558)
(690, 559)
(690, 560)
(690, 561)
(690, 562)
(690, 563)
(690, 564)
(690, 565)
(690, 566)
(690, 567)
(690, 568)
(690, 569)
(690, 570)
(690, 571)
(690, 572)
(687, 573)
(690, 575)
(689, 576)
(689, 577)
(689, 578)
(689, 579)
(689, 580)
(689, 581)
(689, 582)
(689, 583)
(689, 584)
(689, 585)
(689, 586)
(689, 587)
(689, 588)
(689, 589)
(688, 590)
(688, 591)
(688, 592)
(688, 593)
(688, 594)
(688, 595)
(688, 596)
(688, 597)
(688, 598)
(688, 599)
(688, 600)
(688, 601)
(688, 602)
(688, 603)
(688, 604)
(688, 605)
(688, 606)
(688, 607)
(688, 608)
(688, 609)
(688, 610)
(688, 611)
(688, 612)
(687, 613)
(687, 614)
(687, 615)
(687, 616)
(687, 617)
(687, 618)
(687, 619)
(687, 620)
(687, 621)
(687, 622)
(687, 623)
(687, 624)
(687, 625)
(687, 626)
(687, 627)
(687, 628)
(687, 629)
(687, 630)
(687, 631)
(687, 632)
(687, 633)
(687, 634)
(687, 635)
(687, 636)
(687, 637)
(687, 638)
(687, 639)
(687, 640)
(687, 641)
(687, 642)
(687, 643)
(687, 644)
(687, 645)
(686, 646)
(686, 647)
(686, 648)
(686, 649)
(686, 650)
(686, 651)
(686, 652)
(686, 653)
(686, 654)
(686, 655)
(686, 656)
(686, 657)
(686, 658)
(686, 659)
(686, 660)
(686, 661)
(686, 662)
(686, 663)
(686, 664)
(686, 665)
(686, 666)
(686, 667)
(686, 668)
(686, 669)
(686, 670)
(686, 671)
(686, 672)
(686, 673)
(686, 674)
(686, 675)
(685, 676)
(685, 677)
(685, 678)
(685, 679)
(685, 680)
(685, 681)
(685, 682)
(685, 683)
(685, 684)
(685, 685)
(685, 686)
(685, 687)
(685, 688)
(685, 689)
(685, 690)
(685, 691)
(685, 692)
(685, 693)
(685, 694)
(685, 695)
(685, 696)
(685, 697)
(685, 698)
(685, 699)
(685, 700)
(685, 701)
(685, 702)
(685, 703)
(685, 704)
(684, 705)
(684, 706)
(684, 707)
(684, 708)
(684, 709)
(684, 710)
(684, 711)
(684, 712)
(684, 713)
(684, 714)
(684, 715)
(684, 716)
(684, 717)
(684, 718)
(684, 719)
(684, 720)
(684, 721)
(684, 722)
(684, 723)
(684, 724)
(684, 725)
(684, 726)
(684, 727)
(684, 728)
(684, 729)
(684, 730)
(683, 731)
(683, 732)
(683, 733)
(683, 734)
(683, 735)
(683, 736)
(683, 737)
(683, 738)
(683, 739)
(683, 740)
(683, 741)
(683, 742)
(683, 743)
(683, 744)
(683, 745)
(683, 746)
(683, 747)
(683, 748)
(683, 749)
(682, 750)
(682, 751)
(682, 752)
(682, 753)
(682, 754)
(682, 755)
(682, 756)
(682, 757)
(682, 758)
(683, 759)
(682, 762)
(682, 763)
(682, 764)
(682, 765)
(682, 766)
(682, 767)
(682, 768)
(682, 769)
(681, 770)
(681, 771)
(681, 772)
(681, 773)
(681, 774)
(681, 775)
(681, 776)
(681, 777)
(681, 778)
(681, 779)
(681, 780)
(681, 781)
(681, 782)
(681, 783)
(681, 784)
(681, 785)
(681, 786)
(681, 787)
(681, 788)
(681, 789)
(681, 790)
(681, 791)
(681, 792)
(681, 793)
(681, 794)
(681, 795)
(680, 796)
(680, 797)
(680, 798)
(680, 799)
(680, 800)
(680, 801)
(680, 802)
(680, 803)
(680, 804)
(680, 805)
(680, 806)
(680, 807)
(680, 808)
(680, 809)
(680, 810)
(680, 811)
(680, 812)
(680, 813)
(680, 814)
(680, 815)
(680, 816)
(680, 817)
(680, 818)
(680, 819)
(680, 820)
(680, 821)
(680, 822)
(680, 823)
(680, 824)
(680, 825)
(680, 826)
(680, 827)
(680, 828)
(680, 829)
(680, 830)
(680, 831)
(680, 832)
(680, 833)
(680, 834)
(680, 835)
(680, 836)
(680, 837)
(680, 838)
(680, 839)
(680, 840)
(680, 841)
(680, 842)
(679, 843)
(679, 844)
(679, 845)
(679, 846)
(679, 847)
(679, 848)
(679, 849)
(680, 850)
(680, 851)
(680, 854)
(680, 855)
(679, 856)
(679, 857)
(679, 858)
(679, 859)
(679, 860)
(679, 861)
(679, 862)
(679, 863)
(679, 864)
(679, 865)
(679, 866)
(679, 867)
(679, 868)
(679, 869)
(679, 870)
(679, 871)
(679, 872)
(679, 873)
(679, 874)
(679, 875)
(679, 876)
(679, 877)
(679, 878)
(679, 879)
(679, 880)
(679, 881)
(679, 882)
(679, 883)
(679, 884)
(679, 885)
(679, 886)
(679, 887)
(679, 888)
(679, 889)
(679, 890)
(679, 891)
(679, 892)
(679, 893)
(679, 894)
(679, 895)
(679, 896)
(679, 897)
(679, 898)
(679, 899)
(679, 900)
(679, 901)
(679, 902)
(679, 903)
(679, 904)
(679, 905)
(679, 906)
(679, 907)
(679, 908)
(679, 909)
(679, 910)
(679, 911)
(679, 912)
(679, 913)
(679, 914)
(679, 915)
(679, 916)
(679, 917)
(679, 918)
(679, 919)
(679, 920)
(679, 921)
(679, 922)
(679, 923)
(679, 924)
(680, 925)
(680, 926)
(680, 927)
(680, 928)
(680, 929)
(680, 930)
(680, 931)
(680, 932)
(680, 933)
(680, 934)
(680, 935)
(680, 936)
(680, 937)
(680, 938)
(680, 939)
(680, 940)
(680, 941)
(680, 942)
(679, 945)
(680, 946)
(679, 947)
(679, 948)
(679, 949)
(679, 950)
(679, 951)
(679, 952)
(679, 953)
(679, 954)
(679, 955)
(679, 956)
(679, 957)
(679, 958)
(679, 959)
(679, 960)
(679, 961)
(679, 962)
(679, 963)
(679, 964)
(679, 965)
(679, 966)
(679, 967)
(679, 968)
(679, 969)
(679, 970)
(679, 971)
(679, 972)
(679, 973)
(679, 974)
(679, 975)
(679, 976)
(679, 977)
(679, 978)
(679, 979)
(679, 980)
(679, 981)
(679, 982)
(679, 983)
(679, 984)
(679, 985)
(678, 986)
(678, 987)
(678, 988)
(678, 989)
(678, 990)
(678, 991)
(678, 992)
(678, 993)
(678, 994)
(678, 995)
(678, 996)
(678, 997)
(678, 998)
(678, 999)
(678, 1000)
(677, 1001)
(677, 1002)
(677, 1003)
(677, 1004)
(677, 1005)
(677, 1006)
(677, 1007)
(677, 1008)
(677, 1009)
(677, 1010)
(677, 1011)
(677, 1012)
(677, 1013)
(677, 1014)
(677, 1015)
(677, 1016)
(677, 1017)
(677, 1018)
(677, 1019)
(677, 1020)
(677, 1021)
(677, 1022)
(677, 1023)
(677, 1024)
(677, 1025)
(677, 1026)
(677, 1027)
(677, 1028)
(677, 1029)
(677, 1030)
(676, 1031)
(676, 1032)
(677, 1033)
(676, 1034)
(676, 1035)
(676, 1036)
(676, 1038)
(676, 1039)
(676, 1040)
(676, 1041)
(676, 1042)
(675, 1043)
(675, 1044)
(675, 1045)
(675, 1046)
(675, 1047)
(675, 1048)
(675, 1049)
(675, 1050)
(675, 1051)
(676, 1052)
(675, 1053)
(675, 1054)
(675, 1055)
(675, 1056)
(675, 1057)
(675, 1058)
(675, 1059)
(674, 1060)
(674, 1061)
(674, 1062)
(674, 1063)
(674, 1064)
(674, 1065)
(674, 1066)
(674, 1067)
(674, 1068)
(674, 1069)
(674, 1070)
(674, 1071)
(673, 1072)
(673, 1073)
(673, 1074)
(673, 1075)
(673, 1076)
(673, 1077)
(673, 1078)
(673, 1079)
(673, 1080)
(673, 1081)
(673, 1082)
(673, 1083)
(673, 1084)
(673, 1085)
(673, 1086)
(673, 1087)
(673, 1088)
(673, 1089)
(673, 1090)
(673, 1091)
(673, 1092)
(672, 1093)
(672, 1094)
(673, 1095)
(672, 1096)
(672, 1097)
(672, 1098)
(672, 1099)
(672, 1100)
(672, 1101)
(672, 1102)
(672, 1103)
(672, 1104)
(671, 1105)
(671, 1106)
(671, 1107)
(671, 1108)
(671, 1109)
(671, 1110)
(671, 1111)
(671, 1112)
(671, 1113)
(671, 1114)
(671, 1115)
(671, 1116)
(671, 1117)
(670, 1118)
(670, 1119)
(670, 1120)
(670, 1121)
(670, 1122)
(670, 1123)
(670, 1124)
(670, 1125)
(670, 1126)
(669, 1127)
(669, 1128)
(669, 1129)
(669, 1130)
(669, 1131)
(669, 1132)
(669, 1133)
(669, 1134)
(669, 1135)
(668, 1136)
(668, 1137)
(668, 1138)
(668, 1139)
(668, 1140)
(668, 1141)
(668, 1142)
(667, 1143)
(667, 1144)
(667, 1145)
(667, 1146)
(667, 1147)
(666, 1148)
(666, 1149)
(666, 1150)
(666, 1151)
(665, 1152)
(666, 1153)
(666, 1154)
(666, 1155)
(666, 1156)
(666, 1157)
(666, 1158)
(667, 1159)
(665, 1160)
(666, 1161)
(665, 1162)
(663, 1163)
(664, 1164)
(662, 1165)
(662, 1166)
(662, 1167)
(662, 1168)
(662, 1169)
(662, 1170)
(662, 1171)
(662, 1172)
(662, 1173)
(663, 1174)
(663, 1175)
(663, 1176)
(663, 1177)
(663, 1178)
(663, 1179)
(663, 1180)
(663, 1181)
(663, 1182)
(663, 1183)
(663, 1184)
(663, 1185)
(663, 1186)
(664, 1187)
(664, 1188)
(664, 1189)
(664, 1190)
(664, 1191)
(664, 1192)
(664, 1193)
(664, 1194)
(664, 1195)
(664, 1196)
(664, 1197)
(664, 1198)
(664, 1199)
(664, 1200)
(664, 1201)
(663, 1202)
(664, 1203)
(663, 1204)
(663, 1205)
(663, 1206)
(663, 1207)
(663, 1208)
(663, 1209)
(663, 1210)
(662, 1211)
(662, 1212)
(662, 1213)
(661, 1216)
(661, 1217)
(661, 1218)
(661, 1219)
(661, 1220)
(661, 1221)
(660, 1222)
(660, 1223)
(660, 1224)
(660, 1225)
(660, 1226)
(659, 1227)
(659, 1228)
(659, 1229)
(659, 1230)
(657, 1231)
(658, 1232)
(658, 1233)
(657, 1234)
(657, 1235)
(657, 1236)
(657, 1237)
(657, 1238)
(656, 1239)
(656, 1240)
(656, 1241)
(656, 1242)
(656, 1243)
(655, 1244)
(655, 1245)
(655, 1246)
(655, 1247)
(654, 1248)
(654, 1249)
(654, 1250)
(654, 1251)
(654, 1252)
(654, 1253)
(653, 1254)
(653, 1255)
(653, 1256)
(652, 1257)
(652, 1258)
(652, 1259)
(651, 1260)
(650, 1261)
(650, 1262)
(650, 1263)
(650, 1264)
(650, 1265)
(649, 1266)
(648, 1267)
(648, 1268)
(648, 1269)
(647, 1270)
(647, 1271)
(646, 1272)
(645, 1273)
(637, 1284)
(637, 1285)
(637, 1286)
(637, 1287)
(634, 1297)
(634, 1298)
(634, 1299)
(633, 1300)
(632, 1301)
(632, 1304)
(633, 1305)
(632, 1306)
(632, 1307)
(632, 1308)
(633, 1309)
(631, 1310)
(631, 1311)
(630, 1312)
(630, 1313)
(630, 1314)
(630, 1315)
(629, 1316)
(629, 1317)
(629, 1318)
(629, 1319)
(628, 1320)
(628, 1321)
(628, 1322)
(627, 1323)
(627, 1324)
(627, 1325)
(627, 1326)
(627, 1327)
(626, 1328)
(619, 1337)
(619, 1338)
(619, 1339)
(619, 1340)
(619, 1341)
(619, 1342)
(618, 1343)
(618, 1344)
(613, 1345)
(617, 1346)
(612, 1347)
(611, 1348)
(611, 1349)
(611, 1350)
(611, 1351)
(610, 1352)
(610, 1353)
(610, 1354)
(609, 1355)
(613, 1356)
(608, 1357)
(608, 1358)
(608, 1359)
(609, 1360)
(607, 1361)
(609, 1362)
(606, 1363)
(606, 1364)
(605, 1365)
(605, 1366)
(605, 1367)
(605, 1368)
(604, 1369)
(604, 1370)
(604, 1371)
(604, 1372)
(603, 1373)
(603, 1374)
(603, 1375)
(603, 1376)
(604, 1377)
(602, 1378)
(602, 1379)
(602, 1380)
(598, 1381)
(598, 1382)
(598, 1383)
(598, 1384)
(598, 1385)
(598, 1386)
(597, 1387)
(597, 1388)
(597, 1389)
(598, 1390)
(599, 1391)
(592, 1392)
(597, 1393)
(599, 1394)
(596, 1395)
(595, 1396)
(595, 1397)
(595, 1398)
(595, 1399)
(595, 1400)
(595, 1401)
(595, 1402)
(594, 1403)
(594, 1404)
(594, 1405)
(594, 1406)
(594, 1407)
(594, 1408)
(594, 1409)
(594, 1410)
(594, 1411)
(594, 1412)
(594, 1413)
(594, 1414)
(594, 1415)
(594, 1416)
(594, 1417)
(594, 1418)
(594, 1419)
(594, 1420)
(594, 1421)
(594, 1422)
(594, 1423)
(594, 1424)
(594, 1425)
(594, 1426)
(594, 1427)
(594, 1428)
(594, 1429)
(594, 1430)
(594, 1431)
(594, 1432)
(594, 1433)
(594, 1434)
(594, 1435)
(594, 1436)
(594, 1437)
(594, 1438)
(594, 1439)
(594, 1440)
(594, 1441)
(594, 1442)
(595, 1443)
(595, 1444)
(595, 1445)
(598, 1446)
(596, 1447)
(596, 1448)
(596, 1449)
(596, 1450)
(596, 1451)
(596, 1452)
(596, 1453)
(596, 1454)
(596, 1455)
(595, 1456)
(595, 1457)
(595, 1458)
(595, 1459)
(594, 1460)
(594, 1461)
(594, 1462)
(594, 1463)
(594, 1464)
(594, 1465)
(594, 1466)
(594, 1467)
(594, 1468)
(593, 1469)
(593, 1470)
(593, 1471)
(593, 1472)
(594, 1473)
(590, 1474)
(590, 1475)
(589, 1476)
(590, 1477)
(591, 1478)
(594, 1479)
(597, 1480)
(597, 1481)
(599, 1482)
(594, 1483)
(599, 1495)
(599, 1496)
(599, 1497)
(599, 1498)
(600, 1499)
(600, 1500)
(600, 1501)
(600, 1502)
(600, 1503)
(600, 1504)
(601, 1505)
(601, 1506)
(601, 1507)
(601, 1508)
(601, 1509)
(601, 1510)
(601, 1511)
(602, 1512)
(602, 1513)
(601, 1514)
(601, 1515)
(601, 1516)
(601, 1517)
(601, 1518)
(601, 1519)
(602, 1520)
(602, 1521)
(602, 1522)
(602, 1523)
(602, 1524)
(602, 1525)
(602, 1526)
(602, 1527)
(602, 1528)
(602, 1529)
(602, 1530)
(602, 1531)
(602, 1532)
(602, 1533)
(602, 1534)
(602, 1535)
(602, 1536)
(602, 1537)
(602, 1538)
(602, 1539)
(602, 1540)
(602, 1541)
(602, 1542)
(602, 1543)
(602, 1544)
(602, 1545)
(601, 1546)
(601, 1547)
(601, 1548)
(601, 1549)
(601, 1550)
(601, 1551)
(601, 1552)
(601, 1553)
(600, 1554)
(600, 1555)
(600, 1556)
(600, 1557)
(600, 1558)
(600, 1559)
(600, 1560)
(600, 1561)
(600, 1562)
(600, 1563)
(600, 1564)
(599, 1565)
(599, 1566)
(599, 1567)
(599, 1568)
(599, 1569)
(599, 1570)
(601, 1571)
(600, 1572)
(602, 1573)
(598, 1574)
(598, 1575)
(601, 1576)
(598, 1577)
(598, 1578)
(598, 1579)
(598, 1580)
(598, 1581)
(598, 1582)
(598, 1583)
(598, 1584)
(598, 1585)
(598, 1586)
(598, 1587)
(598, 1588)
(597, 1589)
(597, 1590)
(597, 1591)
(597, 1592)
(597, 1593)
(597, 1594)
(597, 1595)
(597, 1596)
(597, 1597)
(597, 1598)
(597, 1599)
(597, 1600)
(597, 1601)
(597, 1602)
(595, 1603)
(595, 1604)
(595, 1605)
(594, 1606)
(594, 1607)
(595, 1608)
(592, 1609)
(592, 1610)
(592, 1611)
(592, 1612)
(592, 1613)
(594, 1614)
(591, 1615)
(591, 1616)
(591, 1617)
(590, 1618)
(590, 1619)
(590, 1620)
(590, 1621)
(590, 1622)
(590, 1623)
(590, 1624)
(590, 1625)
(590, 1626)
(590, 1627)
(590, 1628)
(590, 1629)
(590, 1630)
(590, 1631)
(590, 1632)
(590, 1633)
(590, 1634)
(590, 1635)
(590, 1636)
(590, 1637)
(590, 1638)
(590, 1639)
(590, 1640)
(590, 1641)
(590, 1642)
(590, 1643)
(590, 1644)
(590, 1645)
(590, 1646)
(590, 1647)
(591, 1648)
(591, 1649)
(591, 1650)
(591, 1651)
(593, 1652)
(590, 1653)
(590, 1654)
(590, 1655)
(590, 1656)
(590, 1657)
(589, 1658)
(589, 1659)
(589, 1660)
(588, 1661)
(588, 1662)
(588, 1663)
(590, 1664)
(586, 1665)
(588, 1666)
(588, 1667)
(588, 1668)
(588, 1669)
(588, 1670)
(588, 1671)
(588, 1672)
(588, 1673)
(588, 1674)
(588, 1675)
(588, 1676)
(588, 1677)
(588, 1678)
(588, 1679)
(588, 1680)
(588, 1681)
(588, 1682)
(588, 1683)
(588, 1684)
(588, 1685)
(588, 1686)
(588, 1687)
(588, 1688)
(589, 1689)
(589, 1690)
(589, 1691)
(589, 1692)
(589, 1693)
(589, 1694)
(589, 1695)
(589, 1696)
(589, 1697)
(589, 1698)
(590, 1699)
(590, 1700)
(590, 1701)
(590, 1702)
(590, 1703)
(590, 1704)
(590, 1705)
(590, 1706)
(590, 1707)
(590, 1708)
(590, 1709)
(590, 1710)
(590, 1711)
(590, 1712)
(590, 1713)
(590, 1714)
(590, 1715)
(590, 1716)
(591, 1717)
(591, 1718)
(591, 1719)
(591, 1720)
(591, 1721)
(590, 1722)
(590, 1723)
(590, 1724)
(590, 1725)
(590, 1726)
(590, 1727)
(590, 1728)
(590, 1729)
(590, 1730)
(590, 1731)
(590, 1732)
(590, 1733)
(590, 1734)
(590, 1735)
(590, 1736)
(590, 1737)
(590, 1738)
(590, 1739)
(590, 1740)
(590, 1741)
(590, 1742)
(589, 1743)
(589, 1744)
(589, 1745)
(589, 1746)
(589, 1747)
(587, 1748)
(588, 1749)
(588, 1750)
(592, 1760)
(590, 1773)
(590, 1774)
(590, 1775)
(590, 1776)
(589, 1777)
(589, 1778)
(589, 1779)
(589, 1780)
(589, 1781)
(591, 1782)
(591, 1783)
(591, 1784)
(591, 1785)
(591, 1786)
(593, 1787)
(593, 1788)
(593, 1789)
(593, 1790)
(593, 1791)
(593, 1792)
(593, 1793)
(595, 1794)
(594, 1795)
(594, 1796)
(594, 1797)
(594, 1798)
(595, 1799)
(595, 1800)
(595, 1801)
(595, 1802)
(595, 1803)
(596, 1804)
(596, 1805)
(596, 1806)
(596, 1807)
(596, 1808)
(596, 1809)
(596, 1810)
(597, 1811)
(597, 1812)
(597, 1813)
(597, 1814)
(597, 1815)
(597, 1816)
(597, 1817)
(597, 1818)
(597, 1819)
(598, 1820)
(598, 1821)
(598, 1822)
(598, 1823)
(598, 1824)
(598, 1825)
(598, 1826)
(598, 1827)
(598, 1828)
(598, 1829)
(599, 1830)
(599, 1831)
(599, 1832)
(599, 1833)
(599, 1834)
(600, 1835)
(600, 1836)
(600, 1837)
(600, 1838)
(600, 1839)
(600, 1840)
(600, 1841)
(600, 1842)
(600, 1843)
(600, 1844)
(600, 1845)
(600, 1846)
(600, 1847)
(601, 1848)
(601, 1849)
(601, 1850)
(601, 1851)
(604, 1852)
(603, 1853)
(604, 1854)
(595, 1855)
(602, 1857)
(602, 1858)
(602, 1859)
(602, 1860)
(602, 1861)
(602, 1862)
(602, 1863)
(602, 1864)
(608, 1865)
(608, 1866)
(608, 1867)
(608, 1868)
(608, 1869)
(608, 1870)
(608, 1871)
(609, 1872)
(609, 1873)
(609, 1874)
(609, 1875)
(609, 1876)
(609, 1877)
(609, 1878)
(610, 1879)
(610, 1880)
(610, 1881)
(610, 1882)
(610, 1883)
(610, 1884)
(610, 1885)
(610, 1886)
(610, 1887)
(611, 1888)
(611, 1889)
(611, 1890)
(611, 1891)
(611, 1892)
(611, 1893)
(611, 1894)
(611, 1895)
(612, 1896)
(612, 1897)
(612, 1898)
(612, 1899)
(612, 1900)
(612, 1901)
(612, 1902)
(612, 1903)
(613, 1904)
(613, 1905)
(613, 1906)
(613, 1907)
(613, 1908)
(613, 1909)
(613, 1910)
(613, 1911)
(613, 1912)
(613, 1913)
(614, 1914)
(614, 1915)
(614, 1916)
(614, 1917)
(615, 1918)
(615, 1919)
(615, 1920)
(616, 1921)
(616, 1922)
(616, 1923)
(616, 1924)
(617, 1925)
(617, 1926)
(617, 1927)
(618, 1928)
(618, 1929)
(618, 1930)
(618, 1931)
(618, 1932)
(619, 1933)
(619, 1934)
(619, 1935)
(619, 1936)
(619, 1937)
(619, 1938)
(620, 1939)
(620, 1940)
(620, 1941)
(620, 1942)
(620, 1943)
(620, 1944)
(620, 1945)
(620, 1946)
(620, 1947)
(620, 1948)
(621, 1949)
(621, 1950)
(622, 1953)
(622, 1954)
(622, 1955)
(622, 1956)
(623, 1957)
(623, 1958)
(623, 1959)
(623, 1960)
(624, 1961)
(624, 1962)
(624, 1963)
(624, 1964)
(624, 1965)
(624, 1966)
(625, 1967)
(625, 1968)
(625, 1969)
(625, 1970)
(625, 1971)
(626, 1972)
(626, 1973)
(626, 1974)
(626, 1975)
(626, 1976)
(626, 1977)
(627, 1978)
(627, 1979)
(627, 1980)
(627, 1981)
(627, 1982)
(627, 1983)
(628, 1984)
(628, 1985)
(628, 1986)
(628, 1987)
(628, 1988)
(628, 1989)
(629, 1990)
(629, 1991)
(629, 1992)
(629, 1993)
(629, 1994)
(629, 1995)
(630, 1996)
(630, 1997)
(630, 1998)
(630, 1999)
(630, 2000)
(630, 2001)
(630, 2002)
(631, 2003)
(631, 2004)
(631, 2005)
(631, 2006)
(631, 2007)
(631, 2008)
(631, 2009)
(632, 2010)
(632, 2011)
(632, 2012)
(632, 2013)
(632, 2014)
(633, 2015)
(633, 2016)
(633, 2017)
(633, 2018)
(633, 2019)
(633, 2020)
(634, 2021)
(634, 2022)
(634, 2023)
(634, 2024)
(634, 2025)
(634, 2026)
(634, 2027)
(634, 2028)
(635, 2029)
(635, 2030)
(635, 2031)
(635, 2032)
(635, 2033)
(635, 2034)
(635, 2035)
(635, 2036)
(635, 2037)
(635, 2038)
(635, 2039)
(635, 2040)
(635, 2041)
(635, 2042)
(635, 2043)
(635, 2044)
(636, 2045)
(637, 2047)
(636, 2048)
(636, 2049)
(636, 2050)
(636, 2051)
(636, 2052)
(636, 2053)
(636, 2054)
(636, 2055)
(636, 2056)
(636, 2057)
(636, 2058)
(636, 2059)
(636, 2060)
(637, 2061)
(637, 2062)
(637, 2063)
(637, 2064)
(637, 2065)
(637, 2066)
(637, 2067)
(637, 2068)
(637, 2069)
(637, 2070)
(637, 2071)
(638, 2072)
(638, 2073)
(638, 2074)
(638, 2075)
(638, 2076)
(639, 2077)
(639, 2078)
(639, 2079)
(639, 2080)
(639, 2081)
(640, 2082)
(640, 2083)
(640, 2084)
(640, 2085)
(641, 2086)
(641, 2087)
(641, 2088)
(641, 2089)
(641, 2090)
(641, 2091)
(641, 2092)
(642, 2093)
(642, 2094)
(642, 2095)
(642, 2096)
(642, 2097)
(643, 2098)
(643, 2099)
(643, 2100)
(643, 2101)
(643, 2102)
(644, 2103)
(644, 2104)
(644, 2105)
(644, 2106)
(644, 2107)
(645, 2108)
(645, 2109)
(645, 2110)
(645, 2111)
(645, 2112)
(645, 2113)
(645, 2114)
(645, 2115)
(645, 2116)
(645, 2117)
(645, 2118)
(645, 2119)
(645, 2120)
(645, 2121)
(645, 2122)
(645, 2123)
(645, 2124)
(645, 2125)
(645, 2126)
(645, 2127)
(645, 2128)
(645, 2129)
(645, 2130)
(645, 2131)
(645, 2132)
(645, 2133)
(645, 2134)
(645, 2135)
(645, 2136)
(645, 2137)
(645, 2138)
(645, 2139)
(645, 2140)
(646, 2141)
(645, 2142)
(645, 2143)
(645, 2144)
(644, 2145)
(645, 2146)
(645, 2147)
(645, 2148)
(645, 2149)
(645, 2150)
(645, 2151)
(645, 2152)
(645, 2153)
(644, 2154)
(644, 2155)
(644, 2156)
(644, 2157)
(644, 2158)
(644, 2159)
(644, 2160)
(644, 2161)
(644, 2162)
(644, 2163)
(644, 2164)
(644, 2165)
(644, 2166)
(644, 2167)
(644, 2168)
(644, 2169)
(644, 2170)
(644, 2171)
(644, 2172)
(644, 2173)
(644, 2174)
(644, 2175)
(644, 2176)
(644, 2177)
(644, 2178)
(644, 2179)
(644, 2180)
(644, 2181)
(644, 2182)
(644, 2183)
(644, 2184)
(644, 2185)
(644, 2186)
(644, 2187)
(644, 2188)
(644, 2189)
(644, 2190)
(644, 2191)
(644, 2192)
(644, 2193)
(644, 2194)
(644, 2195)
(644, 2196)
(644, 2197)
(644, 2198)
(644, 2199)
(644, 2200)
(644, 2201)
(644, 2202)
(644, 2203)
(644, 2204)
(644, 2205)
(644, 2206)
(644, 2207)
(644, 2208)
(644, 2209)
(644, 2210)
(644, 2211)
(644, 2212)
(644, 2213)
(643, 2214)
(643, 2215)
(643, 2216)
(643, 2217)
(643, 2218)
(643, 2219)
(643, 2220)
(643, 2221)
(643, 2222)
(643, 2223)
(643, 2224)
(643, 2225)
(643, 2226)
(643, 2227)
(643, 2228)
(643, 2229)
(643, 2230)
(643, 2231)
(643, 2232)
(643, 2233)
(643, 2234)
(643, 2235)
(645, 2237)
(643, 2238)
(643, 2239)
(643, 2240)
(643, 2241)
(643, 2242)
(643, 2243)
(643, 2244)
(643, 2245)
(643, 2246)
(643, 2247)
(643, 2248)
(643, 2249)
(643, 2250)
(643, 2251)
(643, 2252)
(643, 2253)
(643, 2254)
(643, 2255)
(643, 2256)
(643, 2257)
(643, 2258)
(643, 2259)
(643, 2260)
(643, 2261)
(643, 2262)
(643, 2263)
(643, 2264)
(642, 2265)
(642, 2266)
(642, 2267)
(642, 2268)
(642, 2269)
(642, 2270)
(642, 2271)
(642, 2272)
(642, 2273)
(642, 2274)
(642, 2275)
(642, 2276)
(642, 2277)
(642, 2278)
(642, 2279)
(642, 2280)
(642, 2281)
(642, 2282)
(642, 2283)
(642, 2284)
(642, 2285)
(642, 2286)
(642, 2287)
(642, 2288)
(642, 2289)
(642, 2290)
(642, 2291)
(642, 2292)
(642, 2293)
(642, 2294)
(642, 2295)
(642, 2296)
(642, 2297)
(642, 2298)
(642, 2299)
(642, 2300)
(642, 2301)
(642, 2302)
(642, 2303)
(642, 2304)
(642, 2305)
(642, 2306)
(642, 2307)
(642, 2308)
(642, 2309)
(641, 2310)
(641, 2311)
(641, 2312)
(641, 2313)
(641, 2314)
(641, 2315)
(641, 2316)
(641, 2317)
(641, 2318)
(641, 2319)
(641, 2320)
(641, 2321)
(641, 2322)
(641, 2323)
(641, 2324)
(641, 2325)
(641, 2326)
(641, 2327)
(641, 2328)
(641, 2329)
(641, 2330)
