Tam. img.: (910, 2380)
(388, 109)
(387, 110)
(388, 111)
(388, 112)
(388, 113)
(388, 114)
(388, 115)
(388, 116)
(388, 117)
(388, 118)
(388, 119)
(388, 120)
(388, 121)
(388, 122)
(388, 123)
(388, 124)
(388, 125)
(388, 126)
(388, 127)
(388, 128)
(388, 129)
(388, 130)
(388, 131)
(388, 132)
(388, 133)
(388, 134)
(388, 135)
(388, 136)
(388, 137)
(388, 138)
(388, 139)
(388, 140)
(388, 141)
(388, 142)
(388, 143)
(388, 144)
(388, 145)
(388, 146)
(388, 147)
(388, 148)
(388, 149)
(388, 150)
(388, 151)
(388, 152)
(388, 153)
(388, 154)
(388, 155)
(388, 156)
(388, 157)
(388, 158)
(388, 159)
(388, 160)
(388, 161)
(388, 162)
(388, 163)
(388, 164)
(388, 165)
(388, 166)
(388, 167)
(388, 168)
(388, 169)
(388, 170)
(388, 171)
(388, 172)
(388, 173)
(388, 174)
(388, 175)
(388, 176)
(388, 177)
(387, 178)
(387, 179)
(387, 180)
(387, 181)
(387, 182)
(388, 183)
(388, 184)
(388, 185)
(388, 186)
(388, 187)
(388, 188)
(388, 189)
(388, 190)
(388, 191)
(388, 192)
(388, 193)
(388, 194)
(388, 195)
(388, 196)
(387, 197)
(387, 198)
(387, 199)
(389, 201)
(387, 202)
(387, 203)
(387, 204)
(387, 205)
(387, 206)
(387, 207)
(387, 208)
(387, 209)
(387, 210)
(387, 211)
(387, 212)
(387, 213)
(387, 214)
(387, 215)
(387, 216)
(387, 217)
(387, 218)
(387, 219)
(387, 220)
(387, 221)
(387, 222)
(387, 223)
(387, 224)
(387, 225)
(387, 226)
(388, 227)
(388, 228)
(388, 229)
(388, 230)
(388, 231)
(388, 232)
(388, 233)
(388, 234)
(388, 235)
(388, 236)
(388, 237)
(388, 238)
(388, 239)
(388, 240)
(388, 241)
(388, 242)
(388, 243)
(388, 244)
(388, 245)
(388, 246)
(388, 247)
(388, 248)
(388, 249)
(388, 250)
(388, 251)
(388, 252)
(388, 253)
(387, 254)
(387, 255)
(387, 256)
(387, 257)
(388, 258)
(388, 259)
(388, 260)
(388, 261)
(388, 262)
(388, 263)
(388, 264)
(388, 265)
(388, 266)
(388, 267)
(388, 268)
(388, 269)
(388, 270)
(388, 271)
(388, 272)
(388, 273)
(388, 274)
(388, 275)
(388, 276)
(388, 277)
(388, 278)
(388, 279)
(388, 280)
(388, 281)
(388, 282)
(388, 283)
(388, 284)
(388, 285)
(388, 286)
(388, 287)
(388, 288)
(388, 289)
(388, 290)
(389, 291)
(389, 292)
(389, 293)
(387, 294)
(389, 295)
(389, 296)
(389, 297)
(389, 298)
(389, 299)
(389, 300)
(389, 301)
(389, 302)
(389, 303)
(389, 304)
(389, 305)
(389, 306)
(389, 307)
(389, 308)
(389, 309)
(390, 310)
(390, 311)
(390, 312)
(390, 313)
(390, 314)
(390, 315)
(390, 316)
(390, 317)
(390, 318)
(390, 319)
(390, 320)
(390, 321)
(390, 322)
(390, 323)
(390, 324)
(390, 325)
(390, 326)
(390, 327)
(390, 328)
(390, 329)
(390, 330)
(390, 331)
(390, 332)
(390, 333)
(391, 334)
(391, 335)
(391, 336)
(391, 337)
(391, 338)
(391, 339)
(391, 340)
(391, 341)
(391, 342)
(391, 343)
(391, 344)
(391, 345)
(391, 346)
(391, 347)
(391, 348)
(391, 349)
(391, 350)
(391, 351)
(391, 352)
(391, 353)
(391, 354)
(391, 355)
(391, 356)
(391, 357)
(391, 358)
(391, 359)
(391, 360)
(391, 361)
(391, 362)
(391, 363)
(391, 364)
(391, 365)
(391, 366)
(391, 367)
(391, 368)
(391, 369)
(391, 370)
(391, 371)
(391, 372)
(391, 373)
(391, 374)
(391, 375)
(391, 376)
(391, 377)
(390, 378)
(390, 379)
(390, 380)
(390, 381)
(390, 382)
(390, 383)
(390, 384)
(391, 385)
(391, 388)
(390, 389)
(390, 390)
(390, 391)
(390, 392)
(390, 393)
(390, 394)
(390, 395)
(390, 396)
(390, 397)
(390, 398)
(390, 399)
(390, 400)
(390, 401)
(389, 402)
(389, 403)
(389, 404)
(389, 405)
(389, 406)
(389, 407)
(389, 408)
(389, 409)
(389, 410)
(389, 411)
(389, 412)
(388, 413)
(388, 414)
(388, 415)
(388, 416)
(388, 417)
(388, 418)
(388, 419)
(388, 420)
(388, 421)
(388, 422)
(388, 423)
(388, 424)
(388, 425)
(387, 426)
(387, 427)
(387, 428)
(387, 429)
(387, 430)
(387, 431)
(387, 432)
(387, 433)
(387, 434)
(387, 435)
(386, 436)
(386, 437)
(386, 438)
(386, 439)
(386, 440)
(386, 441)
(386, 442)
(386, 443)
(386, 444)
(386, 445)
(386, 446)
(386, 447)
(386, 448)
(386, 449)
(386, 450)
(386, 451)
(386, 452)
(386, 453)
(386, 454)
(386, 455)
(386, 456)
(385, 457)
(385, 458)
(385, 459)
(385, 460)
(385, 461)
(385, 462)
(385, 463)
(385, 464)
(385, 465)
(385, 466)
(384, 467)
(384, 468)
(384, 469)
(384, 470)
(384, 471)
(384, 472)
(384, 473)
(384, 474)
(384, 475)
(384, 476)
(384, 477)
(384, 478)
(384, 479)
(384, 480)
(384, 481)
(384, 482)
(384, 483)
(384, 484)
(384, 485)
(384, 486)
(384, 487)
(384, 488)
(384, 489)
(384, 490)
(384, 491)
(384, 492)
(384, 493)
(384, 494)
(384, 495)
(384, 496)
(384, 497)
(384, 498)
(383, 499)
(383, 500)
(383, 501)
(383, 502)
(383, 503)
(383, 504)
(383, 505)
(383, 506)
(383, 507)
(383, 508)
(383, 509)
(383, 510)
(383, 511)
(383, 512)
(383, 513)
(383, 514)
(382, 515)
(382, 516)
(382, 517)
(382, 518)
(382, 519)
(382, 520)
(382, 521)
(382, 522)
(382, 523)
(382, 524)
(382, 525)
(381, 526)
(381, 527)
(381, 528)
(381, 529)
(381, 530)
(381, 531)
(381, 532)
(381, 533)
(381, 534)
(380, 535)
(380, 536)
(380, 537)
(380, 538)
(380, 539)
(380, 540)
(380, 541)
(380, 542)
(380, 543)
(380, 544)
(380, 545)
(380, 546)
(380, 547)
(380, 548)
(380, 549)
(380, 550)
(380, 551)
(380, 552)
(380, 553)
(380, 554)
(380, 555)
(380, 556)
(380, 557)
(380, 558)
(380, 559)
(380, 560)
(380, 561)
(380, 562)
(380, 563)
(380, 564)
(380, 565)
(379, 566)
(379, 567)
(379, 568)
(379, 569)
(379, 570)
(379, 571)
(379, 572)
(379, 573)
(379, 574)
(379, 575)
(379, 576)
(378, 577)
(378, 578)
(378, 579)
(378, 580)
(378, 581)
(378, 582)
(378, 583)
(378, 584)
(378, 585)
(378, 586)
(377, 587)
(377, 588)
(377, 589)
(377, 590)
(377, 591)
(377, 592)
(377, 593)
(377, 594)
(377, 595)
(377, 596)
(377, 597)
(377, 598)
(377, 599)
(377, 600)
(377, 601)
(377, 602)
(377, 603)
(376, 604)
(376, 605)
(376, 606)
(376, 607)
(376, 608)
(376, 609)
(376, 610)
(376, 611)
(376, 612)
(376, 613)
(376, 614)
(376, 615)
(376, 616)
(376, 617)
(376, 618)
(376, 619)
(376, 620)
(375, 621)
(375, 622)
(375, 623)
(375, 624)
(375, 625)
(375, 626)
(375, 627)
(375, 628)
(375, 629)
(375, 630)
(375, 631)
(375, 632)
(375, 633)
(375, 634)
(375, 635)
(375, 636)
(375, 637)
(374, 638)
(374, 639)
(374, 640)
(374, 641)
(374, 642)
(374, 643)
(374, 644)
(374, 645)
(374, 646)
(374, 647)
(374, 648)
(373, 649)
(373, 650)
(373, 651)
(373, 652)
(373, 653)
(373, 654)
(373, 655)
(373, 656)
(373, 657)
(373, 658)
(373, 659)
(373, 660)
(372, 661)
(372, 662)
(372, 663)
(372, 664)
(372, 665)
(372, 666)
(372, 667)
(372, 668)
(372, 669)
(372, 670)
(372, 671)
(372, 672)
(372, 673)
(372, 674)
(372, 675)
(372, 676)
(372, 677)
(372, 678)
(371, 679)
(371, 680)
(371, 681)
(371, 682)
(371, 683)
(371, 684)
(371, 685)
(371, 686)
(371, 687)
(370, 688)
(370, 689)
(370, 690)
(370, 691)
(370, 692)
(370, 693)
(370, 694)
(370, 695)
(370, 696)
(370, 697)
(370, 698)
(370, 699)
(370, 700)
(370, 701)
(370, 702)
(370, 703)
(370, 704)
(369, 705)
(369, 706)
(369, 707)
(369, 708)
(369, 709)
(369, 710)
(369, 711)
(369, 712)
(369, 713)
(369, 714)
(369, 715)
(369, 716)
(369, 717)
(369, 718)
(369, 719)
(369, 720)
(369, 721)
(368, 722)
(368, 723)
(368, 724)
(368, 725)
(368, 726)
(368, 727)
(368, 728)
(368, 729)
(368, 730)
(368, 731)
(368, 732)
(368, 733)
(368, 734)
(368, 735)
(368, 736)
(368, 737)
(368, 738)
(368, 739)
(368, 740)
(368, 741)
(367, 742)
(367, 743)
(367, 744)
(367, 745)
(367, 746)
(367, 747)
(367, 748)
(367, 749)
(367, 750)
(367, 751)
(367, 752)
(367, 753)
(367, 754)
(367, 755)
(367, 756)
(367, 757)
(366, 758)
(366, 759)
(366, 760)
(366, 761)
(366, 762)
(366, 763)
(366, 764)
(366, 765)
(366, 766)
(366, 767)
(366, 768)
(366, 769)
(366, 770)
(365, 771)
(365, 772)
(365, 773)
(365, 774)
(365, 775)
(365, 776)
(365, 777)
(365, 778)
(365, 779)
(365, 780)
(364, 781)
(364, 782)
(364, 783)
(364, 784)
(364, 785)
(364, 786)
(364, 787)
(364, 788)
(364, 789)
(363, 790)
(363, 791)
(363, 792)
(363, 793)
(363, 794)
(363, 795)
(363, 796)
(363, 797)
(363, 798)
(363, 799)
(362, 800)
(362, 801)
(362, 802)
(362, 803)
(362, 804)
(362, 805)
(362, 806)
(362, 807)
(362, 808)
(362, 809)
(361, 810)
(361, 811)
(361, 812)
(361, 813)
(361, 814)
(361, 815)
(361, 816)
(361, 817)
(361, 818)
(360, 819)
(360, 820)
(360, 821)
(360, 822)
(360, 823)
(360, 824)
(360, 825)
(360, 826)
(360, 827)
(360, 828)
(359, 829)
(359, 830)
(359, 831)
(359, 832)
(359, 833)
(359, 834)
(359, 835)
(359, 836)
(359, 837)
(359, 838)
(359, 839)
(359, 840)
(359, 841)
(359, 842)
(358, 843)
(358, 844)
(358, 845)
(358, 846)
(358, 847)
(358, 848)
(358, 849)
(358, 850)
(358, 851)
(358, 852)
(358, 853)
(357, 854)
(357, 855)
(357, 856)
(357, 857)
(357, 858)
(357, 859)
(357, 860)
(357, 861)
(356, 862)
(356, 863)
(356, 864)
(356, 865)
(356, 866)
(356, 867)
(356, 868)
(356, 869)
(356, 870)
(356, 871)
(355, 872)
(355, 873)
(355, 874)
(355, 875)
(355, 876)
(355, 877)
(355, 878)
(355, 879)
(355, 880)
(355, 881)
(355, 882)
(355, 883)
(355, 884)
(355, 885)
(355, 886)
(355, 887)
(354, 888)
(354, 889)
(354, 890)
(354, 891)
(354, 892)
(354, 893)
(354, 894)
(354, 895)
(354, 896)
(354, 897)
(353, 898)
(353, 899)
(353, 900)
(353, 901)
(353, 902)
(353, 903)
(353, 904)
(353, 905)
(353, 906)
(353, 907)
(353, 908)
(352, 909)
(352, 910)
(352, 911)
(352, 912)
(352, 913)
(352, 914)
(352, 915)
(352, 916)
(352, 917)
(352, 918)
(352, 919)
(352, 920)
(351, 921)
(351, 922)
(351, 923)
(351, 924)
(351, 925)
(351, 926)
(351, 927)
(351, 928)
(351, 929)
(351, 930)
(351, 931)
(351, 932)
(351, 933)
(351, 934)
(351, 935)
(351, 936)
(351, 937)
(350, 940)
(350, 941)
(350, 942)
(350, 943)
(350, 944)
(350, 945)
(350, 946)
(350, 947)
(350, 948)
(350, 949)
(350, 950)
(350, 951)
(350, 952)
(350, 953)
(350, 954)
(350, 955)
(350, 956)
(350, 957)
(350, 958)
(350, 959)
(350, 960)
(350, 961)
(350, 962)
(351, 963)
(351, 964)
(351, 965)
(351, 966)
(351, 967)
(351, 968)
(351, 969)
(351, 970)
(351, 971)
(351, 972)
(351, 973)
(352, 974)
(352, 975)
(352, 976)
(352, 977)
(352, 978)
(352, 979)
(352, 980)
(352, 981)
(352, 982)
(352, 983)
(352, 984)
(352, 985)
(352, 986)
(352, 987)
(352, 988)
(351, 989)
(351, 990)
(351, 991)
(351, 992)
(351, 993)
(351, 994)
(351, 995)
(351, 996)
(351, 997)
(351, 998)
(351, 999)
(351, 1000)
(351, 1001)
(351, 1002)
(351, 1003)
(351, 1004)
(351, 1005)
(351, 1006)
(351, 1007)
(351, 1008)
(351, 1009)
(351, 1010)
(351, 1011)
(351, 1012)
(351, 1013)
(351, 1014)
(351, 1015)
(351, 1016)
(351, 1017)
(350, 1018)
(350, 1019)
(350, 1020)
(350, 1021)
(350, 1022)
(350, 1023)
(349, 1024)
(349, 1025)
(349, 1026)
(350, 1027)
(349, 1028)
(349, 1029)
(349, 1030)
(349, 1031)
(348, 1032)
(348, 1033)
(348, 1034)
(347, 1035)
(347, 1036)
(347, 1037)
(347, 1038)
(347, 1039)
(347, 1040)
(347, 1041)
(346, 1042)
(346, 1043)
(346, 1044)
(346, 1045)
(345, 1046)
(345, 1047)
(345, 1048)
(345, 1049)
(345, 1050)
(344, 1051)
(344, 1052)
(344, 1053)
(344, 1054)
(344, 1055)
(343, 1056)
(343, 1057)
(343, 1058)
(343, 1059)
(343, 1060)
(343, 1061)
(342, 1062)
(342, 1063)
(342, 1064)
(342, 1065)
(342, 1066)
(342, 1067)
(342, 1068)
(342, 1069)
(341, 1070)
(341, 1071)
(341, 1072)
(341, 1073)
(340, 1074)
(340, 1075)
(340, 1076)
(340, 1077)
(340, 1078)
(339, 1079)
(339, 1080)
(339, 1081)
(339, 1082)
(339, 1083)
(338, 1084)
(338, 1085)
(338, 1086)
(338, 1087)
(338, 1088)
(337, 1089)
(337, 1090)
(337, 1091)
(337, 1092)
(337, 1093)
(337, 1094)
(336, 1095)
(336, 1096)
(336, 1097)
(336, 1098)
(336, 1099)
(336, 1100)
(336, 1101)
(335, 1102)
(335, 1103)
(335, 1104)
(335, 1105)
(335, 1106)
(335, 1107)
(334, 1108)
(334, 1109)
(333, 1110)
(334, 1111)
(332, 1112)
(332, 1113)
(332, 1114)
(332, 1115)
(332, 1116)
(332, 1117)
(332, 1118)
(332, 1119)
(332, 1120)
(332, 1121)
(332, 1122)
(331, 1123)
(331, 1124)
(331, 1125)
(331, 1126)
(331, 1127)
(331, 1128)
(330, 1129)
(330, 1130)
(329, 1131)
(329, 1132)
(329, 1133)
(328, 1134)
(328, 1135)
(327, 1136)
(327, 1137)
(326, 1138)
(327, 1139)
(326, 1140)
(324, 1141)
(323, 1142)
(323, 1143)
(323, 1144)
(323, 1145)
(324, 1146)
(324, 1147)
(324, 1148)
(323, 1149)
(324, 1150)
(323, 1151)
(320, 1152)
(321, 1153)
(320, 1154)
(318, 1155)
(317, 1156)
(317, 1157)
(317, 1158)
(317, 1159)
(317, 1160)
(317, 1161)
(317, 1162)
(317, 1163)
(317, 1164)
(317, 1165)
(317, 1166)
(317, 1167)
(317, 1168)
(316, 1169)
(316, 1170)
(316, 1171)
(316, 1172)
(316, 1173)
(316, 1174)
(316, 1175)
(316, 1176)
(316, 1177)
(316, 1178)
(316, 1179)
(316, 1180)
(316, 1181)
(316, 1182)
(316, 1183)
(315, 1184)
(315, 1185)
(315, 1186)
(315, 1187)
(314, 1188)
(314, 1189)
(314, 1190)
(314, 1191)
(313, 1192)
(313, 1193)
(313, 1194)
(313, 1195)
(313, 1196)
(312, 1197)
(312, 1198)
(312, 1199)
(312, 1200)
(311, 1201)
(311, 1202)
(311, 1203)
(310, 1204)
(310, 1205)
(310, 1206)
(308, 1207)
(308, 1208)
(308, 1209)
(308, 1210)
(307, 1211)
(307, 1212)
(306, 1213)
(306, 1214)
(306, 1215)
(305, 1216)
(305, 1217)
(305, 1218)
(304, 1219)
(304, 1220)
(303, 1221)
(303, 1222)
(302, 1223)
(302, 1224)
(301, 1225)
(302, 1226)
(300, 1227)
(301, 1228)
(299, 1229)
(299, 1230)
(298, 1231)
(298, 1232)
(298, 1233)
(297, 1234)
(297, 1235)
(297, 1236)
(297, 1237)
(297, 1238)
(296, 1239)
(296, 1240)
(295, 1241)
(295, 1242)
(294, 1243)
(294, 1244)
(293, 1245)
(294, 1246)
(293, 1247)
(292, 1248)
(290, 1249)
(291, 1250)
(290, 1251)
(289, 1252)
(288, 1253)
(287, 1254)
(286, 1255)
(284, 1256)
(282, 1257)
(280, 1258)
(278, 1259)
(276, 1260)
(274, 1261)
(271, 1262)
(269, 1263)
(267, 1264)
(267, 1265)
(264, 1266)
(266, 1267)
(264, 1268)
(261, 1269)
(260, 1270)
(260, 1271)
(258, 1272)
(256, 1273)
(257, 1274)
(255, 1275)
(255, 1276)
(253, 1277)
(253, 1278)
(252, 1279)
(252, 1280)
(252, 1281)
(252, 1282)
(252, 1283)
(251, 1284)
(251, 1285)
(251, 1286)
(251, 1287)
(251, 1288)
(251, 1289)
(251, 1290)
(251, 1291)
(250, 1292)
(250, 1293)
(250, 1294)
(249, 1295)
(249, 1296)
(250, 1297)
(248, 1298)
(248, 1299)
(245, 1300)
(245, 1301)
(245, 1302)
(245, 1303)
(245, 1304)
(245, 1305)
(245, 1306)
(244, 1307)
(246, 1308)
(246, 1309)
(245, 1310)
(246, 1311)
(245, 1312)
(243, 1313)
(244, 1314)
(243, 1315)
(241, 1316)
(241, 1317)
(240, 1318)
(240, 1319)
(239, 1320)
(239, 1321)
(239, 1322)
(239, 1323)
(239, 1324)
(239, 1325)
(239, 1326)
(239, 1327)
(238, 1328)
(238, 1329)
(238, 1330)
(238, 1331)
(237, 1332)
(236, 1333)
(236, 1334)
(235, 1335)
(236, 1336)
(234, 1337)
(234, 1338)
(233, 1339)
(233, 1340)
(233, 1341)
(232, 1342)
(232, 1343)
(232, 1344)
(232, 1345)
(232, 1346)
(231, 1347)
(231, 1348)
(231, 1349)
(231, 1350)
(231, 1351)
(230, 1352)
(230, 1353)
(230, 1354)
(230, 1355)
(229, 1356)
(228, 1357)
(228, 1358)
(227, 1359)
(227, 1360)
(226, 1361)
(226, 1362)
(225, 1363)
(224, 1364)
(224, 1365)
(224, 1366)
(224, 1367)
(224, 1368)
(224, 1369)
(224, 1370)
(224, 1371)
(223, 1372)
(223, 1373)
(223, 1374)
(223, 1375)
(223, 1376)
(223, 1377)
(223, 1378)
(224, 1379)
(219, 1381)
(219, 1382)
(218, 1383)
(217, 1384)
(216, 1385)
(216, 1386)
(215, 1387)
(215, 1388)
(214, 1389)
(214, 1390)
(213, 1391)
(213, 1392)
(213, 1393)
(213, 1394)
(213, 1395)
(213, 1396)
(213, 1397)
(213, 1398)
(213, 1399)
(213, 1400)
(213, 1401)
(213, 1402)
(214, 1403)
(214, 1404)
(214, 1405)
(214, 1406)
(214, 1407)
(214, 1408)
(214, 1409)
(214, 1410)
(215, 1411)
(215, 1412)
(216, 1413)
(216, 1414)
(216, 1415)
(216, 1416)
(215, 1417)
(215, 1418)
(214, 1419)
(214, 1420)
(214, 1421)
(213, 1422)
(213, 1423)
(214, 1424)
(214, 1425)
(217, 1426)
(218, 1427)
(219, 1428)
(220, 1429)
(220, 1430)
(221, 1431)
(222, 1432)
(222, 1433)
(223, 1434)
(223, 1435)
(223, 1436)
(222, 1437)
(222, 1438)
(221, 1439)
(222, 1440)
(221, 1441)
(220, 1442)
(218, 1443)
(217, 1444)
(217, 1445)
(217, 1446)
(216, 1447)
(215, 1448)
(216, 1449)
(215, 1450)
(213, 1451)
(212, 1452)
(212, 1453)
(211, 1454)
(211, 1455)
(211, 1456)
(211, 1457)
(211, 1458)
(211, 1459)
(211, 1460)
(211, 1461)
(211, 1462)
(211, 1463)
(211, 1464)
(211, 1465)
(211, 1466)
(212, 1467)
(214, 1469)
(214, 1470)
(216, 1471)
(215, 1472)
(218, 1473)
(218, 1474)
(220, 1475)
(219, 1476)
(220, 1477)
(221, 1478)
(221, 1479)
(221, 1480)
(221, 1481)
(221, 1482)
(221, 1483)
(222, 1484)
(222, 1485)
(224, 1486)
(223, 1487)
(224, 1488)
(224, 1489)
(225, 1490)
(226, 1491)
(227, 1492)
(227, 1493)
(227, 1494)
(227, 1495)
(227, 1496)
(227, 1497)
(228, 1498)
(228, 1499)
(228, 1500)
(228, 1501)
(228, 1502)
(228, 1503)
(228, 1504)
(228, 1505)
(229, 1506)
(229, 1507)
(229, 1508)
(229, 1509)
(230, 1510)
(230, 1511)
(230, 1512)
(230, 1513)
(230, 1514)
(230, 1515)
(230, 1516)
(230, 1517)
(230, 1518)
(230, 1519)
(230, 1520)
(230, 1521)
(230, 1522)
(230, 1523)
(230, 1524)
(230, 1525)
(230, 1526)
(230, 1527)
(229, 1528)
(228, 1529)
(228, 1530)
(228, 1531)
(227, 1532)
(227, 1533)
(227, 1534)
(226, 1535)
(226, 1536)
(226, 1537)
(226, 1538)
(226, 1539)
(226, 1540)
(226, 1541)
(226, 1542)
(226, 1543)
(226, 1544)
(226, 1545)
(226, 1546)
(226, 1547)
(225, 1548)
(225, 1549)
(225, 1550)
(226, 1551)
(226, 1552)
(226, 1553)
(226, 1554)
(226, 1555)
(226, 1556)
(225, 1557)
(226, 1558)
(227, 1559)
(226, 1561)
(226, 1562)
(226, 1563)
(226, 1564)
(226, 1565)
(226, 1566)
(226, 1567)
(226, 1568)
(226, 1569)
(226, 1570)
(226, 1571)
(227, 1572)
(227, 1573)
(226, 1574)
(227, 1575)
(227, 1576)
(227, 1577)
(227, 1578)
(227, 1579)
(227, 1580)
(227, 1581)
(227, 1582)
(227, 1583)
(226, 1584)
(226, 1585)
(225, 1586)
(225, 1587)
(224, 1588)
(224, 1589)
(223, 1590)
(223, 1591)
(222, 1592)
(220, 1593)
(220, 1594)
(221, 1595)
(221, 1596)
(220, 1597)
(219, 1598)
(219, 1599)
(218, 1600)
(218, 1601)
(218, 1602)
(218, 1603)
(218, 1604)
(220, 1605)
(219, 1606)
(220, 1607)
(221, 1608)
(221, 1609)
(222, 1610)
(222, 1611)
(223, 1612)
(223, 1613)
(224, 1614)
(224, 1615)
(224, 1616)
(224, 1617)
(224, 1618)
(224, 1619)
(224, 1620)
(224, 1621)
(224, 1622)
(224, 1623)
(224, 1624)
(225, 1625)
(227, 1626)
(228, 1627)
(229, 1628)
(228, 1629)
(231, 1630)
(232, 1631)
(231, 1632)
(232, 1633)
(231, 1634)
(232, 1635)
(230, 1636)
(229, 1637)
(228, 1638)
(229, 1639)
(228, 1640)
(226, 1641)
(225, 1642)
(224, 1643)
(224, 1644)
(224, 1645)
(223, 1646)
(223, 1647)
(223, 1648)
(224, 1649)
(224, 1650)
(228, 1651)
(227, 1652)
(227, 1653)
(227, 1654)
(227, 1655)
(227, 1656)
(226, 1657)
(226, 1658)
(226, 1659)
(226, 1660)
(226, 1661)
(227, 1662)
(228, 1663)
(228, 1664)
(229, 1665)
(230, 1666)
(231, 1667)
(233, 1668)
(234, 1669)
(235, 1670)
(236, 1671)
(237, 1672)
(237, 1673)
(238, 1674)
(239, 1675)
(240, 1676)
(241, 1677)
(243, 1678)
(242, 1679)
(243, 1680)
(244, 1681)
(244, 1682)
(245, 1683)
(245, 1684)
(246, 1685)
(246, 1686)
(247, 1687)
(249, 1688)
(248, 1689)
(249, 1690)
(251, 1691)
(250, 1692)
(251, 1693)
(251, 1694)
(252, 1695)
(252, 1696)
(253, 1697)
(253, 1698)
(253, 1699)
(254, 1700)
(256, 1701)
(255, 1702)
(256, 1703)
(256, 1704)
(256, 1705)
(256, 1706)
(256, 1707)
(256, 1708)
(256, 1709)
(256, 1710)
(257, 1711)
(257, 1712)
(257, 1713)
(257, 1714)
(257, 1715)
(258, 1716)
(258, 1717)
(258, 1718)
(258, 1719)
(258, 1720)
(258, 1721)
(257, 1722)
(257, 1723)
(256, 1724)
(255, 1725)
(255, 1726)
(255, 1727)
(255, 1728)
(255, 1729)
(255, 1730)
(256, 1731)
(256, 1732)
(257, 1733)
(257, 1734)
(257, 1735)
(257, 1736)
(257, 1737)
(258, 1738)
(258, 1739)
(258, 1740)
(258, 1741)
(257, 1742)
(258, 1743)
(258, 1744)
(257, 1745)
(257, 1746)
(257, 1747)
(257, 1748)
(257, 1749)
(257, 1750)
(257, 1751)
(257, 1752)
(257, 1753)
(257, 1754)
(257, 1755)
(257, 1756)
(256, 1757)
(256, 1758)
(256, 1759)
(256, 1760)
(256, 1761)
(255, 1762)
(255, 1763)
(255, 1764)
(255, 1765)
(255, 1766)
(255, 1767)
(255, 1768)
(255, 1769)
(256, 1770)
(256, 1771)
(256, 1772)
(256, 1773)
(256, 1774)
(256, 1775)
(256, 1776)
(257, 1777)
(257, 1778)
(257, 1779)
(257, 1780)
(257, 1781)
(258, 1782)
(258, 1783)
(258, 1784)
(258, 1785)
(259, 1786)
(259, 1787)
(259, 1788)
(259, 1789)
(259, 1790)
(259, 1791)
(259, 1792)
(259, 1793)
(259, 1794)
(259, 1795)
(259, 1796)
(259, 1797)
(259, 1798)
(259, 1799)
(259, 1800)
(259, 1801)
(260, 1802)
(260, 1803)
(260, 1804)
(260, 1805)
(260, 1806)
(260, 1807)
(260, 1808)
(260, 1809)
(260, 1810)
(260, 1811)
(260, 1812)
(260, 1813)
(260, 1814)
(259, 1815)
(259, 1816)
(259, 1817)
(259, 1818)
(259, 1819)
(259, 1820)
(259, 1821)
(259, 1822)
(259, 1823)
(259, 1824)
(259, 1825)
(259, 1826)
(259, 1827)
(259, 1828)
(259, 1829)
(259, 1830)
(259, 1831)
(260, 1832)
(260, 1833)
(260, 1834)
(260, 1835)
(260, 1836)
(260, 1837)
(262, 1838)
(261, 1839)
(261, 1840)
(260, 1841)
(261, 1842)
(261, 1843)
(261, 1844)
(261, 1845)
(261, 1846)
(261, 1847)
(261, 1848)
(261, 1849)
(261, 1850)
(261, 1851)
(261, 1852)
(261, 1853)
(261, 1854)
(261, 1855)
(261, 1856)
(261, 1857)
(261, 1858)
(261, 1859)
(260, 1860)
(260, 1861)
(260, 1862)
(260, 1863)
(260, 1864)
(260, 1865)
(259, 1866)
(259, 1867)
(259, 1868)
(259, 1869)
(259, 1870)
(259, 1871)
(258, 1872)
(258, 1873)
(258, 1874)
(258, 1875)
(258, 1876)
(258, 1877)
(258, 1878)
(257, 1879)
(257, 1880)
(257, 1881)
(257, 1882)
(257, 1883)
(257, 1884)
(257, 1885)
(257, 1886)
(257, 1887)
(256, 1888)
(256, 1889)
(256, 1890)
(256, 1891)
(256, 1892)
(256, 1893)
(256, 1894)
(256, 1895)
(256, 1896)
(256, 1897)
(257, 1898)
(257, 1899)
(257, 1900)
(257, 1901)
(257, 1902)
(257, 1903)
(258, 1904)
(258, 1905)
(259, 1906)
(259, 1907)
(259, 1908)
(260, 1909)
(260, 1910)
(260, 1911)
(260, 1912)
(260, 1913)
(260, 1914)
(260, 1915)
(260, 1916)
(259, 1917)
(259, 1918)
(259, 1919)
(259, 1920)
(259, 1921)
(259, 1922)
(259, 1923)
(259, 1924)
(259, 1925)
(259, 1926)
(259, 1927)
(259, 1928)
(259, 1929)
(259, 1930)
(259, 1931)
(259, 1932)
(259, 1933)
(259, 1934)
(259, 1935)
(259, 1936)
(259, 1937)
(259, 1938)
(259, 1939)
(259, 1940)
(259, 1941)
(259, 1942)
(259, 1943)
(259, 1944)
(259, 1945)
(259, 1946)
(259, 1947)
(259, 1948)
(259, 1949)
(259, 1950)
(259, 1951)
(259, 1952)
(259, 1953)
(259, 1954)
(259, 1955)
(260, 1956)
(260, 1957)
(260, 1958)
(260, 1959)
(260, 1960)
(260, 1961)
(260, 1962)
(260, 1963)
(261, 1964)
(261, 1965)
(261, 1966)
(261, 1967)
(261, 1968)
(261, 1969)
(261, 1970)
(261, 1971)
(262, 1972)
(262, 1973)
(262, 1974)
(262, 1975)
(262, 1976)
(262, 1977)
(262, 1978)
(262, 1979)
(262, 1980)
(263, 1981)
(263, 1982)
(263, 1983)
(263, 1984)
(264, 1985)
(264, 1986)
(266, 1987)
(265, 1988)
(265, 1989)
(266, 1990)
(266, 1991)
(267, 1992)
(267, 1993)
(267, 1994)
(268, 1995)
(268, 1996)
(268, 1997)
(269, 1998)
(269, 1999)
(269, 2000)
(270, 2001)
(270, 2002)
(270, 2003)
(270, 2004)
(270, 2005)
(271, 2006)
(271, 2007)
(271, 2008)
(271, 2009)
(271, 2010)
(271, 2011)
(271, 2012)
(270, 2013)
(270, 2014)
(271, 2015)
(269, 2016)
(270, 2017)
(268, 2018)
(268, 2019)
(268, 2020)
(268, 2021)
(268, 2022)
(268, 2023)
(268, 2024)
(269, 2025)
(269, 2026)
(269, 2027)
(269, 2028)
(269, 2029)
(269, 2030)
(270, 2031)
(270, 2032)
(270, 2033)
(271, 2034)
(271, 2035)
(271, 2036)
(271, 2037)
(272, 2038)
(272, 2039)
(272, 2040)
(272, 2041)
(273, 2042)
(273, 2043)
(273, 2044)
(274, 2045)
(274, 2046)
(274, 2047)
(275, 2048)
(275, 2049)
(275, 2050)
(276, 2051)
(276, 2052)
(278, 2053)
(277, 2054)
(278, 2055)
(278, 2056)
(278, 2057)
(278, 2058)
(278, 2059)
(279, 2060)
(279, 2061)
(279, 2062)
(279, 2063)
(280, 2064)
(280, 2065)
(280, 2066)
(280, 2067)
(279, 2068)
(279, 2069)
(279, 2070)
(279, 2071)
(279, 2072)
(279, 2073)
(279, 2074)
(279, 2075)
(279, 2076)
(279, 2077)
(279, 2078)
(279, 2079)
(279, 2080)
(279, 2081)
(279, 2082)
(279, 2083)
(279, 2084)
(279, 2085)
(280, 2086)
(280, 2087)
(280, 2088)
(280, 2089)
(280, 2090)
(280, 2091)
(280, 2092)
(280, 2093)
(281, 2094)
(281, 2095)
(281, 2096)
(281, 2097)
(281, 2098)
(281, 2099)
(281, 2100)
(281, 2101)
(282, 2102)
(282, 2103)
(282, 2104)
(282, 2105)
(283, 2106)
(283, 2107)
(283, 2108)
(283, 2109)
(283, 2110)
(283, 2111)
(283, 2112)
(283, 2113)
(284, 2114)
(284, 2115)
(282, 2116)
(283, 2117)
(285, 2118)
(286, 2119)
(286, 2120)
(287, 2121)
(287, 2122)
(287, 2123)
(288, 2124)
(288, 2125)
(288, 2126)
(288, 2127)
(288, 2128)
(288, 2129)
(288, 2130)
(288, 2131)
(288, 2132)
(289, 2133)
(289, 2134)
(291, 2135)
(290, 2136)
(290, 2137)
(291, 2138)
(291, 2139)
(291, 2140)
(291, 2141)
(291, 2142)
(291, 2143)
(291, 2144)
(291, 2145)
(291, 2146)
(291, 2147)
(291, 2148)
(292, 2149)
(292, 2150)
(292, 2151)
(292, 2152)
(293, 2153)
(293, 2154)
(293, 2155)
(293, 2156)
(293, 2157)
(293, 2158)
(293, 2159)
(293, 2160)
(293, 2161)
(293, 2162)
(293, 2163)
(293, 2164)
(293, 2165)
(294, 2166)
(294, 2167)
(294, 2168)
(294, 2169)
(295, 2170)
(295, 2171)
(295, 2172)
(295, 2173)
(295, 2174)
(296, 2175)
(296, 2176)
(296, 2177)
(297, 2178)
(297, 2179)
(297, 2180)
(298, 2181)
(298, 2182)
(298, 2183)
(298, 2184)
(297, 2185)
(296, 2186)
(296, 2187)
(295, 2188)
(295, 2189)
(293, 2190)
(293, 2191)
(293, 2192)
(294, 2193)
(294, 2194)
(294, 2195)
(294, 2196)
(295, 2197)
(295, 2198)
(295, 2199)
(296, 2200)
(296, 2201)
(296, 2202)
(296, 2203)
(297, 2204)
(297, 2205)
(297, 2206)
(297, 2207)
(297, 2208)
(298, 2209)
(298, 2210)
(298, 2211)
(298, 2212)
(298, 2213)
(299, 2214)
(299, 2215)
(299, 2216)
(299, 2217)
(299, 2218)
(299, 2219)
(299, 2220)
(299, 2221)
(299, 2222)
(300, 2223)
(300, 2224)
(300, 2225)
(300, 2226)
(301, 2227)
(301, 2228)
(303, 2229)
(302, 2230)
(302, 2231)
(302, 2232)
(303, 2233)
(303, 2234)
(304, 2235)
(304, 2236)
(304, 2237)
(304, 2238)
(304, 2239)
(304, 2240)
(305, 2241)
(305, 2242)
(305, 2243)
(305, 2244)
(305, 2245)
(305, 2246)
(305, 2247)
(305, 2248)
(305, 2249)
(305, 2250)
(305, 2251)
(305, 2252)
(305, 2253)
(305, 2254)
(305, 2255)
(305, 2256)
(305, 2257)
(305, 2258)
(305, 2259)
(306, 2260)
(306, 2261)
(306, 2262)
(306, 2263)
(307, 2264)
(307, 2265)
(307, 2266)
(307, 2267)
(307, 2268)
(306, 2269)
(307, 2270)
(307, 2271)
(307, 2272)
(307, 2273)
(307, 2274)
(307, 2275)
(307, 2276)
(308, 2277)
(308, 2278)
(308, 2279)
(308, 2280)
(308, 2281)
(308, 2282)
(308, 2283)
(308, 2284)
(308, 2285)
(308, 2286)
(308, 2287)
(309, 2288)
(309, 2289)
(309, 2290)
(309, 2291)
(309, 2292)
(309, 2293)
(309, 2294)
(309, 2295)
(309, 2296)
(309, 2297)
(308, 2298)
(308, 2299)
(308, 2300)
(308, 2301)
(308, 2302)
(308, 2303)
(308, 2304)
(308, 2305)
