Tam. img.: (910, 2380)
(533, 109)
(533, 110)
(533, 111)
(533, 112)
(533, 113)
(533, 114)
(533, 115)
(533, 116)
(533, 117)
(533, 118)
(533, 119)
(533, 120)
(533, 121)
(533, 122)
(533, 123)
(533, 124)
(533, 125)
(533, 126)
(533, 127)
(533, 128)
(533, 129)
(533, 130)
(533, 131)
(533, 132)
(533, 133)
(533, 134)
(533, 135)
(533, 136)
(533, 137)
(533, 138)
(533, 139)
(533, 140)
(533, 141)
(533, 142)
(533, 143)
(533, 144)
(532, 145)
(532, 146)
(532, 147)
(532, 148)
(532, 149)
(532, 150)
(532, 151)
(532, 152)
(532, 153)
(532, 154)
(532, 155)
(532, 156)
(532, 157)
(532, 158)
(532, 159)
(532, 160)
(532, 161)
(532, 162)
(532, 163)
(532, 164)
(532, 165)
(532, 166)
(532, 167)
(532, 168)
(532, 169)
(532, 170)
(532, 171)
(531, 172)
(531, 173)
(531, 174)
(531, 175)
(531, 176)
(531, 177)
(531, 178)
(531, 179)
(531, 180)
(531, 181)
(531, 182)
(531, 183)
(531, 184)
(531, 185)
(531, 186)
(531, 187)
(531, 188)
(531, 189)
(531, 190)
(531, 191)
(530, 192)
(530, 193)
(530, 194)
(530, 195)
(530, 196)
(530, 197)
(530, 198)
(530, 199)
(533, 201)
(530, 202)
(530, 203)
(530, 204)
(530, 205)
(530, 206)
(530, 207)
(530, 208)
(530, 209)
(529, 210)
(529, 211)
(529, 212)
(529, 213)
(529, 214)
(529, 215)
(529, 216)
(529, 217)
(529, 218)
(529, 219)
(529, 220)
(529, 221)
(529, 222)
(529, 223)
(529, 224)
(529, 225)
(529, 226)
(529, 227)
(529, 228)
(529, 229)
(529, 230)
(529, 231)
(529, 232)
(529, 233)
(529, 234)
(529, 235)
(529, 236)
(529, 237)
(528, 238)
(528, 239)
(528, 240)
(528, 241)
(528, 242)
(528, 243)
(528, 244)
(528, 245)
(528, 246)
(528, 247)
(528, 248)
(528, 249)
(528, 250)
(528, 251)
(528, 252)
(528, 253)
(528, 254)
(527, 255)
(527, 256)
(527, 257)
(527, 258)
(527, 259)
(527, 260)
(527, 261)
(527, 262)
(527, 263)
(527, 264)
(527, 265)
(527, 266)
(527, 267)
(527, 268)
(527, 269)
(527, 270)
(527, 271)
(527, 272)
(527, 273)
(527, 274)
(527, 275)
(527, 276)
(527, 277)
(527, 278)
(527, 279)
(527, 280)
(527, 281)
(526, 282)
(526, 283)
(526, 284)
(526, 285)
(526, 286)
(526, 287)
(526, 288)
(526, 289)
(526, 290)
(526, 291)
(527, 292)
(529, 293)
(527, 295)
(526, 296)
(526, 297)
(526, 298)
(526, 299)
(526, 300)
(526, 301)
(526, 302)
(526, 303)
(526, 304)
(526, 305)
(526, 306)
(526, 307)
(526, 308)
(525, 309)
(525, 310)
(525, 311)
(525, 312)
(525, 313)
(525, 314)
(525, 315)
(525, 316)
(525, 317)
(525, 318)
(525, 319)
(525, 320)
(525, 321)
(525, 322)
(525, 323)
(525, 324)
(524, 325)
(524, 326)
(524, 327)
(524, 328)
(524, 329)
(524, 330)
(524, 331)
(524, 332)
(524, 333)
(524, 334)
(524, 335)
(524, 336)
(524, 337)
(524, 338)
(524, 339)
(524, 340)
(524, 341)
(524, 342)
(524, 343)
(524, 344)
(523, 345)
(523, 346)
(523, 347)
(523, 348)
(523, 349)
(523, 350)
(523, 351)
(523, 352)
(523, 353)
(523, 354)
(523, 355)
(523, 356)
(523, 357)
(523, 358)
(523, 359)
(523, 360)
(523, 361)
(523, 362)
(523, 363)
(523, 364)
(523, 365)
(523, 366)
(523, 367)
(523, 368)
(523, 369)
(522, 370)
(522, 371)
(522, 372)
(522, 373)
(522, 374)
(522, 375)
(522, 376)
(522, 377)
(522, 378)
(522, 379)
(522, 380)
(522, 381)
(522, 382)
(522, 383)
(522, 384)
(522, 385)
(522, 388)
(522, 389)
(522, 390)
(522, 391)
(522, 392)
(522, 393)
(522, 394)
(522, 395)
(522, 396)
(521, 397)
(521, 398)
(521, 399)
(521, 400)
(521, 401)
(521, 402)
(521, 403)
(521, 404)
(521, 405)
(521, 406)
(521, 407)
(521, 408)
(521, 409)
(521, 410)
(521, 411)
(521, 412)
(521, 413)
(521, 414)
(521, 415)
(521, 416)
(521, 417)
(521, 418)
(521, 419)
(521, 420)
(521, 421)
(521, 422)
(521, 423)
(521, 424)
(521, 425)
(521, 426)
(521, 427)
(521, 428)
(521, 429)
(521, 430)
(521, 431)
(521, 432)
(520, 433)
(520, 434)
(520, 435)
(520, 436)
(520, 437)
(520, 438)
(520, 439)
(520, 440)
(520, 441)
(520, 442)
(520, 443)
(520, 444)
(520, 445)
(520, 446)
(520, 447)
(520, 448)
(520, 449)
(520, 450)
(520, 451)
(520, 452)
(520, 453)
(520, 454)
(520, 455)
(520, 456)
(520, 457)
(520, 458)
(520, 459)
(520, 460)
(520, 461)
(520, 462)
(520, 463)
(520, 464)
(520, 465)
(520, 466)
(520, 467)
(520, 468)
(520, 469)
(520, 470)
(520, 471)
(520, 472)
(520, 473)
(520, 474)
(520, 475)
(520, 476)
(520, 477)
(519, 478)
(520, 479)
(520, 480)
(520, 481)
(520, 482)
(519, 483)
(519, 484)
(519, 485)
(519, 486)
(519, 487)
(519, 488)
(519, 489)
(519, 490)
(519, 491)
(519, 492)
(519, 493)
(519, 494)
(519, 495)
(519, 496)
(519, 497)
(519, 498)
(519, 499)
(519, 500)
(519, 501)
(519, 502)
(519, 503)
(519, 504)
(519, 505)
(519, 506)
(519, 507)
(519, 508)
(519, 509)
(519, 510)
(519, 511)
(518, 512)
(518, 513)
(518, 514)
(518, 515)
(518, 516)
(518, 517)
(518, 518)
(518, 519)
(518, 520)
(518, 521)
(518, 522)
(518, 523)
(518, 524)
(518, 525)
(518, 526)
(518, 527)
(518, 528)
(518, 529)
(518, 530)
(518, 531)
(518, 532)
(518, 533)
(518, 534)
(518, 535)
(518, 536)
(518, 537)
(518, 538)
(518, 539)
(518, 540)
(518, 541)
(518, 542)
(518, 543)
(518, 544)
(518, 545)
(518, 546)
(518, 547)
(518, 548)
(518, 549)
(518, 550)
(517, 551)
(517, 552)
(517, 553)
(517, 554)
(517, 555)
(517, 556)
(517, 557)
(517, 558)
(517, 559)
(517, 560)
(517, 561)
(517, 562)
(517, 563)
(517, 564)
(517, 565)
(517, 566)
(517, 567)
(517, 568)
(517, 569)
(517, 570)
(517, 571)
(517, 572)
(518, 573)
(517, 576)
(517, 577)
(517, 578)
(517, 579)
(517, 580)
(517, 581)
(516, 582)
(516, 583)
(516, 584)
(516, 585)
(516, 586)
(516, 587)
(516, 588)
(516, 589)
(516, 590)
(516, 591)
(516, 592)
(516, 593)
(516, 594)
(516, 595)
(516, 596)
(516, 597)
(516, 598)
(516, 599)
(516, 600)
(516, 601)
(516, 602)
(516, 603)
(516, 604)
(516, 605)
(516, 606)
(516, 607)
(515, 608)
(515, 609)
(515, 610)
(515, 611)
(515, 612)
(515, 613)
(515, 614)
(515, 615)
(515, 616)
(515, 617)
(515, 618)
(515, 619)
(515, 620)
(515, 621)
(515, 622)
(515, 623)
(515, 624)
(515, 625)
(515, 626)
(515, 627)
(515, 628)
(515, 629)
(515, 630)
(515, 631)
(515, 632)
(515, 633)
(515, 634)
(515, 635)
(515, 636)
(515, 637)
(515, 638)
(515, 639)
(514, 640)
(514, 641)
(514, 642)
(514, 643)
(514, 644)
(514, 645)
(514, 646)
(514, 647)
(514, 648)
(514, 649)
(514, 650)
(514, 651)
(514, 652)
(514, 653)
(514, 654)
(514, 655)
(514, 656)
(514, 657)
(514, 658)
(514, 659)
(514, 660)
(514, 661)
(514, 662)
(514, 663)
(514, 664)
(514, 665)
(514, 666)
(514, 667)
(512, 668)
(513, 669)
(514, 670)
(514, 671)
(513, 672)
(513, 673)
(513, 674)
(513, 675)
(513, 676)
(513, 677)
(513, 678)
(513, 679)
(513, 680)
(513, 681)
(513, 682)
(513, 683)
(513, 684)
(513, 685)
(513, 686)
(513, 687)
(513, 688)
(513, 689)
(513, 690)
(513, 691)
(513, 692)
(513, 693)
(513, 694)
(513, 695)
(513, 696)
(513, 697)
(513, 698)
(512, 699)
(512, 700)
(512, 701)
(512, 702)
(512, 703)
(512, 704)
(512, 705)
(512, 706)
(512, 707)
(512, 708)
(512, 709)
(512, 710)
(512, 711)
(512, 712)
(512, 713)
(512, 714)
(512, 715)
(512, 716)
(512, 717)
(512, 718)
(512, 719)
(512, 720)
(512, 721)
(512, 722)
(512, 723)
(512, 724)
(512, 725)
(512, 726)
(512, 727)
(512, 728)
(512, 729)
(512, 730)
(512, 731)
(512, 732)
(512, 733)
(512, 734)
(512, 735)
(512, 736)
(512, 737)
(512, 738)
(511, 739)
(511, 740)
(511, 741)
(511, 742)
(511, 743)
(511, 744)
(511, 745)
(511, 746)
(511, 747)
(511, 748)
(511, 749)
(511, 750)
(511, 751)
(511, 752)
(511, 753)
(511, 754)
(511, 755)
(511, 756)
(511, 757)
(511, 758)
(511, 759)
(511, 761)
(511, 762)
(510, 763)
(510, 764)
(510, 765)
(510, 766)
(510, 767)
(510, 768)
(510, 769)
(510, 770)
(510, 771)
(510, 772)
(510, 773)
(510, 774)
(510, 775)
(510, 776)
(510, 777)
(510, 778)
(510, 779)
(510, 780)
(510, 781)
(510, 782)
(510, 783)
(510, 784)
(510, 785)
(510, 786)
(510, 787)
(510, 788)
(510, 789)
(510, 790)
(510, 791)
(510, 792)
(510, 793)
(509, 794)
(509, 795)
(509, 796)
(509, 797)
(509, 798)
(509, 799)
(509, 800)
(509, 801)
(509, 802)
(509, 803)
(509, 804)
(509, 805)
(509, 806)
(509, 807)
(509, 808)
(509, 809)
(509, 810)
(509, 811)
(509, 812)
(509, 813)
(509, 814)
(509, 815)
(509, 816)
(509, 817)
(509, 818)
(508, 819)
(508, 820)
(508, 821)
(508, 822)
(508, 823)
(508, 824)
(508, 825)
(508, 826)
(508, 827)
(508, 828)
(508, 829)
(508, 830)
(508, 831)
(508, 832)
(508, 833)
(508, 834)
(508, 835)
(508, 836)
(508, 837)
(508, 838)
(508, 839)
(508, 840)
(508, 841)
(508, 842)
(508, 843)
(508, 844)
(508, 845)
(508, 846)
(507, 847)
(507, 848)
(508, 849)
(508, 850)
(508, 851)
(508, 852)
(508, 853)
(507, 854)
(507, 855)
(507, 856)
(507, 857)
(507, 858)
(507, 859)
(507, 860)
(507, 861)
(507, 862)
(507, 863)
(507, 864)
(507, 865)
(507, 866)
(507, 867)
(507, 868)
(507, 869)
(507, 870)
(507, 871)
(507, 872)
(507, 873)
(507, 874)
(507, 875)
(507, 876)
(507, 877)
(507, 878)
(507, 879)
(507, 880)
(507, 881)
(507, 882)
(507, 883)
(507, 884)
(507, 885)
(507, 886)
(507, 887)
(507, 888)
(507, 889)
(507, 890)
(507, 891)
(507, 892)
(507, 893)
(507, 894)
(507, 895)
(507, 896)
(507, 897)
(507, 898)
(507, 899)
(507, 900)
(507, 901)
(507, 902)
(507, 903)
(507, 904)
(507, 905)
(507, 906)
(507, 907)
(507, 908)
(507, 909)
(507, 910)
(507, 911)
(507, 912)
(507, 913)
(507, 914)
(507, 915)
(507, 916)
(507, 917)
(507, 918)
(507, 919)
(507, 920)
(507, 921)
(507, 922)
(507, 923)
(507, 924)
(507, 925)
(507, 926)
(507, 927)
(507, 928)
(507, 929)
(507, 930)
(507, 931)
(507, 932)
(507, 933)
(507, 934)
(507, 935)
(507, 936)
(507, 937)
(507, 938)
(508, 939)
(508, 940)
(508, 941)
(508, 942)
(508, 943)
(508, 944)
(508, 945)
(508, 946)
(508, 947)
(508, 948)
(508, 949)
(508, 950)
(508, 951)
(508, 952)
(508, 953)
(508, 954)
(508, 955)
(508, 956)
(508, 957)
(508, 958)
(508, 959)
(508, 960)
(508, 961)
(508, 962)
(508, 963)
(508, 964)
(508, 965)
(508, 966)
(508, 967)
(508, 968)
(508, 969)
(508, 970)
(508, 971)
(508, 972)
(508, 973)
(508, 974)
(508, 975)
(508, 976)
(508, 977)
(508, 978)
(507, 979)
(507, 980)
(507, 981)
(507, 982)
(507, 983)
(507, 984)
(507, 985)
(507, 986)
(507, 987)
(507, 988)
(507, 989)
(507, 990)
(507, 991)
(507, 992)
(507, 993)
(507, 994)
(507, 995)
(506, 996)
(506, 997)
(506, 998)
(506, 999)
(506, 1000)
(506, 1001)
(506, 1002)
(506, 1003)
(506, 1004)
(506, 1005)
(506, 1006)
(506, 1007)
(506, 1008)
(506, 1009)
(506, 1010)
(506, 1011)
(506, 1012)
(506, 1013)
(506, 1014)
(506, 1015)
(506, 1016)
(506, 1017)
(506, 1018)
(506, 1019)
(506, 1020)
(506, 1021)
(506, 1022)
(506, 1023)
(505, 1024)
(505, 1025)
(505, 1026)
(505, 1027)
(505, 1028)
(505, 1029)
(506, 1030)
(505, 1031)
(505, 1032)
(505, 1034)
(505, 1035)
(505, 1036)
(505, 1037)
(505, 1038)
(505, 1039)
(505, 1040)
(505, 1041)
(504, 1042)
(504, 1043)
(504, 1044)
(504, 1045)
(504, 1046)
(505, 1047)
(504, 1048)
(504, 1049)
(504, 1050)
(504, 1051)
(504, 1052)
(504, 1053)
(504, 1054)
(504, 1055)
(504, 1056)
(504, 1057)
(504, 1058)
(504, 1059)
(504, 1060)
(504, 1061)
(504, 1062)
(504, 1063)
(504, 1064)
(504, 1065)
(504, 1066)
(504, 1067)
(504, 1068)
(504, 1069)
(504, 1070)
(504, 1071)
(504, 1072)
(504, 1073)
(504, 1074)
(503, 1075)
(504, 1076)
(504, 1077)
(504, 1078)
(504, 1079)
(504, 1080)
(504, 1081)
(505, 1082)
(504, 1083)
(504, 1084)
(504, 1085)
(504, 1086)
(504, 1087)
(504, 1088)
(504, 1089)
(504, 1090)
(504, 1091)
(504, 1092)
(504, 1093)
(504, 1094)
(504, 1095)
(504, 1096)
(504, 1097)
(504, 1098)
(504, 1099)
(504, 1100)
(504, 1101)
(505, 1102)
(505, 1103)
(505, 1104)
(505, 1105)
(505, 1106)
(505, 1107)
(505, 1108)
(505, 1109)
(505, 1110)
(505, 1111)
(505, 1112)
(505, 1113)
(505, 1114)
(505, 1115)
(506, 1116)
(506, 1117)
(506, 1118)
(505, 1119)
(506, 1120)
(506, 1122)
(507, 1123)
(506, 1124)
(506, 1125)
(506, 1126)
(506, 1127)
(506, 1128)
(506, 1129)
(506, 1130)
(506, 1131)
(506, 1132)
(506, 1133)
(506, 1134)
(506, 1135)
(506, 1136)
(506, 1137)
(506, 1138)
(506, 1139)
(506, 1140)
(506, 1141)
(506, 1142)
(506, 1143)
(506, 1144)
(506, 1145)
(506, 1146)
(507, 1147)
(507, 1148)
(507, 1149)
(507, 1150)
(507, 1151)
(507, 1152)
(507, 1153)
(507, 1154)
(507, 1155)
(507, 1156)
(507, 1157)
(506, 1158)
(506, 1159)
(506, 1160)
(506, 1161)
(506, 1162)
(506, 1163)
(506, 1164)
(506, 1165)
(507, 1166)
(507, 1167)
(507, 1168)
(507, 1169)
(507, 1170)
(507, 1171)
(507, 1172)
(507, 1173)
(507, 1174)
(507, 1175)
(507, 1176)
(507, 1177)
(507, 1178)
(507, 1179)
(507, 1180)
(507, 1181)
(507, 1182)
(507, 1183)
(507, 1184)
(507, 1185)
(508, 1186)
(508, 1187)
(508, 1188)
(508, 1189)
(508, 1190)
(508, 1191)
(508, 1192)
(508, 1193)
(508, 1194)
(508, 1195)
(508, 1196)
(508, 1197)
(508, 1198)
(508, 1199)
(508, 1200)
(508, 1201)
(508, 1202)
(508, 1203)
(508, 1204)
(509, 1205)
(509, 1206)
(509, 1207)
(509, 1208)
(509, 1209)
(509, 1212)
(510, 1213)
(510, 1214)
(509, 1215)
(509, 1216)
(509, 1217)
(509, 1218)
(509, 1219)
(509, 1220)
(510, 1221)
(509, 1222)
(510, 1223)
(509, 1224)
(509, 1225)
(509, 1226)
(510, 1227)
(510, 1228)
(510, 1229)
(510, 1230)
(510, 1231)
(510, 1232)
(510, 1233)
(509, 1234)
(509, 1235)
(510, 1236)
(510, 1237)
(510, 1238)
(510, 1239)
(509, 1240)
(509, 1241)
(509, 1242)
(510, 1243)
(510, 1244)
(510, 1245)
(510, 1246)
(510, 1247)
(510, 1248)
(512, 1249)
(510, 1250)
(509, 1251)
(509, 1252)
(509, 1253)
(510, 1254)
(510, 1255)
(510, 1256)
(509, 1257)
(509, 1258)
(509, 1259)
(510, 1260)
(510, 1261)
(510, 1262)
(510, 1263)
(510, 1264)
(510, 1265)
(510, 1266)
(510, 1267)
(508, 1301)
(508, 1302)
(508, 1303)
(509, 1304)
(509, 1305)
(509, 1306)
(509, 1307)
(509, 1308)
(509, 1309)
(509, 1310)
(509, 1311)
(508, 1312)
(508, 1313)
(508, 1314)
(508, 1315)
(508, 1316)
(508, 1317)
(507, 1325)
(507, 1326)
(507, 1327)
(507, 1328)
(507, 1329)
(507, 1330)
(507, 1331)
(507, 1332)
(507, 1333)
(506, 1334)
(506, 1335)
(506, 1336)
(505, 1337)
(505, 1338)
(505, 1339)
(505, 1340)
(505, 1341)
(505, 1342)
(505, 1343)
(504, 1344)
(504, 1345)
(504, 1346)
(504, 1347)
(504, 1348)
(504, 1349)
(504, 1350)
(504, 1351)
(503, 1352)
(503, 1353)
(503, 1354)
(503, 1355)
(503, 1356)
(503, 1357)
(504, 1358)
(502, 1359)
(502, 1360)
(502, 1361)
(502, 1362)
(501, 1363)
(501, 1364)
(501, 1365)
(501, 1366)
(501, 1367)
(501, 1368)
(500, 1369)
(500, 1370)
(500, 1371)
(500, 1372)
(500, 1373)
(500, 1374)
(499, 1375)
(499, 1376)
(499, 1377)
(499, 1378)
(498, 1379)
(498, 1380)
(498, 1381)
(498, 1382)
(498, 1383)
(497, 1384)
(497, 1385)
(497, 1386)
(498, 1387)
(497, 1388)
(497, 1389)
(497, 1390)
(496, 1391)
(496, 1392)
(496, 1393)
(496, 1394)
(496, 1395)
(495, 1396)
(495, 1397)
(495, 1398)
(495, 1399)
(495, 1400)
(494, 1401)
(494, 1402)
(494, 1403)
(494, 1404)
(494, 1405)
(493, 1406)
(493, 1407)
(493, 1408)
(493, 1409)
(493, 1410)
(492, 1411)
(492, 1412)
(492, 1413)
(492, 1414)
(492, 1415)
(492, 1416)
(492, 1417)
(492, 1418)
(492, 1419)
(492, 1420)
(491, 1421)
(491, 1422)
(491, 1423)
(491, 1424)
(491, 1425)
(491, 1426)
(491, 1427)
(491, 1428)
(491, 1429)
(491, 1430)
(491, 1431)
(491, 1432)
(490, 1433)
(490, 1434)
(490, 1435)
(490, 1436)
(490, 1437)
(490, 1438)
(490, 1439)
(490, 1440)
(489, 1441)
(489, 1442)
(489, 1443)
(489, 1444)
(489, 1445)
(489, 1446)
(489, 1447)
(489, 1448)
(489, 1449)
(489, 1450)
(489, 1451)
(489, 1452)
(489, 1453)
(489, 1454)
(489, 1455)
(489, 1456)
(489, 1457)
(489, 1458)
(489, 1459)
(489, 1460)
(489, 1461)
(489, 1462)
(489, 1463)
(489, 1464)
(489, 1465)
(489, 1466)
(489, 1467)
(489, 1468)
(489, 1469)
(489, 1470)
(489, 1471)
(489, 1472)
(489, 1473)
(489, 1474)
(489, 1475)
(489, 1476)
(490, 1477)
(489, 1478)
(490, 1480)
(489, 1481)
(489, 1482)
(489, 1483)
(489, 1484)
(489, 1485)
(489, 1486)
(489, 1487)
(489, 1488)
(489, 1489)
(489, 1490)
(489, 1491)
(489, 1492)
(489, 1493)
(490, 1494)
(490, 1495)
(490, 1496)
(490, 1497)
(490, 1498)
(490, 1499)
(490, 1500)
(490, 1501)
(490, 1502)
(490, 1503)
(490, 1504)
(490, 1505)
(490, 1506)
(490, 1507)
(489, 1508)
(489, 1509)
(490, 1510)
(490, 1511)
(489, 1512)
(489, 1513)
(489, 1514)
(489, 1515)
(489, 1516)
(489, 1517)
(489, 1518)
(489, 1519)
(489, 1520)
(490, 1521)
(490, 1522)
(490, 1523)
(489, 1524)
(489, 1525)
(489, 1526)
(489, 1527)
(489, 1528)
(489, 1529)
(489, 1530)
(489, 1531)
(489, 1532)
(489, 1533)
(489, 1534)
(489, 1535)
(489, 1536)
(489, 1537)
(489, 1538)
(489, 1539)
(489, 1540)
(489, 1541)
(489, 1542)
(489, 1543)
(489, 1544)
(489, 1545)
(489, 1546)
(489, 1547)
(489, 1548)
(489, 1549)
(488, 1550)
(488, 1551)
(488, 1552)
(488, 1553)
(488, 1554)
(488, 1555)
(488, 1556)
(488, 1557)
(488, 1558)
(488, 1559)
(487, 1560)
(487, 1561)
(487, 1562)
(487, 1563)
(487, 1564)
(487, 1565)
(487, 1566)
(487, 1567)
(488, 1568)
(487, 1569)
(487, 1570)
(488, 1571)
(487, 1572)
(487, 1573)
(487, 1574)
(487, 1575)
(486, 1576)
(486, 1577)
(486, 1578)
(486, 1579)
(486, 1580)
(486, 1581)
(486, 1582)
(486, 1583)
(486, 1584)
(486, 1585)
(486, 1586)
(485, 1587)
(485, 1588)
(485, 1589)
(485, 1590)
(485, 1591)
(485, 1592)
(485, 1593)
(485, 1594)
(485, 1595)
(485, 1596)
(485, 1597)
(485, 1598)
(485, 1599)
(485, 1600)
(485, 1601)
(485, 1602)
(485, 1603)
(484, 1604)
(484, 1605)
(484, 1606)
(484, 1607)
(484, 1608)
(484, 1609)
(484, 1610)
(484, 1611)
(484, 1612)
(484, 1613)
(484, 1614)
(484, 1615)
(483, 1616)
(483, 1617)
(483, 1618)
(483, 1619)
(483, 1620)
(483, 1621)
(483, 1622)
(483, 1623)
(482, 1624)
(482, 1625)
(482, 1626)
(482, 1627)
(482, 1628)
(482, 1629)
(482, 1630)
(482, 1631)
(482, 1632)
(482, 1633)
(481, 1634)
(481, 1635)
(481, 1636)
(481, 1637)
(481, 1638)
(481, 1639)
(481, 1640)
(481, 1641)
(481, 1642)
(481, 1643)
(480, 1644)
(480, 1645)
(480, 1646)
(480, 1647)
(480, 1648)
(480, 1649)
(480, 1650)
(480, 1651)
(479, 1652)
(479, 1653)
(479, 1654)
(479, 1655)
(479, 1656)
(479, 1657)
(479, 1658)
(479, 1659)
(479, 1662)
(479, 1663)
(479, 1664)
(479, 1665)
(479, 1666)
(479, 1667)
(479, 1668)
(479, 1669)
(479, 1670)
(479, 1671)
(478, 1672)
(478, 1673)
(478, 1674)
(478, 1675)
(478, 1676)
(478, 1677)
(478, 1678)
(478, 1679)
(478, 1680)
(478, 1681)
(478, 1682)
(478, 1683)
(478, 1684)
(478, 1685)
(478, 1686)
(478, 1687)
(478, 1688)
(478, 1689)
(478, 1690)
(478, 1691)
(479, 1692)
(479, 1693)
(479, 1694)
(479, 1695)
(479, 1696)
(479, 1697)
(479, 1698)
(479, 1699)
(479, 1700)
(479, 1701)
(479, 1702)
(479, 1703)
(479, 1704)
(479, 1705)
(479, 1706)
(479, 1707)
(479, 1708)
(479, 1709)
(479, 1710)
(478, 1711)
(478, 1712)
(478, 1713)
(478, 1714)
(478, 1715)
(478, 1716)
(478, 1717)
(478, 1718)
(478, 1719)
(478, 1720)
(478, 1721)
(478, 1722)
(478, 1723)
(478, 1724)
(478, 1725)
(478, 1726)
(478, 1727)
(478, 1728)
(478, 1729)
(478, 1730)
(478, 1731)
(478, 1732)
(478, 1733)
(478, 1734)
(478, 1735)
(478, 1736)
(477, 1737)
(477, 1738)
(477, 1739)
(477, 1740)
(477, 1741)
(477, 1742)
(477, 1743)
(477, 1744)
(477, 1745)
(476, 1746)
(476, 1747)
(476, 1748)
(476, 1749)
(476, 1750)
(476, 1751)
(477, 1752)
(476, 1753)
(476, 1754)
(476, 1755)
(476, 1756)
(476, 1757)
(475, 1758)
(475, 1759)
(475, 1760)
(475, 1761)
(475, 1762)
(475, 1763)
(475, 1764)
(475, 1765)
(475, 1766)
(475, 1767)
(475, 1768)
(475, 1769)
(475, 1770)
(474, 1771)
(474, 1772)
(474, 1773)
(474, 1774)
(474, 1775)
(474, 1776)
(473, 1777)
(473, 1778)
(473, 1779)
(473, 1780)
(473, 1781)
(473, 1782)
(473, 1783)
(473, 1784)
(473, 1785)
(473, 1786)
(473, 1787)
(472, 1788)
(472, 1789)
(472, 1790)
(472, 1791)
(472, 1792)
(472, 1793)
(472, 1794)
(472, 1795)
(472, 1796)
(472, 1797)
(472, 1798)
(472, 1799)
(472, 1800)
(472, 1801)
(472, 1802)
(471, 1803)
(471, 1804)
(471, 1805)
(471, 1806)
(471, 1807)
(471, 1808)
(471, 1809)
(471, 1810)
(471, 1811)
(471, 1812)
(471, 1813)
(471, 1814)
(471, 1815)
(471, 1816)
(471, 1817)
(471, 1818)
(471, 1819)
(471, 1820)
(471, 1821)
(471, 1822)
(471, 1823)
(471, 1824)
(471, 1825)
(471, 1826)
(471, 1827)
(471, 1828)
(471, 1829)
(471, 1830)
(471, 1831)
(471, 1832)
(471, 1833)
(471, 1834)
(471, 1835)
(471, 1836)
(470, 1837)
(470, 1838)
(470, 1839)
(470, 1840)
(470, 1841)
(470, 1842)
(470, 1843)
(470, 1844)
(470, 1845)
(471, 1846)
(470, 1847)
(473, 1848)
(471, 1849)
(470, 1850)
(470, 1851)
(470, 1852)
(470, 1853)
(470, 1854)
(470, 1855)
(470, 1856)
(470, 1857)
(470, 1858)
(470, 1859)
(470, 1860)
(470, 1861)
(470, 1862)
(470, 1863)
(470, 1864)
(470, 1865)
(470, 1866)
(470, 1867)
(470, 1868)
(470, 1869)
(470, 1870)
(470, 1871)
(470, 1872)
(470, 1873)
(470, 1874)
(470, 1875)
(471, 1876)
(471, 1877)
(471, 1878)
(471, 1879)
(471, 1880)
(471, 1881)
(471, 1882)
(471, 1883)
(471, 1884)
(471, 1885)
(471, 1886)
(471, 1887)
(471, 1888)
(471, 1889)
(471, 1890)
(471, 1891)
(471, 1892)
(472, 1893)
(472, 1894)
(472, 1895)
(472, 1896)
(472, 1897)
(472, 1898)
(472, 1899)
(472, 1900)
(472, 1901)
(472, 1902)
(472, 1903)
(472, 1904)
(472, 1905)
(472, 1906)
(472, 1907)
(472, 1908)
(472, 1909)
(472, 1910)
(472, 1911)
(472, 1912)
(472, 1913)
(472, 1914)
(472, 1915)
(473, 1916)
(473, 1917)
(473, 1918)
(473, 1919)
(473, 1920)
(473, 1921)
(473, 1922)
(473, 1923)
(473, 1924)
(473, 1925)
(473, 1926)
(473, 1927)
(473, 1928)
(473, 1929)
(473, 1930)
(474, 1931)
(474, 1932)
(474, 1933)
(474, 1934)
(474, 1935)
(474, 1936)
(474, 1937)
(474, 1938)
(474, 1939)
(475, 1940)
(475, 1944)
(475, 1945)
(475, 1946)
(475, 1947)
(475, 1948)
(475, 1949)
(475, 1950)
(475, 1951)
(475, 1952)
(475, 1953)
(475, 1954)
(475, 1955)
(475, 1956)
(475, 1957)
(475, 1958)
(475, 1959)
(475, 1960)
(475, 1961)
(475, 1962)
(475, 1963)
(475, 1964)
(476, 1965)
(476, 1966)
(476, 1967)
(476, 1968)
(476, 1969)
(476, 1970)
(476, 1971)
(476, 1972)
(476, 1973)
(476, 1974)
(476, 1975)
(476, 1976)
(476, 1977)
(476, 1978)
(476, 1979)
(476, 1980)
(476, 1981)
(476, 1982)
(476, 1983)
(476, 1984)
(476, 1985)
(476, 1986)
(476, 1987)
(476, 1988)
(476, 1989)
(476, 1990)
(476, 1991)
(476, 1992)
(476, 1993)
(476, 1994)
(476, 1995)
(476, 1996)
(476, 1997)
(476, 1998)
(476, 1999)
(476, 2000)
(476, 2001)
(476, 2002)
(476, 2003)
(476, 2004)
(476, 2005)
(476, 2006)
(476, 2007)
(476, 2008)
(476, 2009)
(476, 2010)
(476, 2011)
(476, 2012)
(476, 2013)
(476, 2014)
(476, 2015)
(476, 2016)
(476, 2017)
(476, 2018)
(476, 2019)
(477, 2020)
(477, 2021)
(477, 2022)
(477, 2023)
(477, 2024)
(477, 2025)
(477, 2026)
(477, 2027)
(477, 2028)
(477, 2029)
(477, 2030)
(477, 2031)
(477, 2032)
(478, 2033)
(478, 2034)
(480, 2035)
(478, 2036)
(478, 2037)
(478, 2038)
(478, 2039)
(478, 2040)
(478, 2041)
(478, 2042)
(478, 2043)
(478, 2044)
(478, 2045)
(478, 2046)
(478, 2047)
(478, 2048)
(478, 2049)
(478, 2050)
(478, 2051)
(478, 2052)
(478, 2053)
(478, 2054)
(478, 2055)
(478, 2056)
(478, 2057)
(478, 2058)
(478, 2059)
(478, 2060)
(478, 2061)
(478, 2062)
(478, 2063)
(478, 2064)
(478, 2065)
(478, 2066)
(478, 2067)
(478, 2068)
(478, 2069)
(478, 2070)
(478, 2071)
(478, 2072)
(478, 2073)
(478, 2074)
(478, 2075)
(478, 2076)
(478, 2077)
(478, 2078)
(478, 2079)
(479, 2080)
(479, 2081)
(479, 2082)
(479, 2083)
(479, 2084)
(479, 2085)
(479, 2086)
(479, 2087)
(479, 2088)
(480, 2089)
(480, 2090)
(480, 2091)
(480, 2092)
(480, 2093)
(480, 2094)
(480, 2095)
(480, 2096)
(480, 2097)
(481, 2098)
(481, 2099)
(481, 2100)
(481, 2101)
(481, 2102)
(481, 2103)
(481, 2104)
(481, 2105)
(481, 2106)
(481, 2107)
(481, 2108)
(481, 2109)
(481, 2110)
(481, 2111)
(481, 2112)
(481, 2113)
(481, 2114)
(482, 2115)
(482, 2116)
(482, 2117)
(482, 2118)
(482, 2119)
(482, 2120)
(481, 2121)
(481, 2122)
(481, 2123)
(481, 2124)
(482, 2125)
(481, 2126)
(481, 2127)
(482, 2128)
(481, 2129)
(481, 2130)
(482, 2131)
(481, 2132)
(481, 2133)
(481, 2134)
(481, 2135)
(481, 2136)
(481, 2137)
(481, 2138)
(481, 2139)
(481, 2140)
(481, 2141)
(481, 2142)
(481, 2143)
(481, 2144)
(481, 2145)
(481, 2146)
(481, 2147)
(481, 2148)
(481, 2149)
(481, 2150)
(481, 2151)
(481, 2152)
(481, 2153)
(481, 2154)
(481, 2155)
(481, 2156)
(481, 2157)
(481, 2158)
(481, 2159)
(481, 2160)
(481, 2161)
(481, 2162)
(481, 2163)
(481, 2164)
(481, 2165)
(481, 2166)
(481, 2167)
(481, 2168)
(481, 2169)
(481, 2170)
(481, 2171)
(481, 2172)
(481, 2173)
(481, 2174)
(481, 2175)
(481, 2176)
(481, 2177)
(481, 2178)
(481, 2179)
(481, 2180)
(481, 2181)
(481, 2182)
(481, 2183)
(481, 2184)
(481, 2185)
(481, 2186)
(481, 2187)
(481, 2188)
(481, 2189)
(481, 2190)
(480, 2191)
(480, 2192)
(480, 2193)
(480, 2194)
(480, 2195)
(481, 2196)
(481, 2197)
(481, 2198)
(481, 2199)
(481, 2200)
(481, 2201)
(481, 2202)
(481, 2203)
(481, 2204)
(481, 2205)
(481, 2206)
(481, 2207)
(481, 2208)
(481, 2209)
(481, 2210)
(481, 2211)
(481, 2212)
(481, 2213)
(481, 2214)
(481, 2215)
(481, 2216)
(481, 2217)
(481, 2218)
(481, 2219)
(482, 2220)
(480, 2221)
(481, 2222)
(481, 2223)
(482, 2224)
(481, 2225)
(481, 2226)
(481, 2227)
(481, 2228)
(481, 2229)
(481, 2230)
(481, 2231)
(481, 2232)
(481, 2233)
(481, 2234)
(481, 2235)
(481, 2236)
(481, 2237)
(481, 2238)
(481, 2239)
(481, 2240)
(481, 2241)
(481, 2242)
(481, 2243)
(481, 2244)
(481, 2245)
(481, 2246)
(481, 2247)
(481, 2248)
(481, 2249)
(481, 2250)
(481, 2251)
(481, 2252)
(481, 2253)
(481, 2254)
(481, 2255)
(481, 2256)
(481, 2257)
(480, 2258)
(480, 2259)
(480, 2260)
(480, 2261)
(480, 2262)
(480, 2263)
(480, 2264)
(480, 2265)
(480, 2266)
(480, 2267)
(480, 2268)
(480, 2269)
(480, 2270)
(480, 2271)
(480, 2272)
(480, 2273)
(480, 2274)
(479, 2275)
(479, 2276)
(479, 2277)
(479, 2278)
(479, 2279)
(479, 2280)
(479, 2281)
(479, 2282)
(479, 2283)
(479, 2284)
(479, 2285)
(479, 2286)
(479, 2287)
(479, 2288)
(479, 2289)
(479, 2290)
(479, 2291)
(479, 2292)
(479, 2293)
(479, 2294)
(479, 2295)
(479, 2296)
(479, 2297)
(479, 2298)
(479, 2299)
(479, 2300)
(479, 2301)
(479, 2302)
(479, 2303)
(479, 2304)
(479, 2305)
(479, 2306)
(479, 2307)
(479, 2308)
(479, 2309)
(479, 2310)
(479, 2311)
(478, 2312)
(478, 2313)
(478, 2314)
(478, 2315)
(478, 2316)
