(0, 2370)
(0, 2372)
(1, 1790)
(1, 1791)
(1, 1792)
(1, 2371)
(2, 1790)
(2, 1792)
(3, 1790)
(3, 1792)
(4, 1499)
(4, 1500)
(4, 1501)
(4, 1502)
(6, 1499)
(6, 1500)
(6, 1501)
(6, 1502)
(6, 2370)
(10, 2368)
(10, 2369)
(19, 1151)
(19, 1152)
(20, 1145)
(20, 1146)
(20, 1147)
(20, 1148)
(20, 1149)
(20, 1150)
(20, 1158)
(20, 1159)
(20, 1160)
(20, 1161)
(22, 1157)
(25, 1156)
(26, 1178)
(26, 1179)
(26, 1180)
(26, 1181)
(27, 1165)
(27, 1168)
(27, 1174)
(27, 1175)
(27, 1176)
(27, 1177)
(27, 1217)
(27, 1273)
(27, 1274)
(28, 1166)
(28, 1167)
(28, 1172)
(28, 1173)
(28, 1216)
(28, 1245)
(28, 1272)
(29, 1155)
(31, 1154)
(31, 1164)
(31, 1215)
(31, 1241)
(32, 1244)
(33, 1214)
(33, 1236)
(34, 1213)
(34, 1235)
(34, 1295)
(35, 1152)
(35, 1234)
(35, 1243)
(35, 1299)
(35, 2114)
(35, 2116)
(35, 2123)
(36, 1153)
(36, 1171)
(36, 1212)
(36, 1292)
(36, 2120)
(36, 2122)
(37, 1151)
(37, 1170)
(37, 1271)
(37, 1297)
(37, 2121)
(38, 1293)
(38, 2154)
(38, 2156)
(38, 2157)
(38, 2249)
(38, 2250)
(39, 401)
(39, 402)
(39, 403)
(39, 1169)
(39, 1242)
(39, 1262)
(39, 1269)
(39, 1270)
(39, 1291)
(39, 1298)
(40, 298)
(40, 300)
(40, 359)
(40, 1211)
(40, 1289)
(40, 1290)
(40, 2155)
(41, 360)
(41, 362)
(41, 1163)
(41, 1168)
(41, 1209)
(41, 1266)
(41, 1268)
(41, 1288)
(41, 2137)
(42, 361)
(42, 1160)
(42, 1161)
(42, 1162)
(42, 1166)
(42, 1167)
(42, 1210)
(42, 1241)
(42, 1263)
(42, 1264)
(42, 1265)
(42, 1267)
(42, 1294)
(42, 1296)
(42, 2139)
(42, 2240)
(42, 2241)
(42, 2242)
(43, 326)
(43, 363)
(43, 1164)
(43, 1165)
(43, 1208)
(43, 1240)
(43, 2138)
(43, 2243)
(44, 312)
(44, 323)
(44, 325)
(44, 1238)
(44, 1239)
(44, 2255)
(45, 324)
(45, 390)
(45, 1237)
(45, 1295)
(45, 2251)
(46, 293)
(46, 311)
(46, 322)
(46, 336)
(46, 337)
(46, 338)
(46, 2107)
(46, 2109)
(46, 2215)
(46, 2216)
(46, 2254)
(47, 295)
(47, 299)
(47, 309)
(47, 391)
(47, 392)
(47, 1236)
(48, 138)
(48, 139)
(48, 294)
(48, 297)
(48, 310)
(48, 393)
(48, 2108)
(49, 140)
(49, 296)
(49, 307)
(49, 308)
(49, 395)
(49, 397)
(49, 1234)
(49, 1235)
(49, 2214)
(50, 199)
(50, 200)
(50, 201)
(50, 202)
(50, 203)
(50, 306)
(50, 394)
(50, 1233)
(50, 2248)
(50, 2259)
(50, 2277)
(51, 127)
(51, 143)
(51, 198)
(51, 396)
(51, 2249)
(51, 2256)
(51, 2274)
(51, 2275)
(51, 2276)
(51, 2286)
(52, 128)
(52, 136)
(52, 146)
(52, 163)
(52, 164)
(52, 298)
(52, 300)
(52, 2247)
(53, 130)
(53, 135)
(53, 144)
(53, 147)
(53, 151)
(53, 171)
(53, 2246)
(53, 2257)
(54, 129)
(54, 131)
(54, 133)
(54, 134)
(54, 152)
(54, 167)
(55, 132)
(55, 142)
(55, 149)
(55, 196)
(56, 165)
(56, 173)
(56, 2245)
(56, 2252)
(56, 2316)
(56, 2317)
(56, 2318)
(57, 141)
(57, 2244)
(57, 2253)
(57, 2255)
(57, 2258)
(57, 2272)
(57, 2273)
(57, 2278)
(57, 2281)
(57, 2303)
(57, 2306)
(57, 2307)
(58, 159)
(58, 2250)
(58, 2251)
(58, 2254)
(58, 2261)
(58, 2270)
(58, 2271)
(58, 2279)
(58, 2280)
(58, 2282)
(58, 2285)
(58, 2287)
(58, 2289)
(58, 2304)
(58, 2311)
(58, 2312)
(58, 2313)
(58, 2314)
(58, 2315)
(59, 2260)
(59, 2264)
(59, 2265)
(59, 2266)
(59, 2267)
(59, 2268)
(59, 2283)
(59, 2305)
(59, 2308)
(59, 2309)
(59, 2310)
(60, 150)
(60, 2243)
(60, 2262)
(60, 2263)
(60, 2269)
(60, 2288)
(60, 2290)
(61, 2259)
(61, 2284)
(62, 189)
(62, 190)
(62, 191)
(62, 193)
(62, 194)
(62, 2242)
(62, 2274)
(62, 2275)
(62, 2276)
(63, 170)
(63, 192)
(63, 195)
(63, 197)
(63, 198)
(63, 2240)
(63, 2277)
(63, 2286)
(63, 2291)
(63, 2295)
(63, 2296)
(64, 166)
(64, 169)
(64, 178)
(64, 2239)
(64, 2241)
(65, 145)
(65, 148)
(65, 151)
(65, 153)
(65, 174)
(65, 175)
(65, 179)
(65, 180)
(65, 181)
(65, 182)
(66, 156)
(66, 163)
(66, 168)
(66, 177)
(66, 196)
(67, 146)
(67, 152)
(67, 154)
(67, 155)
(67, 157)
(67, 160)
(67, 161)
(67, 172)
(67, 176)
(68, 147)
(68, 158)
(68, 164)
(68, 165)
(68, 167)
(68, 2293)
(68, 2294)
(69, 162)
(69, 2292)
(70, 137)
(70, 173)
(70, 355)
(70, 356)
(70, 357)
(71, 159)
(71, 347)
(71, 375)
(71, 376)
(72, 140)
(72, 358)
(72, 2154)
(73, 345)
(73, 360)
(73, 362)
(73, 377)
(73, 378)
(73, 379)
(73, 2155)
(74, 138)
(74, 344)
(74, 373)
(74, 374)
(75, 139)
(75, 371)
(75, 372)
(75, 2156)
(76, 2157)
(76, 2158)
(76, 2159)
(76, 2296)
(76, 2297)
(77, 343)
(78, 338)
(78, 2275)
(78, 2276)
(78, 2295)
(79, 2274)
(80, 340)
(80, 2265)
(80, 2284)
(80, 2294)
(81, 339)
(81, 341)
(81, 2299)
(81, 2300)
(81, 2301)
(81, 2302)
(81, 2303)
(81, 2306)
(82, 342)
(82, 2283)
(84, 176)
(84, 2289)
(85, 174)
(85, 177)
(85, 189)
(85, 360)
(85, 362)
(85, 2282)
(86, 184)
(86, 186)
(86, 2264)
(86, 2281)
(86, 2291)
(87, 185)
(87, 187)
(87, 188)
(87, 2263)
(87, 2268)
(87, 2280)
(87, 2292)
(88, 164)
(88, 182)
(88, 183)
(88, 2261)
(88, 2262)
(88, 2266)
(88, 2267)
(88, 2279)
(88, 2290)
(88, 2293)
(89, 167)
(89, 168)
(89, 2260)
(89, 2269)
(89, 2270)
(89, 2307)
(90, 196)
(91, 191)
(91, 198)
(91, 2257)
(91, 2258)
(91, 2259)
(91, 2265)
(91, 2278)
(92, 192)
(92, 193)
(92, 194)
(92, 2256)
(93, 190)
(93, 195)
(93, 2276)
(93, 2277)
(94, 175)
(94, 2305)
(94, 2306)
(95, 160)
(95, 178)
(95, 180)
(95, 181)
(96, 179)
(96, 2275)
(96, 2304)
(97, 171)
(98, 170)
(98, 2274)
(99, 172)
(99, 2272)
(99, 2303)
(100, 157)
(100, 162)
(100, 163)
(100, 169)
(100, 185)
(100, 186)
(100, 187)
(100, 2271)
(100, 2273)
(101, 165)
(101, 166)
(101, 2270)
(101, 2301)
(101, 2302)
(102, 158)
(102, 159)
(102, 168)
(102, 199)
(102, 2269)
(102, 2300)
(103, 161)
(103, 167)
(103, 2299)
(104, 174)
(104, 177)
(104, 2298)
(105, 164)
(105, 2296)
(105, 2297)
(106, 160)
(106, 197)
(106, 198)
(108, 196)
(109, 176)
(109, 194)
(109, 195)
(111, 173)
(113, 175)
(115, 174)
(163, 755)
(163, 756)
(163, 757)
(164, 754)
(165, 747)
(165, 749)
(186, 330)
(186, 331)
(186, 332)
(186, 333)
(187, 328)
(187, 329)
(187, 334)
(187, 335)
(187, 336)
(188, 324)
(188, 325)
(188, 326)
(188, 327)
(188, 337)
(188, 338)
(189, 320)
(189, 321)
(189, 322)
(189, 323)
(190, 318)
(190, 319)
(190, 339)
(190, 340)
(191, 312)
(191, 313)
(191, 315)
(191, 316)
(191, 317)
(192, 308)
(192, 309)
(192, 310)
(192, 311)
(192, 314)
(193, 305)
(193, 306)
(193, 307)
(193, 341)
(193, 343)
(194, 302)
(194, 303)
(194, 304)
(194, 342)
(194, 344)
(194, 360)
(194, 361)
(194, 362)
(194, 363)
(194, 364)
(194, 365)
(194, 366)
(195, 296)
(195, 297)
(195, 298)
(195, 299)
(195, 300)
(195, 301)
(195, 345)
(195, 346)
(195, 348)
(195, 349)
(195, 350)
(195, 351)
(195, 352)
(195, 353)
(195, 354)
(195, 355)
(195, 356)
(195, 357)
(195, 358)
(195, 359)
(195, 368)
(196, 293)
(196, 294)
(196, 295)
(196, 347)
(196, 367)
(196, 369)
(196, 370)
(196, 371)
(196, 372)
(197, 292)
(197, 373)
(197, 384)
(198, 290)
(198, 291)
(198, 374)
(198, 375)
(198, 376)
(198, 377)
(198, 378)
(198, 379)
(198, 380)
(198, 381)
(198, 382)
(198, 383)
(198, 385)
(198, 386)
(198, 387)
(199, 289)
(199, 388)
(199, 389)
(199, 390)
(200, 287)
(200, 288)
(201, 285)
(201, 286)
(202, 283)
(202, 284)
(202, 391)
(202, 393)
(203, 280)
(203, 281)
(203, 282)
(203, 392)
(203, 394)
(204, 278)
(204, 279)
(204, 396)
(204, 397)
(204, 398)
(204, 399)
(204, 400)
(204, 401)
(204, 402)
(204, 403)
(204, 405)
(204, 406)
(204, 407)
(204, 408)
(204, 409)
(205, 276)
(205, 277)
(205, 395)
(205, 410)
(205, 411)
(205, 431)
(205, 432)
(205, 433)
(205, 434)
(205, 435)
(205, 436)
(206, 274)
(206, 275)
(206, 404)
(206, 412)
(206, 413)
(206, 414)
(206, 415)
(206, 416)
(206, 417)
(206, 418)
(206, 427)
(206, 428)
(206, 429)
(206, 430)
(206, 437)
(206, 438)
(206, 439)
(206, 440)
(206, 441)
(206, 442)
(206, 443)
(206, 444)
(206, 479)
(206, 480)
(207, 270)
(207, 271)
(207, 272)
(207, 273)
(207, 419)
(207, 420)
(207, 421)
(207, 422)
(207, 423)
(207, 424)
(207, 425)
(207, 426)
(207, 445)
(207, 446)
(207, 464)
(207, 465)
(207, 466)
(207, 467)
(207, 468)
(207, 469)
(207, 470)
(207, 471)
(207, 472)
(207, 473)
(207, 474)
(207, 475)
(207, 476)
(207, 477)
(207, 478)
(207, 481)
(207, 482)
(207, 483)
(208, 266)
(208, 267)
(208, 268)
(208, 269)
(208, 447)
(208, 448)
(208, 457)
(208, 458)
(208, 459)
(208, 460)
(208, 461)
(208, 462)
(208, 463)
(208, 484)
(208, 485)
(208, 496)
(209, 265)
(209, 449)
(209, 450)
(209, 451)
(209, 452)
(209, 453)
(209, 454)
(209, 455)
(209, 456)
(209, 486)
(209, 493)
(209, 494)
(209, 495)
(210, 263)
(210, 264)
(210, 487)
(210, 488)
(210, 489)
(210, 490)
(210, 491)
(210, 492)
(210, 497)
(211, 261)
(211, 262)
(211, 498)
(211, 499)
(211, 500)
(211, 501)
(211, 511)
(211, 512)
(211, 513)
(211, 514)
(211, 515)
(211, 516)
(212, 260)
(212, 502)
(212, 503)
(212, 504)
(212, 505)
(212, 506)
(212, 507)
(212, 508)
(212, 509)
(212, 510)
(212, 517)
(212, 518)
(212, 519)
(212, 523)
(212, 524)
(212, 525)
(212, 526)
(212, 527)
(212, 528)
(212, 529)
(213, 257)
(213, 258)
(213, 259)
(213, 520)
(213, 521)
(213, 522)
(213, 530)
(213, 531)
(214, 255)
(214, 256)
(214, 532)
(214, 533)
(214, 534)
(215, 254)
(215, 535)
(215, 536)
(215, 537)
(215, 538)
(215, 539)
(216, 251)
(216, 252)
(216, 253)
(216, 540)
(216, 541)
(216, 542)
(217, 250)
(217, 543)
(218, 249)
(218, 544)
(218, 545)
(218, 546)
(219, 248)
(219, 547)
(219, 548)
(219, 549)
(219, 550)
(219, 551)
(219, 552)
(219, 553)
(219, 554)
(219, 555)
(219, 556)
(219, 567)
(220, 247)
(220, 557)
(220, 558)
(220, 561)
(220, 562)
(220, 563)
(220, 564)
(220, 565)
(221, 243)
(221, 244)
(221, 245)
(221, 246)
(221, 559)
(221, 560)
(221, 566)
(221, 568)
(221, 570)
(221, 571)
(221, 572)
(221, 573)
(221, 574)
(222, 241)
(222, 242)
(222, 569)
(222, 575)
(222, 576)
(223, 239)
(223, 240)
(223, 577)
(223, 578)
(223, 579)
(224, 238)
(225, 237)
(225, 580)
(225, 582)
(226, 236)
(226, 581)
(227, 234)
(227, 235)
(227, 583)
(227, 585)
(228, 231)
(228, 232)
(228, 233)
(228, 584)
(228, 586)
(228, 587)
(228, 588)
(229, 230)
(230, 228)
(230, 229)
(231, 227)
(231, 589)
(232, 182)
(232, 183)
(232, 210)
(232, 225)
(232, 226)
(232, 590)
(232, 591)
(232, 597)
(232, 598)
(232, 599)
(233, 176)
(233, 177)
(233, 178)
(233, 179)
(233, 180)
(233, 181)
(233, 184)
(233, 206)
(233, 207)
(233, 208)
(233, 209)
(233, 223)
(233, 224)
(233, 592)
(233, 593)
(233, 595)
(233, 596)
(233, 600)
(233, 601)
(233, 602)
(234, 174)
(234, 175)
(234, 186)
(234, 204)
(234, 205)
(234, 211)
(234, 594)
(234, 603)
(234, 604)
(234, 626)
(234, 627)
(234, 628)
(235, 173)
(235, 185)
(235, 187)
(235, 188)
(235, 189)
(235, 190)
(235, 202)
(235, 203)
(235, 212)
(235, 605)
(235, 606)
(235, 607)
(236, 171)
(236, 172)
(236, 191)
(236, 192)
(236, 195)
(236, 196)
(236, 197)
(236, 198)
(236, 199)
(236, 200)
(236, 201)
(236, 608)
(236, 609)
(236, 610)
(236, 625)
(236, 629)
(236, 2299)
(236, 2300)
(236, 2301)
(236, 2302)
(236, 2303)
(236, 2304)
(236, 2305)
(236, 2306)
(236, 2307)
(236, 2308)
(236, 2309)
(236, 2310)
(236, 2311)
(237, 169)
(237, 170)
(237, 193)
(237, 194)
(237, 213)
(237, 214)
(237, 222)
(237, 611)
(237, 612)
(237, 613)
(237, 614)
(237, 615)
(237, 616)
(237, 631)
(237, 635)
(237, 636)
(237, 637)
(237, 638)
(237, 639)
(237, 640)
(237, 2291)
(237, 2294)
(237, 2295)
(237, 2296)
(237, 2297)
(237, 2298)
(237, 2312)
(237, 2313)
(237, 2314)
(238, 137)
(238, 168)
(238, 215)
(238, 216)
(238, 217)
(238, 218)
(238, 220)
(238, 221)
(238, 617)
(238, 618)
(238, 622)
(238, 624)
(238, 630)
(238, 632)
(238, 633)
(238, 634)
(238, 641)
(238, 642)
(238, 2287)
(238, 2288)
(238, 2289)
(238, 2290)
(238, 2292)
(238, 2293)
(238, 2315)
(238, 2316)
(238, 2317)
(239, 138)
(239, 139)
(239, 166)
(239, 167)
(239, 219)
(239, 619)
(239, 620)
(239, 621)
(239, 623)
(239, 644)
(239, 645)
(239, 646)
(239, 647)
(239, 2284)
(239, 2285)
(239, 2286)
(239, 2318)
(239, 2319)
(239, 2320)
(239, 2321)
(239, 2322)
(239, 2323)
(240, 152)
(240, 153)
(240, 154)
(240, 164)
(240, 165)
(240, 643)
(240, 671)
(240, 2282)
(240, 2283)
(241, 140)
(241, 141)
(241, 149)
(241, 150)
(241, 151)
(241, 155)
(241, 156)
(241, 157)
(241, 158)
(241, 159)
(241, 160)
(241, 161)
(241, 162)
(241, 163)
(241, 648)
(241, 659)
(241, 660)
(241, 661)
(241, 2190)
(241, 2191)
(241, 2192)
(241, 2193)
(241, 2194)
(241, 2195)
(241, 2196)
(241, 2197)
(241, 2198)
(241, 2199)
(241, 2200)
(241, 2201)
(241, 2202)
(242, 142)
(242, 143)
(242, 144)
(242, 145)
(242, 146)
(242, 147)
(242, 148)
(242, 649)
(242, 650)
(242, 657)
(242, 658)
(242, 670)
(242, 2188)
(242, 2189)
(242, 2203)
(242, 2204)
(242, 2205)
(242, 2206)
(242, 2207)
(242, 2208)
(242, 2209)
(242, 2210)
(242, 2211)
(242, 2212)
(242, 2213)
(242, 2214)
(242, 2215)
(242, 2216)
(242, 2217)
(242, 2218)
(242, 2225)
(242, 2228)
(242, 2229)
(242, 2230)
(242, 2231)
(242, 2232)
(242, 2233)
(242, 2234)
(242, 2235)
(242, 2236)
(242, 2237)
(242, 2238)
(242, 2239)
(242, 2240)
(242, 2241)
(242, 2281)
(243, 651)
(243, 653)
(243, 654)
(243, 655)
(243, 656)
(243, 662)
(243, 672)
(243, 673)
(243, 2183)
(243, 2184)
(243, 2185)
(243, 2186)
(243, 2187)
(243, 2219)
(243, 2220)
(243, 2221)
(243, 2222)
(243, 2223)
(243, 2224)
(243, 2226)
(243, 2227)
(243, 2242)
(243, 2243)
(243, 2244)
(243, 2278)
(243, 2280)
(244, 652)
(244, 663)
(244, 665)
(244, 667)
(244, 669)
(244, 676)
(244, 2178)
(244, 2179)
(244, 2180)
(244, 2181)
(244, 2182)
(244, 2245)
(244, 2246)
(244, 2247)
(244, 2248)
(244, 2249)
(244, 2250)
(244, 2251)
(244, 2252)
(244, 2253)
(244, 2274)
(244, 2275)
(244, 2276)
(244, 2277)
(244, 2279)
(245, 664)
(245, 666)
(245, 668)
(245, 674)
(245, 675)
(245, 677)
(245, 678)
(245, 2176)
(245, 2177)
(245, 2254)
(245, 2255)
(245, 2256)
(245, 2257)
(245, 2258)
(245, 2259)
(245, 2260)
(245, 2261)
(245, 2262)
(245, 2263)
(245, 2264)
(245, 2265)
(245, 2266)
(245, 2267)
(245, 2269)
(245, 2270)
(245, 2271)
(245, 2272)
(245, 2273)
(246, 2173)
(246, 2174)
(246, 2175)
(246, 2268)
(247, 679)
(247, 680)
(247, 2170)
(247, 2171)
(247, 2172)
(248, 681)
(248, 682)
(248, 2168)
(248, 2169)
(249, 683)
(249, 684)
(249, 685)
(249, 2163)
(249, 2164)
(249, 2165)
(249, 2166)
(249, 2167)
(250, 686)
(250, 2160)
(250, 2161)
(250, 2162)
(251, 687)
(251, 2158)
(251, 2159)
(252, 688)
(252, 2156)
(252, 2157)
(253, 1214)
(253, 1215)
(253, 1216)
(253, 1217)
(253, 1218)
(253, 2153)
(253, 2154)
(253, 2155)
(254, 1213)
(254, 1219)
(254, 1220)
(254, 1221)
(254, 1222)
(254, 1223)
(254, 2022)
(254, 2023)
(254, 2024)
(254, 2025)
(254, 2026)
(254, 2027)
(254, 2028)
(254, 2029)
(254, 2030)
(254, 2031)
(254, 2032)
(254, 2033)
(254, 2034)
(254, 2035)
(254, 2036)
(254, 2037)
(254, 2038)
(254, 2039)
(254, 2040)
(254, 2041)
(254, 2042)
(254, 2043)
(254, 2044)
(254, 2045)
(254, 2046)
(254, 2047)
(254, 2048)
(254, 2049)
(254, 2050)
(254, 2051)
(254, 2052)
(254, 2053)
(254, 2054)
(254, 2055)
(254, 2056)
(254, 2057)
(254, 2058)
(254, 2059)
(254, 2060)
(254, 2061)
(254, 2062)
(254, 2063)
(254, 2064)
(254, 2065)
(254, 2066)
(254, 2067)
(254, 2068)
(254, 2150)
(254, 2151)
(254, 2152)
(255, 689)
(255, 1211)
(255, 1224)
(255, 1225)
(255, 1226)
(255, 1499)
(255, 1500)
(255, 1501)
(255, 1502)
(255, 1503)
(255, 1504)
(255, 2018)
(255, 2019)
(255, 2020)
(255, 2021)
(255, 2069)
(255, 2070)
(255, 2071)
(255, 2072)
(255, 2073)
(255, 2074)
(255, 2075)
(255, 2146)
(255, 2147)
(255, 2148)
(255, 2149)
(256, 690)
(256, 691)
(256, 1212)
(256, 1227)
(256, 1228)
(256, 1229)
(256, 1497)
(256, 1505)
(256, 1506)
(256, 1507)
(256, 1508)
(256, 1522)
(256, 1523)
(256, 1827)
(256, 1828)
(256, 1829)
(256, 1830)
(256, 1831)
(256, 1841)
(256, 1842)
(256, 1843)
(256, 1844)
(256, 2015)
(256, 2016)
(256, 2017)
(256, 2076)
(256, 2077)
(256, 2078)
(256, 2079)
(256, 2140)
(256, 2141)
(256, 2142)
(256, 2143)
(256, 2144)
(256, 2145)
(257, 692)
(257, 1209)
(257, 1210)
(257, 1495)
(257, 1498)
(257, 1509)
(257, 1510)
(257, 1516)
(257, 1517)
(257, 1518)
(257, 1519)
(257, 1520)
(257, 1521)
(257, 1524)
(257, 1525)
(257, 1526)
(257, 1527)
(257, 1528)
(257, 1802)
(257, 1803)
(257, 1804)
(257, 1805)
(257, 1806)
(257, 1807)
(257, 1808)
(257, 1809)
(257, 1810)
(257, 1811)
(257, 1812)
(257, 1813)
(257, 1814)
(257, 1815)
(257, 1816)
(257, 1817)
(257, 1818)
(257, 1819)
(257, 1820)
(257, 1821)
(257, 1822)
(257, 1823)
(257, 1824)
(257, 1825)
(257, 1826)
(257, 1832)
(257, 1833)
(257, 1834)
(257, 1835)
(257, 1836)
(257, 1837)
(257, 1838)
(257, 1839)
(257, 1840)
(257, 1845)
(257, 1846)
(257, 1847)
(257, 1848)
(257, 1849)
(257, 1850)
(257, 1851)
(257, 1852)
(257, 1853)
(257, 1854)
(257, 1855)
(257, 1856)
(257, 1857)
(257, 2012)
(257, 2013)
(257, 2014)
(257, 2080)
(257, 2081)
(257, 2082)
(257, 2083)
(257, 2084)
(257, 2085)
(257, 2137)
(257, 2138)
(257, 2139)
(258, 693)
(258, 1208)
(258, 1493)
(258, 1496)
(258, 1511)
(258, 1512)
(258, 1513)
(258, 1514)
(258, 1515)
(258, 1529)
(258, 1530)
(258, 1779)
(258, 1780)
(258, 1781)
(258, 1782)
(258, 1783)
(258, 1784)
(258, 1785)
(258, 1786)
(258, 1787)
(258, 1788)
(258, 1789)
(258, 1790)
(258, 1791)
(258, 1792)
(258, 1793)
(258, 1794)
(258, 1795)
(258, 1796)
(258, 1797)
(258, 1798)
(258, 1799)
(258, 1800)
(258, 1801)
(258, 1858)
(258, 1859)
(258, 1860)
(258, 1861)
(258, 1862)
(258, 1863)
(258, 1867)
(258, 1869)
(258, 1870)
(258, 1871)
(258, 2010)
(258, 2011)
(258, 2086)
(258, 2087)
(258, 2088)
(258, 2089)
(258, 2133)
(258, 2134)
(258, 2135)
(258, 2136)
(259, 694)
(259, 1206)
(259, 1207)
(259, 1230)
(259, 1231)
(259, 1232)
(259, 1233)
(259, 1491)
(259, 1492)
(259, 1494)
(259, 1531)
(259, 1532)
(259, 1533)
(259, 1765)
(259, 1766)
(259, 1767)
(259, 1768)
(259, 1774)
(259, 1775)
(259, 1776)
(259, 1777)
(259, 1778)
(259, 1864)
(259, 1865)
(259, 1866)
(259, 1868)
(259, 1872)
(259, 1873)
(259, 1874)
(259, 1875)
(259, 1876)
(259, 1877)
(259, 1878)
(259, 1879)
(259, 1880)
(259, 1881)
(259, 1882)
(259, 1883)
(259, 1884)
(259, 1885)
(259, 1886)
(259, 1887)
(259, 1961)
(259, 1962)
(259, 1963)
(259, 1964)
(259, 1965)
(259, 1978)
(259, 1979)
(259, 1980)
(259, 1981)
(259, 1982)
(259, 1983)
(259, 1984)
(259, 1985)
(259, 1993)
(259, 1994)
(259, 1995)
(259, 2004)
(259, 2005)
(259, 2006)
(259, 2007)
(259, 2008)
(259, 2009)
(259, 2090)
(259, 2091)
(259, 2092)
(259, 2093)
(259, 2131)
(259, 2132)
(260, 1200)
(260, 1201)
(260, 1202)
(260, 1203)
(260, 1204)
(260, 1205)
(260, 1234)
(260, 1235)
(260, 1534)
(260, 1535)
(260, 1536)
(260, 1759)
(260, 1760)
(260, 1761)
(260, 1762)
(260, 1763)
(260, 1764)
(260, 1769)
(260, 1770)
(260, 1771)
(260, 1772)
(260, 1773)
(260, 1888)
(260, 1889)
(260, 1890)
(260, 1891)
(260, 1959)
(260, 1960)
(260, 1966)
(260, 1967)
(260, 1968)
(260, 1974)
(260, 1975)
(260, 1976)
(260, 1977)
(260, 1986)
(260, 1987)
(260, 1988)
(260, 1989)
(260, 1990)
(260, 1991)
(260, 1992)
(260, 1996)
(260, 1997)
(260, 1998)
(260, 1999)
(260, 2000)
(260, 2001)
(260, 2002)
(260, 2003)
(260, 2094)
(260, 2095)
(260, 2096)
(260, 2123)
(260, 2124)
(260, 2125)
(260, 2126)
(260, 2127)
(260, 2128)
(260, 2129)
(260, 2130)
(261, 695)
(261, 697)
(261, 1198)
(261, 1199)
(261, 1236)
(261, 1237)
(261, 1488)
(261, 1490)
(261, 1537)
(261, 1538)
(261, 1539)
(261, 1754)
(261, 1755)
(261, 1756)
(261, 1757)
(261, 1758)
(261, 1892)
(261, 1893)
(261, 1894)
(261, 1895)
(261, 1896)
(261, 1897)
(261, 1955)
(261, 1956)
(261, 1957)
(261, 1958)
(261, 1969)
(261, 1970)
(261, 1971)
(261, 1972)
(261, 1973)
(261, 2097)
(261, 2098)
(261, 2119)
(261, 2120)
(261, 2121)
(261, 2122)
(262, 696)
(262, 698)
(262, 1197)
(262, 1238)
(262, 1239)
(262, 1489)
(262, 1540)
(262, 1541)
(262, 1542)
(262, 1543)
(262, 1750)
(262, 1751)
(262, 1752)
(262, 1753)
(262, 1898)
(262, 1899)
(262, 1900)
(262, 1954)
(262, 2099)
(262, 2100)
(262, 2109)
(262, 2110)
(262, 2111)
(262, 2112)
(262, 2113)
(262, 2114)
(262, 2115)
(262, 2116)
(262, 2117)
(262, 2118)
(263, 699)
(263, 700)
(263, 709)
(263, 710)
(263, 711)
(263, 712)
(263, 713)
(263, 714)
(263, 715)
(263, 716)
(263, 717)
(263, 718)
(263, 1240)
(263, 1487)
(263, 1544)
(263, 1545)
(263, 1546)
(263, 1563)
(263, 1564)
(263, 1565)
(263, 1566)
(263, 1567)
(263, 1575)
(263, 1576)
(263, 1577)
(263, 1578)
(263, 1582)
(263, 1583)
(263, 1584)
(263, 1585)
(263, 1586)
(263, 1587)
(263, 1588)
(263, 1589)
(263, 1747)
(263, 1748)
(263, 1749)
(263, 1901)
(263, 1902)
(263, 1936)
(263, 1937)
(263, 1938)
(263, 1939)
(263, 1940)
(263, 1948)
(263, 1949)
(263, 1950)
(263, 1951)
(263, 1952)
(263, 1953)
(263, 2101)
(263, 2102)
(263, 2103)
(263, 2104)
(263, 2105)
(263, 2106)
(263, 2107)
(263, 2108)
(264, 701)
(264, 702)
(264, 703)
(264, 704)
(264, 708)
(264, 719)
(264, 720)
(264, 1165)
(264, 1166)
(264, 1167)
(264, 1168)
(264, 1169)
(264, 1196)
(264, 1241)
(264, 1242)
(264, 1243)
(264, 1486)
(264, 1547)
(264, 1548)
(264, 1549)
(264, 1550)
(264, 1551)
(264, 1552)
(264, 1553)
(264, 1558)
(264, 1559)
(264, 1560)
(264, 1561)
(264, 1562)
(264, 1568)
(264, 1569)
(264, 1570)
(264, 1571)
(264, 1572)
(264, 1573)
(264, 1574)
(264, 1579)
(264, 1580)
(264, 1581)
(264, 1590)
(264, 1591)
(264, 1592)
(264, 1742)
(264, 1743)
(264, 1744)
(264, 1745)
(264, 1746)
(264, 1903)
(264, 1904)
(264, 1905)
(264, 1906)
(264, 1907)
(264, 1908)
(264, 1909)
(264, 1910)
(264, 1911)
(264, 1912)
(264, 1913)
(264, 1914)
(264, 1915)
(264, 1916)
(264, 1917)
(264, 1918)
(264, 1919)
(264, 1920)
(264, 1921)
(264, 1922)
(264, 1923)
(264, 1931)
(264, 1932)
(264, 1933)
(264, 1934)
(264, 1935)
(264, 1941)
(264, 1942)
(264, 1943)
(264, 1944)
(264, 1945)
(264, 1946)
(264, 1947)
(265, 705)
(265, 706)
(265, 707)
(265, 721)
(265, 722)
(265, 1162)
(265, 1163)
(265, 1164)
(265, 1195)
(265, 1244)
(265, 1245)
(265, 1246)
(265, 1247)
(265, 1483)
(265, 1485)
(265, 1554)
(265, 1555)
(265, 1556)
(265, 1557)
(265, 1593)
(265, 1594)
(265, 1611)
(265, 1612)
(265, 1613)
(265, 1673)
(265, 1674)
(265, 1675)
(265, 1676)
(265, 1677)
(265, 1678)
(265, 1679)
(265, 1680)
(265, 1694)
(265, 1695)
(265, 1696)
(265, 1697)
(265, 1698)
(265, 1699)
(265, 1700)
(265, 1701)
(265, 1735)
(265, 1736)
(265, 1737)
(265, 1738)
(265, 1739)
(265, 1740)
(265, 1741)
(265, 1924)
(265, 1925)
(265, 1926)
(265, 1927)
(265, 1928)
(265, 1929)
(265, 1930)
(266, 723)
(266, 724)
(266, 725)
(266, 726)
(266, 1158)
(266, 1159)
(266, 1160)
(266, 1161)
(266, 1170)
(266, 1192)
(266, 1194)
(266, 1248)
(266, 1249)
(266, 1250)
(266, 1251)
(266, 1252)
(266, 1253)
(266, 1254)
(266, 1255)
(266, 1256)
(266, 1257)
(266, 1258)
(266, 1259)
(266, 1260)
(266, 1261)
(266, 1262)
(266, 1263)
(266, 1264)
(266, 1265)
(266, 1266)
(266, 1267)
(266, 1268)
(266, 1269)
(266, 1270)
(266, 1271)
(266, 1272)
(266, 1273)
(266, 1274)
(266, 1280)
(266, 1281)
(266, 1282)
(266, 1283)
(266, 1284)
(266, 1285)
(266, 1286)
(266, 1287)
(266, 1288)
(266, 1289)
(266, 1290)
(266, 1291)
(266, 1292)
(266, 1293)
(266, 1294)
(266, 1295)
(266, 1296)
(266, 1482)
(266, 1484)
(266, 1595)
(266, 1596)
(266, 1597)
(266, 1598)
(266, 1599)
(266, 1600)
(266, 1601)
(266, 1602)
(266, 1603)
(266, 1604)
(266, 1605)
(266, 1606)
(266, 1607)
(266, 1608)
(266, 1609)
(266, 1610)
(266, 1614)
(266, 1615)
(266, 1616)
(266, 1617)
(266, 1618)
(266, 1619)
(266, 1620)
(266, 1663)
(266, 1664)
(266, 1665)
(266, 1666)
(266, 1667)
(266, 1668)
(266, 1669)
(266, 1670)
(266, 1671)
(266, 1672)
(266, 1681)
(266, 1682)
(266, 1683)
(266, 1684)
(266, 1685)
(266, 1686)
(266, 1687)
(266, 1688)
(266, 1689)
(266, 1690)
(266, 1691)
(266, 1692)
(266, 1693)
(266, 1702)
(266, 1703)
(266, 1704)
(266, 1705)
(266, 1706)
(266, 1707)(508, 739)
(508, 740)
(508, 741)
(508, 744)
(508, 745)
(508, 746)
(508, 750)
(508, 751)
(508, 752)
(508, 770)
(508, 771)
(508, 773)
(508, 774)
(508, 775)
(508, 776)
(508, 777)
(508, 778)
(508, 779)
(508, 780)
(508, 781)
(508, 782)
(508, 783)
(508, 784)
(508, 865)
(508, 866)
(508, 868)
(508, 869)
(508, 870)
(508, 871)
(508, 872)
(508, 873)
(508, 874)
(508, 875)
(508, 884)
(508, 885)
(508, 911)
(508, 912)
(508, 913)
(508, 914)
(508, 915)
(508, 1004)
(508, 1008)
(508, 1047)
(508, 1048)
(508, 1065)
(508, 1066)
(508, 1073)
(508, 1140)
(508, 1144)
(508, 1145)
(508, 1146)
(508, 1147)
(508, 1148)
(508, 1149)
(508, 1169)
(508, 1187)
(508, 1188)
(508, 1189)
(508, 1190)
(508, 1191)
(508, 1215)
(508, 1216)
(508, 1217)
(508, 1218)
(508, 1219)
(508, 1222)
(508, 1223)
(508, 1224)
(508, 1229)
(508, 1231)
(508, 1237)
(508, 1238)
(508, 1239)
(508, 1240)
(508, 1241)
(508, 1309)
(508, 1310)
(508, 1315)
(508, 1316)
(508, 1317)
(508, 1323)
(508, 1324)
(508, 1325)
(508, 1326)
(508, 1327)
(508, 1328)
(508, 1329)
(508, 1330)
(508, 1331)
(508, 1332)
(508, 1333)
(508, 1334)
(508, 1346)
(508, 1347)
(508, 1348)
(508, 1352)
(508, 1353)
(508, 1369)
(508, 1370)
(508, 1371)
(508, 1372)
(508, 1373)
(508, 1374)
(508, 1375)
(508, 1376)
(508, 1377)
(508, 1378)
(508, 1380)
(508, 1381)
(508, 1382)
(508, 1391)
(508, 1392)
(508, 1393)
(508, 1394)
(508, 1395)
(508, 1396)
(508, 1397)
(508, 1398)
(508, 1399)
(508, 1400)
(508, 1401)
(508, 1402)
(508, 1403)
(508, 1404)
(508, 1405)
(508, 1406)
(508, 1407)
(508, 1408)
(508, 1409)
(508, 1414)
(508, 1415)
(508, 1418)
(508, 1419)
(508, 1420)
(508, 1421)
(508, 1423)
(508, 1424)
(508, 1425)
(508, 1426)
(508, 1434)
(508, 1435)
(508, 1436)
(508, 1437)
(508, 1438)
(508, 1444)
(508, 1445)
(508, 1463)
(508, 1464)
(508, 1465)
(508, 1466)
(508, 1467)
(508, 1485)
(508, 1491)
(508, 1493)
(508, 1494)
(508, 1506)
(508, 1507)
(508, 1508)
(508, 1509)
(508, 1510)
(508, 1511)
(508, 1512)
(508, 1513)
(508, 1514)
(508, 1515)
(508, 1527)
(508, 1528)
(508, 1587)
(508, 1597)
(509, 680)
(509, 2051)
(509, 2053)
(510, 961)
(510, 962)
(510, 963)
(510, 964)
(510, 1503)
(512, 2052)
(700, 2248)
(700, 2296)
(700, 2297)
(700, 2298)
(700, 2299)
(700, 2301)
(700, 2302)
(700, 2303)
(700, 2304)
(700, 2305)
(700, 2306)
(700, 2307)
(700, 2308)
(700, 2309)
(700, 2310)
(700, 2312)
(700, 2313)
(700, 2314)
(700, 2315)
(700, 2316)
(700, 2317)
(700, 2318)
(700, 2319)
(700, 2320)
(700, 2321)
(700, 2322)
(700, 2323)
(700, 2324)
(700, 2325)
(700, 2326)
(701, 227)
(701, 240)
(701, 2053)
(701, 2068)
(701, 2074)
(701, 2075)
(701, 2076)
(701, 2077)
(701, 2078)
(701, 2079)
(701, 2082)
(701, 2085)
(701, 2086)
(701, 2087)
(701, 2090)
(701, 2091)
(701, 2092)
(701, 2093)
(701, 2094)
(701, 2095)
(701, 2096)
(701, 2097)
(701, 2098)
(701, 2099)
(701, 2100)
(701, 2101)
(701, 2102)
(701, 2103)
(701, 2104)
(701, 2105)
(701, 2106)
(701, 2107)
(701, 2108)
(701, 2109)
(701, 2110)
(701, 2111)
(701, 2112)
(701, 2113)
(701, 2114)
(701, 2115)
(701, 2116)
(701, 2117)
(701, 2118)
(701, 2119)
(701, 2120)
(701, 2121)
(701, 2122)
(701, 2123)
(701, 2124)
(701, 2125)
(701, 2126)
(701, 2127)
(701, 2128)
(701, 2129)
(701, 2130)
(701, 2131)
(701, 2132)
(701, 2133)
(701, 2134)
(701, 2135)
(701, 2138)
(701, 2139)
(701, 2140)
(701, 2141)
(701, 2142)
(701, 2144)
(701, 2145)
(701, 2146)
(701, 2147)
(701, 2148)
(701, 2149)
(701, 2150)
(701, 2151)
(701, 2152)
(701, 2153)
(701, 2154)
(701, 2155)
(701, 2156)
(701, 2157)
(701, 2158)
(701, 2159)
(701, 2160)
(701, 2161)
(701, 2162)
(701, 2163)
(701, 2164)
(701, 2165)
(701, 2166)
(701, 2167)
(701, 2168)
(701, 2169)
(701, 2170)
(701, 2171)
(701, 2172)
(701, 2173)
(701, 2174)
(701, 2175)
(701, 2176)
(701, 2177)
(701, 2178)
(701, 2179)
(701, 2180)
(701, 2181)
(701, 2182)
(701, 2183)
(701, 2184)
(701, 2185)
(701, 2186)
(701, 2187)
(701, 2188)
(701, 2189)
(701, 2190)
(701, 2191)
(701, 2192)
(701, 2193)
(701, 2194)
(701, 2195)
(701, 2196)
(701, 2197)
(701, 2198)
(701, 2199)
(701, 2200)
(701, 2201)
(701, 2202)
(701, 2203)
(701, 2204)
(701, 2205)
(701, 2206)
(701, 2207)
(701, 2208)
(701, 2209)
(701, 2210)
(701, 2211)
(701, 2212)
(701, 2213)
(701, 2214)
(701, 2215)
(701, 2216)
(701, 2217)
(701, 2218)
(701, 2219)
(701, 2220)
(701, 2221)
(701, 2222)
(701, 2223)
(701, 2224)
(701, 2225)
(701, 2226)
(701, 2227)
(701, 2228)
(701, 2229)
(701, 2230)
(701, 2231)
(701, 2232)
(701, 2233)
(701, 2234)
(701, 2235)
(701, 2236)
(701, 2237)
(701, 2238)
(701, 2239)
(701, 2240)
(701, 2241)
(701, 2242)
(701, 2243)
(701, 2244)
(701, 2245)
(701, 2246)
(701, 2247)
(701, 2249)
(701, 2250)
(701, 2251)
(701, 2252)
(701, 2253)
(701, 2254)
(701, 2255)
(701, 2256)
(701, 2257)
(701, 2258)
(701, 2259)
(701, 2260)
(701, 2261)
(701, 2262)
(701, 2263)
(701, 2264)
(701, 2265)
(701, 2266)
(701, 2267)
(701, 2268)
(701, 2269)
(701, 2270)
(701, 2271)
(701, 2272)
(701, 2273)
(701, 2274)
(701, 2275)
(701, 2276)
(701, 2277)
(701, 2278)
(701, 2279)
(701, 2280)
(701, 2281)
(701, 2282)
(701, 2283)
(701, 2284)
(701, 2285)
(701, 2286)
(701, 2287)
(701, 2288)
(701, 2289)
(701, 2290)
(701, 2291)
(701, 2292)
(701, 2293)
(701, 2294)
(701, 2295)
(701, 2300)
(701, 2311)
(702, 144)
(702, 145)
(702, 146)
(702, 147)
(702, 148)
(702, 203)
(702, 204)
(702, 226)
(702, 231)
(702, 232)
(702, 233)
(702, 234)
(702, 235)
(702, 236)
(702, 237)
(702, 238)
(702, 239)
(702, 241)
(702, 1049)
(702, 1140)
(702, 1597)
(702, 1690)
(702, 1978)
(702, 1979)
(702, 1992)
(702, 1993)
(702, 1994)
(702, 1995)
(702, 1996)
(702, 1997)
(702, 1998)
(702, 1999)
(702, 2000)
(702, 2001)
(702, 2002)
(702, 2003)
(702, 2004)
(702, 2005)
(702, 2006)
(702, 2007)
(702, 2008)
(702, 2009)
(702, 2010)
(702, 2011)
(702, 2012)
(702, 2013)
(702, 2014)
(702, 2015)
(702, 2016)
(702, 2017)
(702, 2018)
(702, 2019)
(702, 2020)
(702, 2021)
(702, 2022)
(702, 2023)
(702, 2024)
(702, 2025)
(702, 2026)
(702, 2027)
(702, 2028)
(702, 2029)
(702, 2030)
(702, 2031)
(702, 2032)
(702, 2033)
(702, 2034)
(702, 2035)
(702, 2036)
(702, 2037)
(702, 2038)
(702, 2039)
(702, 2040)
(702, 2041)
(702, 2042)
(702, 2043)
(702, 2044)
(702, 2045)
(702, 2046)
(702, 2047)
(702, 2048)
(702, 2049)
(702, 2050)
(702, 2051)
(702, 2052)
(702, 2055)
(702, 2056)
(702, 2057)
(702, 2058)
(702, 2059)
(702, 2060)
(702, 2061)
(702, 2062)
(702, 2063)
(702, 2064)
(702, 2065)
(702, 2066)
(702, 2067)
(702, 2069)
(702, 2070)
(702, 2071)
(702, 2072)
(702, 2073)
(702, 2080)
(702, 2081)
(702, 2083)
(702, 2084)
(702, 2088)
(702, 2089)
(702, 2136)
(702, 2137)
(702, 2143)
(703, 140)
(703, 141)
(703, 142)
(703, 143)
(703, 149)
(703, 150)
(703, 151)
(703, 152)
(703, 153)
(703, 154)
(703, 155)
(703, 156)
(703, 157)
(703, 158)
(703, 159)
(703, 160)
(703, 161)
(703, 162)
(703, 163)
(703, 164)
(703, 165)
(703, 166)
(703, 167)
(703, 168)
(703, 169)
(703, 170)
(703, 171)
(703, 172)
(703, 173)
(703, 174)
(703, 175)
(703, 176)
(703, 177)
(703, 178)
(703, 179)
(703, 180)
(703, 181)
(703, 182)
(703, 183)
(703, 184)
(703, 185)
(703, 186)
(703, 187)
(703, 188)
(703, 189)
(703, 190)
(703, 191)
(703, 192)
(703, 193)
(703, 194)
(703, 195)
(703, 196)
(703, 197)
(703, 198)
(703, 199)
(703, 200)
(703, 201)
(703, 202)
(703, 205)
(703, 206)
(703, 207)
(703, 208)
(703, 209)
(703, 210)
(703, 211)
(703, 212)
(703, 213)
(703, 214)
(703, 215)
(703, 216)
(703, 217)
(703, 218)
(703, 219)
(703, 220)
(703, 221)
(703, 222)
(703, 223)
(703, 224)
(703, 225)
(703, 228)
(703, 229)
(703, 230)
(703, 242)
(703, 243)
(703, 244)
(703, 245)
(703, 246)
(703, 247)
(703, 248)
(703, 249)
(703, 250)
(703, 251)
(703, 252)
(703, 253)
(703, 254)
(703, 255)
(703, 256)
(703, 257)
(703, 258)
(703, 259)
(703, 260)
(703, 261)
(703, 262)
(703, 263)
(7(301, 879)(703, 265)
(703, 266)
(703, 267)
(703, 268)
(703, 269)
(703, 270)
(703, 271)
(703, 272)
(703, 273)
(703, 274)
(703, 275)
(703, 276)
(703, 277)
(703, 278)
(703, 279)
(703, 280)
(703, 281)
(703, 282)
(703, 283)
(703, 284)
(703, 285)
(703, 286)
(703, 287)
(703, 288)
(703, 289)
(703, 290)
(703, 291)
(703, 292)
(703, 293)
(703, 294)
(703, 295)
(703, 296)
(703, 297)
(703, 298)
(703, 299)
(703, 300)
(703, 301)
(703, 302)
(703, 303)
(703, 304)
(703, 305)
(703, 306)
(703, 307)
(703, 308)
(703, 309)
(703, 310)
(703, 311)
(703, 312)
(703, 313)
(703, 314)
(703, 315)
(703, 316)
(703, 317)
(703, 318)
(703, 319)
(703, 320)
(703, 321)
(703, 322)
(703, 323)
(703, 324)
(703, 325)
(703, 326)
(703, 327)
(703, 328)
(703, 329)
(703, 330)
(703, 331)
(703, 332)
(703, 333)
(703, 334)
(703, 335)
(703, 336)
(703, 337)
(703, 338)
(703, 339)
(703, 340)
(703, 341)
(703, 342)
(703, 343)
(703, 344)
(703, 345)
(703, 346)
(703, 355)
(703, 590)
(703, 772)
(703, 1323)
(703, 1506)
(703, 1520)
(703, 1600)
(703, 1601)
(703, 1602)
(703, 1603)
(703, 1604)
(703, 1608)
(703, 1609)
(703, 1610)
(703, 1782)
(703, 1787)
(703, 1789)
(703, 1797)
(703, 1810)
(703, 1811)
(703, 1814)
(703, 1815)
(703, 1816)
(703, 1817)
(703, 1818)
(703, 1819)
(703, 1820)
(703, 1821)
(703, 1822)
(703, 1823)
(703, 1824)
(703, 1825)
(703, 1826)
(703, 1827)
(703, 1828)
(703, 1829)
(703, 1830)
(703, 1831)
(703, 1832)
(703, 1833)
(703, 1834)
(703, 1835)
(703, 1836)
(703, 1837)
(703, 1838)
(703, 1839)
(703, 1840)
(703, 1841)
(703, 1842)
(703, 1843)
(703, 1844)
(703, 1845)
(703, 1846)
(703, 1847)
(703, 1848)
(703, 1849)
(703, 1850)
(703, 1851)
(703, 1852)
(703, 1853)
(703, 1854)
(703, 1855)
(703, 1856)
(703, 1857)
(703, 1858)
(703, 1859)
(703, 1860)
(703, 1861)
(703, 1862)
(703, 1863)
(703, 1864)
(703, 1865)
(703, 1866)
(703, 1867)
(703, 1868)
(703, 1869)
(703, 1870)
(703, 1873)
(703, 1874)
(703, 1875)
(703, 1876)
(703, 1877)
(703, 1878)
(703, 1879)
(703, 1880)
(703, 1881)
(703, 1882)
(703, 1883)
(703, 1884)
(703, 1885)
(703, 1886)
(703, 1887)
(703, 1888)
(703, 1889)
(703, 1890)
(703, 1891)
(703, 1892)
(703, 1893)
(703, 1894)
(703, 1895)
(703, 1896)
(703, 1897)
(703, 1898)
(703, 1899)
(703, 1900)
(703, 1901)
(703, 1902)
(703, 1903)
(703, 1904)
(703, 1905)
(703, 1906)
(703, 1907)
(703, 1908)
(703, 1909)
(703, 1910)
(703, 1911)
(703, 1912)
(703, 1913)
(703, 1914)
(703, 1915)
(703, 1916)
(703, 1917)
(703, 1918)
(703, 1919)
(703, 1920)
(703, 1921)
(703, 1922)
(703, 1923)
(703, 1924)
(703, 1925)
(703, 1926)
(703, 1927)
(703, 1928)
(703, 1929)
(703, 1930)
(703, 1931)
(703, 1932)
(703, 1933)
(703, 1934)
(703, 1935)
(703, 1936)
(703, 1937)
(703, 1938)
(703, 1939)
(703, 1940)
(703, 1941)
(703, 1942)
(703, 1943)
(703, 1944)
(703, 1945)
(703, 1946)
(703, 1947)
(703, 1948)
(703, 1949)
(703, 1950)
(703, 1951)
(703, 1952)
(703, 1953)
(703, 1954)
(703, 1955)
(703, 1956)
(703, 1957)
(703, 1958)
(703, 1959)
(703, 1960)
(703, 1961)
(703, 1962)
(703, 1963)
(703, 1965)
(703, 1966)
(703, 1967)
(703, 1968)
(703, 1969)
(703, 1970)
(703, 1971)
(703, 1972)
(703, 1973)
(703, 1974)
(703, 1975)
(703, 1976)
(703, 1977)
(703, 1980)
(703, 1981)
(703, 1982)
(703, 1983)
(703, 1984)
(703, 1985)
(703, 1986)
(703, 1987)
(703, 1988)
(703, 1989)
(703, 1990)
(703, 1991)
(704, 347)
(704, 348)
(704, 349)
(704, 350)
(704, 351)
(704, 352)
(704, 353)
(704, 354)
(704, 356)
(704, 357)
(704, 358)
(704, 359)
(704, 360)
(704, 361)
(704, 362)
(704, 363)
(704, 364)
(704, 365)
(704, 366)
(704, 367)
(704, 368)
(704, 369)
(704, 370)
(704, 371)
(704, 372)
(704, 373)
(704, 374)
(704, 375)
(704, 376)
(704, 377)
(704, 378)
(704, 379)
(704, 380)
(704, 381)
(704, 382)
(704, 383)
(704, 384)
(704, 385)
(704, 386)
(704, 387)
(704, 388)
(704, 389)
(704, 390)
(704, 391)
(704, 392)
(704, 393)
(704, 394)
(704, 395)
(704, 396)
(704, 397)
(704, 398)
(704, 399)
(704, 400)
(704, 401)
(704, 402)
(704, 403)
(704, 404)
(704, 405)
(704, 407)
(704, 408)
(704, 409)
(704, 410)
(704, 411)
(704, 412)
(704, 413)
(704, 414)
(704, 415)
(704, 416)
(704, 417)
(704, 418)
(704, 419)
(704, 420)
(704, 421)
(704, 422)
(704, 423)
(704, 424)
(704, 425)
(704, 426)
(704, 427)
(704, 428)
(704, 429)
(704, 430)
(704, 431)
(704, 432)
(704, 433)
(704, 434)
(704, 435)
(704, 436)
(704, 437)
(704, 438)
(704, 439)
(704, 440)
(704, 441)
(704, 442)
(704, 443)
(704, 444)
(704, 445)
(704, 446)
(704, 447)
(704, 448)
(704, 449)
(704, 450)
(704, 453)
(704, 454)
(704, 455)
(704, 456)
(704, 457)
(704, 458)
(704, 459)
(704, 460)
(704, 468)
(704, 469)
(704, 472)
(704, 473)
(704, 474)
(704, 476)
(704, 477)
(704, 478)
(704, 479)
(704, 480)
(704, 481)
(704, 484)
(704, 485)
(704, 486)
(704, 487)
(704, 488)
(704, 489)
(704, 490)
(704, 491)
(704, 492)
(704, 493)
(704, 494)
(704, 495)
(704, 496)
(704, 499)
(704, 500)
(704, 501)
(704, 502)
(704, 503)
(704, 504)
(704, 505)
(704, 506)
(704, 507)
(704, 508)
(704, 509)
(704, 510)
(704, 511)
(704, 512)
(704, 513)
(704, 514)
(704, 515)
(704, 516)
(704, 517)
(704, 518)
(704, 519)
(704, 520)
(704, 521)
(704, 522)
(704, 523)
(704, 524)
(704, 525)
(704, 526)
(704, 527)
(704, 528)
(704, 529)
(704, 530)
(704, 531)
(704, 532)
(704, 533)
(704, 534)
(704, 535)
(704, 536)
(704, 537)
(704, 538)
(704, 539)
(704, 540)
(704, 543)
(704, 544)
(704, 545)
(704, 546)
(704, 547)
(704, 548)
(704, 549)
(704, 550)
(704, 551)
(704, 552)
(704, 553)
(704, 554)
(704, 555)
(704, 557)
(704, 558)
(704, 559)
(704, 560)
(704, 561)
(704, 562)
(704, 563)
(704, 564)
(704, 565)
(704, 566)
(704, 567)
(704, 568)
(704, 569)
(704, 570)
(704, 571)
(704, 572)
(704, 573)
(704, 574)
(704, 575)
(704, 576)
(704, 577)
(704, 578)
(704, 579)
(704, 580)
(704, 581)
(704, 582)
(704, 583)
(704, 584)
(704, 585)
(704, 586)
(704, 587)
(704, 588)
(704, 589)
(704, 591)
(704, 592)
(704, 593)
(704, 594)
(704, 595)
(704, 596)
(704, 597)
(704, 598)
(704, 599)
(704, 600)
(704, 601)
(704, 602)
(704, 603)
(704, 604)
(704, 606)
(704, 607)
(704, 608)
(704, 609)
(704, 610)
(704, 611)
(704, 612)
(704, 613)
(704, 614)
(704, 615)
(704, 616)
(704, 617)
(704, 618)
(704, 619)
(704, 620)
(704, 621)
(704, 622)
(704, 623)
(704, 624)
(704, 625)
(704, 626)
(704, 627)
(704, 628)
(704, 629)
(704, 630)
(704, 631)
(704, 632)
(704, 633)
(704, 634)
(704, 635)
(704, 636)
(704, 637)
(704, 638)
(704, 639)
(704, 640)
(704, 641)
(704, 642)
(704, 643)
(704, 644)
(704, 645)
(704, 646)
(704, 647)
(704, 648)
(704, 649)
(704, 650)
(704, 651)
(704, 652)
(704, 653)
(704, 654)
(704, 655)
(704, 656)
(704, 657)
(704, 658)
(704, 659)
(704, 660)
(704, 661)
(704, 662)
(704, 663)
(704, 664)
(704, 665)
(704, 666)
(704, 667)
(704, 668)
(704, 669)
(704, 670)
(704, 671)
(704, 672)
(704, 673)
(704, 674)
(704, 675)
(704, 676)
(704, 677)
(704, 678)
(704, 679)
(704, 680)
(704, 682)
(704, 683)
(704, 684)
(704, 685)
(704, 686)
(704, 687)
(704, 688)
(704, 689)
(704, 690)
(704, 691)
(704, 692)
(704, 693)
(704, 694)
(704, 695)
(704, 696)
(704, 697)
(704, 698)
(704, 699)
(704, 700)
(704, 701)
(704, 702)
(704, 703)
(704, 704)
(704, 705)
(704, 706)
(704, 707)
(704, 708)
(704, 709)
(704, 710)
(704, 711)
(704, 712)
(704, 713)
(704, 714)
(704, 715)
(704, 716)
(704, 717)
(704, 718)
(704, 719)
(704, 720)
(704, 721)
(704, 722)
(704, 723)
(704, 724)
(704, 725)
(704, 726)
(704, 727)
(704, 728)
(704, 729)
(704, 730)
(704, 731)
(704, 732)
(704, 733)
(704, 734)
(704, 735)
(704, 736)
(704, 737)
(704, 738)
(704, 739)
(704, 740)
(704, 741)
(704, 742)
(704, 743)
(704, 744)
(704, 745)
(704, 746)
(704, 747)
(704, 748)
(704, 749)
(704, 750)
(704, 751)
(704, 752)
(704, 753)
(704, 754)
(704, 755)
(704, 756)
(704, 757)
(704, 758)
(704, 759)
(704, 760)
(704(686, 92(704, 762)
(704, 763)
(704, 764)
(704, 765)
(704, 766)
(704, 767)
(704, 768)
(704, 769)
(704, 770)
(704, 771)
(704, 775)
(704, 776)
(704, 777)
(704, 778)
(704, 779)
(704, 780)
(704, 781)
(704, 782)
(704, 783)
(704, 784)
(704, 785)
(704, 786)
(704, 787)
(704, 788)
(704, 789)
(704, 790)
(704, 791)
(704, 792)
(704, 793)
(704, 794)
(704, 795)
(704, 796)
(704, 797)
(704, 798)
(704, 799)
(704, 800)
(704, 801)
(704, 802)
(704, 803)
(704, 804)
(704, 805)
(704, 806)
(704, 807)
(704, 808)
(704, 809)
(704, 810)
(704, 811)
(704, 812)
(704, 813)
(704, 814)
(704, 815)
(704, 816)
(704, 817)
(704, 818)
(704, 819)
(704, 820)
(704, 821)
(704, 822)
(704, 823)
(704, 824)
(704, 825)
(704, 826)
(704, 827)
(704, 828)
(704, 829)
(704, 830)
(704, 831)
(704, 832)
(704, 833)
(704, 834)
(704, 835)
(704, 836)
(704, 837)
(704, 838)
(704, 839)
(704, 840)
(704, 841)
(704, 842)
(704, 843)
(704, 844)
(704, 845)
(704, 846)
(704, 847)
(704, 848)
(704, 849)
(704, 850)
(704, 851)
(704, 852)
(704, 853)
(704, 854)
(704, 855)
(704, 856)
(704, 857)
(704, 858)
(704, 859)
(704, 860)
(704, 861)
(704, 862)
(704, 863)
(704, 864)
(704, 865)
(704, 867)
(704, 868)
(704, 869)
(704, 870)
(704, 871)
(704, 872)
(704, 873)
(704, 874)
(704, 875)
(704, 876)
(704, 877)
(704, 878)
(704, 879)
(704, 880)
(704, 881)
(704, 882)
(704, 883)
(704, 884)
(704, 885)
(704, 886)
(704, 887)
(704, 888)
(704, 889)
(704, 890)
(704, 891)
(704, 892)
(704, 893)
(704, 894)
(704, 895)
(704, 896)
(704, 897)
(704, 898)
(704, 899)
(704, 900)
(704, 901)
(704, 902)
(704, 903)
(704, 904)
(704, 905)
(704, 906)
(704, 907)
(704, 908)
(704, 909)
(704, 910)
(704, 911)
(704, 912)
(704, 913)
(704, 914)
(704, 915)
(704, 916)
(704, 917)
(704, 918)
(704, 919)
(704, 920)
(704, 921)
(704, 922)
(704, 923)
(704, 924)
(704, 925)
(704, 926)
(704, 927)
(704, 928)
(704, 929)
(704, 930)
(704, 931)
(704, 932)
(704, 933)
(704, 934)
(704, 935)
(704, 936)
(704, 937)
(704, 938)
(704, 939)
(704, 940)
(704, 941)
(704, 942)
(704, 943)
(704, 944)
(704, 945)
(704, 946)
(704, 947)
(704, 948)
(704, 949)
(704, 950)
(704, 951)
(704, 952)
(704, 953)
(704, 954)
(704, 955)
(704, 956)
(704, 957)
(704, 958)
(704, 959)
(704, 960)
(704, 961)
(704, 962)
(704, 963)
(704, 964)
(704, 965)
(704, 966)
(704, 967)
(704, 968)
(704, 969)
(704, 970)
(704, 971)
(704, 972)
(704, 973)
(704, 974)
(704, 975)
(704, 976)
(704, 977)
(704, 978)
(704, 979)
(704, 980)
(704, 981)
(704, 982)
(704, 983)
(704, 984)
(704, 985)
(704, 986)
(704, 987)
(704, 988)
(704, 989)
(704, 990)
(704, 991)
(704, 992)
(704, 993)
(704, 994)
(704, 995)
(704, 996)
(704, 997)
(704, 998)
(704, 999)
(704, 1000)
(704, 1001)
(704, 1002)
(704, 1003)
(704, 1004)
(704, 1005)
(704, 1006)
(704, 1007)
(704, 1008)
(704, 1009)
(704, 1010)
(704, 1011)
(704, 1012)
(704, 1013)
(704, 1014)
(704, 1015)
(704, 1016)
(704, 1017)
(704, 1018)
(704, 1019)
(704, 1020)
(704, 1021)
(704, 1022)
(704, 1023)
(704, 1024)
(704, 1025)
(704, 1026)
(704, 1027)
(704, 1028)
(704, 1029)
(704, 1030)
(704, 1031)
(704, 1032)
(704, 1033)
(704, 1034)
(704, 1035)
(704, 1036)
(704, 1037)
(704, 1038)
(704, 1039)
(704, 1040)
(704, 1041)
(704, 1042)
(704, 1043)
(704, 1044)
(704, 1045)
(704, 1046)
(704, 1047)
(704, 1048)
(704, 1050)
(704, 1051)
(704, 1052)
(704, 1053)
(704, 1054)
(704, 1055)
(704, 1056)
(704, 1057)
(704, 1058)
(704, 1059)
(704, 1060)
(704, 1061)
(704, 1062)
(704, 1063)
(704, 1064)
(704, 1065)
(704, 1066)
(704, 1067)
(704, 1068)
(704, 1069)
(704, 1070)
(704, 1071)
(704, 1072)
(704, 1073)
(704, 1074)
(704, 1075)
(704, 1076)
(704, 1077)
(704, 1078)
(704, 1079)
(704, 1080)
(704, 1081)
(704, 1082)
(704, 1083)
(704, 1084)
(704, 1085)
(704, 1086)
(704, 1087)
(704, 1088)
(704, 1089)
(704, 1090)
(704, 1091)
(704, 1092)
(704, 1093)
(704, 1094)
(704, 1095)
(704, 1096)
(704, 1097)
(704, 1098)
(704, 1099)
(704, 1100)
(704, 1101)
(704, 1102)
(704, 1103)
(704, 1104)
(704, 1105)
(704, 1106)
(704, 1107)
(704, 1108)
(704, 1109)
(704, 1110)
(704, 1111)
(704, 1112)
(704, 1113)
(704, 1114)
(704, 1115)
(704, 1116)
(704, 1117)
(704, 1118)
(704, 1119)
(704, 1120)
(704, 1121)
(704, 1122)
(704, 1123)
(704, 1124)
(704, 1125)
(704, 1126)
(704, 1127)
(704, 1128)
(704, 1129)
(704, 1130)
(704, 1131)
(704, 1132)
(704, 1133)
(704, 1134)
(704, 1135)
(704, 1136)
(704, 1137)
(704, 1138)
(704, 1139)
(704, 1141)
(704, 1142)
(704, 1143)
(704, 1144)
(704, 1145)
(704, 1146)
(704, 1147)
(704, 1148)
(704, 1149)
(704, 1150)
(704, 1151)
(704, 1152)
(704, 1153)
(704, 1154)
(704, 1155)
(704, 1156)
(704, 1157)
(704, 1158)
(704, 1159)
(704, 1160)
(704, 1161)
(704, 1162)
(704, 1163)
(704, 1164)
(704, 1165)
(704, 1166)
(704, 1167)
(704, 1168)
(704, 1169)
(704, 1170)
(704, 1171)
(704, 1172)
(704, 1173)
(704, 1174)
(704, 1175)
(704, 1176)
(704, 1177)
(704, 1178)
(704, 1179)
(704, 1180)
(704, 1181)
(704, 1182)
(704, 1183)
(704, 1184)
(704, 1185)
(704, 1186)
(704, 1187)
(704, 1188)
(704, 1189)
(704, 1190)
(704, 1191)
(704, 1192)
(704, 1193)
(704, 1194)
(704, 1195)
(704, 1196)
(704, 1197)
(704, 1198)
(704, 1199)
(704, 1200)
(704, 1201)
(704, 1202)
(704, 1203)
(704, 1204)
(704, 1205)
(704, 1206)
(704, 1207)
(704, 1208)
(704, 1209)
(704, 1210)
(704, 1211)
(704, 1212)
(704, 1213)
(704, 1214)
(704, 1215)
(704, 1216)
(704, 1217)
(704, 1218)
(704, 1219)
(704, 1220)
(704, 1221)
(704, 1222)
(704, 1223)
(704, 1224)
(704, 1225)
(704, 1226)
(704, 1227)
(704, 1228)
(704, 1229)
(704, 1232)
(704, 1233)
(704, 1234)
(704, 1235)
(704, 1236)
(704, 1237)
(704, 1238)
(704, 1239)
(704, 1240)
(704, 1241)
(704, 1242)
(704, 1243)
(704, 1244)
(704, 1245)
(704, 1246)
(704, 1247)
(704, 1248)
(704, 1249)
(704, 1250)
(704, 1251)
(704, 1252)
(704, 1253)
(704, 1254)
(704, 1255)
(704, 1256)
(704, 1257)
(704, 1258)
(704, 1259)
(704, 1260)
(704, 1261)
(704, 1262)
(704, 1263)
(704, 1264)
(704, 1265)
(704, 1266)
(704, 1267)
(704, 1268)
(704, 1269)
(704, 1270)
(704, 1271)
(704, 1272)
(704, 1273)
(704, 1274)
(704, 1275)
(704, 1276)
(704, 1277)
(704, 1278)
(704, 1279)
(704, 1280)
(704, 1281)
(704, 1282)
(704, 1283)
(704, 1284)
(704, 1285)
(704, 1286)
(704, 1287)
(704, 1288)
(704, 1289)
(704, 1290)
(704, 1291)
(704, 1292)
(704, 1293)
(704, 1294)
(704, 1295)
(704, 1296)
(704, 1297)
(704, 1298)
(704, 1299)
(704, 1300)
(704, 1301)
(704, 1302)
(704, 1303)
(704, 1304)
(704, 1305)
(704, 1306)
(704, 1307)
(704, 1308)
(704, 1309)
(704, 1310)
(704, 1311)
(704, 1312)
(704, 1313)
(704, 1314)
(704, 1315)
(704, 1316)
(704, 1317)
(704, 1318)
(704, 1319)
(704, 1320)
(704, 1321)
(704, 1322)
(704, 1324)
(704, 1325)
(704, 1326)
(704, 1327)
(704, 1328)
(704, 1329)
(704, 1330)
(704, 1331)
(704, 1332)
(704, 1333)
(704, 1334)
(704, 1335)
(704, 1336)
(704, 1337)
(704, 1338)
(704, 1339)
(704, 1340)
(704, 1341)
(704, 1342)
(704, 1343)
(704, 1344)
(704, 1345)
(704, 1346)
(704, 1347)
(704, 1348)
(704, 1349)
(704, 1350)
(704, 1351)
(704, 1352)
(704, 1353)
(704, 1354)
(704, 1355)
(704, 1356)
(704, 1357)
(704, 1358)
(704, 1359)
(704, 1360)
(704, 1361)
(704, 1362)
(704, 1363)
(704, 1364)
(704, 1365)
(704, 1366)
(704, 1367)
(704, 1368)
(704, 1369)
(704, 1370)
(704, 1371)
(704, 1372)
(704, 1373)
(704, 1374)
(704, 1375)
(704, 1376)
(704, 1377)
(704, 1378)
(704, 1379)
(704, 1380)
(704, 1381)
(704, 1382)
(704, 1383)
(704, 1384)
(704, 1385)
(704, 1386)
(704, 1387)
(704, 1388)
(704, 1389)
(704, 1390)
(704, 1391)
(704, 1392)
(704, 1393)
(704, 1394)
(704, 1395)
(704, 1396)
(704, 1397)
(704, 1398)
(704, 1399)
(704, 1400)
(704, 1401)
(704, 1402)
(704, 1403)
(704, 1404)
(704, 1405)
(704, 1406)
(704, 1407)
(704, 1408)
(704, 1409)
(704, 1410)
(704, 1411)
(704, 1412)
(704, 1413)
(704, 1415)
(704, 1416)
(704, 1417)
(704, 141(688, 2272)
(688(704, 1420)
(704, 1421)
(704, 1422)
(704, 1423)
(704, 1424)
(704, 1425)
(704, 1426)
(704, 1427)
(704, 1428)
(704, 1429)
(704, 1430)
(704, 1431)
(704, 1432)
(704, 1433)
(704, 1434)
(704, 1435)
(704, 1436)
(704, 1437)
(704, 1438)
(704, 1439)
(704, 1440)
(704, 1441)
(704, 1442)
(704, 1443)
(704, 1444)
(704, 1445)
(704, 1446)
(704, 1447)
(704, 1448)
(704, 1449)
(704, 1450)
(704, 1451)
(704, 1452)
(704, 1453)
(704, 1454)
(704, 1455)
(704, 1456)
(704, 1457)
(704, 1458)
(704, 1459)
(704, 1460)
(704, 1461)
(704, 1462)
(704, 1463)
(704, 1464)
(704, 1465)
(704, 1466)
(704, 1467)
(704, 1468)
(704, 1469)
(704, 1470)
(704, 1471)
(704, 1472)
(704, 1473)
(704, 1474)
(704, 1475)
(704, 1476)
(704, 1477)
(704, 1478)
(704, 1479)
(704, 1480)
(704, 1481)
(704, 1482)
(704, 1483)
(704, 1484)
(704, 1485)
(704, 1486)
(704, 1487)
(704, 1488)
(704, 1489)
(704, 1490)
(704, 1491)
(704, 1492)
(704, 1493)
(704, 1494)
(704, 1495)
(704, 1496)
(704, 1497)
(704, 1498)
(704, 1499)
(704, 1500)
(704, 1501)
(704, 1502)
(704, 1503)
(704, 1504)
(704, 1505)
(704, 1507)
(704, 1508)
(704, 1509)
(704, 1510)
(704, 1511)
(704, 1512)
(704, 1513)
(704, 1514)
(704, 1515)
(704, 1516)
(704, 1517)
(704, 1518)
(704, 1519)
(704, 1521)
(704, 1522)
(704, 1523)
(704, 1524)
(704, 1525)
(704, 1526)
(704, 1527)
(704, 1528)
(704, 1529)
(704, 1530)
(704, 1531)
(704, 1532)
(704, 1533)
(704, 1534)
(704, 1535)
(704, 1536)
(704, 1537)
(704, 1538)
(704, 1539)
(704, 1540)
(704, 1541)
(704, 1542)
(704, 1543)
(704, 1544)
(704, 1545)
(704, 1546)
(704, 1547)
(704, 1548)
(704, 1549)
(704, 1550)
(704, 1551)
(704, 1552)
(704, 1553)
(704, 1554)
(704, 1555)
(704, 1556)
(704, 1557)
(704, 1558)
(704, 1559)
(704, 1560)
(704, 1561)
(704, 1562)
(704, 1563)
(704, 1564)
(704, 1565)
(704, 1566)
(704, 1567)
(704, 1568)
(704, 1569)
(704, 1570)
(704, 1571)
(704, 1572)
(704, 1573)
(704, 1574)
(704, 1575)
(704, 1576)
(704, 1577)
(704, 1578)
(704, 1579)
(704, 1580)
(704, 1581)
(704, 1582)
(704, 1583)
(704, 1584)
(704, 1585)
(704, 1586)
(704, 1587)
(704, 1588)
(704, 1589)
(704, 1590)
(704, 1591)
(704, 1592)
(704, 1593)
(704, 1594)
(704, 1595)
(704, 1598)
(704, 1599)
(704, 1605)
(704, 1606)
(704, 1607)
(704, 1611)
(704, 1612)
(704, 1613)
(704, 1614)
(704, 1615)
(704, 1616)
(704, 1617)
(704, 1618)
(704, 1619)
(704, 1620)
(704, 1621)
(704, 1622)
(704, 1623)
(704, 1624)
(704, 1625)
(704, 1626)
(704, 1627)
(704, 1628)
(704, 1629)
(704, 1630)
(704, 1631)
(704, 1632)
(704, 1633)
(704, 1634)
(704, 1635)
(704, 1636)
(704, 1637)
(704, 1638)
(704, 1639)
(704, 1640)
(704, 1641)
(704, 1642)
(704, 1643)
(704, 1644)
(704, 1645)
(704, 1646)
(704, 1647)
(704, 1648)
(704, 1649)
(704, 1650)
(704, 1651)
(704, 1652)
(704, 1653)
(704, 1654)
(704, 1655)
(704, 1656)
(704, 1657)
(704, 1658)
(704, 1659)
(704, 1660)
(704, 1661)
(704, 1662)
(704, 1663)
(704, 1664)
(704, 1665)
(704, 1666)
(704, 1667)
(704, 1668)
(704, 1669)
(704, 1670)
(704, 1671)
(704, 1672)
(704, 1673)
(704, 1674)
(704, 1675)
(704, 1676)
(704, 1677)
(704, 1678)
(704, 1679)
(704, 1680)
(704, 1682)
(704, 1683)
(704, 1685)
(704, 1686)
(704, 1687)
(704, 1688)
(704, 1689)
(704, 1691)
(704, 1692)
(704, 1693)
(704, 1694)
(704, 1695)
(704, 1696)
(704, 1697)
(704, 1698)
(704, 1699)
(704, 1700)
(704, 1701)
(704, 1702)
(704, 1703)
(704, 1704)
(704, 1705)
(704, 1706)
(704, 1707)
(704, 1708)
(704, 1709)
(704, 1710)
(704, 1711)
(704, 1712)
(704, 1713)
(704, 1714)
(704, 1715)
(704, 1716)
(704, 1717)
(704, 1718)
(704, 1719)
(704, 1720)
(704, 1721)
(704, 1722)
(704, 1723)
(704, 1724)
(704, 1725)
(704, 1726)
(704, 1727)
(704, 1728)
(704, 1729)
(704, 1730)
(704, 1731)
(704, 1732)
(704, 1733)
(704, 1734)
(704, 1735)
(704, 1736)
(704, 1737)
(704, 1738)
(704, 1739)
(704, 1740)
(704, 1741)
(704, 1742)
(704, 1743)
(704, 1744)
(704, 1745)
(704, 1746)
(704, 1747)
(704, 1748)
(704, 1749)
(704, 1750)
(704, 1751)
(704, 1752)
(704, 1753)
(704, 1754)
(704, 1755)
(704, 1756)
(704, 1757)
(704, 1758)
(704, 1759)
(704, 1760)
(704, 1761)
(704, 1762)
(704, 1763)
(704, 1764)
(704, 1765)
(704, 1766)
(704, 1767)
(704, 1768)
(704, 1769)
(704, 1770)
(704, 1771)
(704, 1772)
(704, 1773)
(704, 1774)
(704, 1775)
(704, 1776)
(704, 1777)
(704, 1778)
(704, 1779)
(704, 1780)
(704, 1781)
(704, 1783)
(704, 1784)
(704, 1785)
(704, 1786)
(704, 1788)
(704, 1790)
(704, 1791)
(704, 1792)
(704, 1793)
(704, 1794)
(704, 1795)
(704, 1796)
(704, 1798)
(704, 1799)
(704, 1800)
(704, 1801)
(704, 1802)
(704, 1803)
(704, 1804)
(704, 1805)
(704, 1806)
(704, 1807)
(704, 1808)
(704, 1809)
(704, 1812)
(704, 1813)
(704, 1871)
(705, 451)
(705, 452)
(705, 461)
(705, 462)
(705, 463)
(705, 464)
(705, 465)
(705, 466)
(705, 467)
(705, 470)
(705, 471)
(705, 475)
(705, 482)
(705, 483)
(705, 541)
(705, 542)
(705, 556)
(705, 605)
(705, 774)
(705, 1230)
(705, 1231)
(705, 1596)
(705, 1681)
(705, 1684)
90, 196)
(690, 197)
(690, 198)
(690, 199)
(690, 200)
(690, 201)
(690, 202)
(690, 203)
(690, 218)
(690, 219)
(690, 220)
(690, 221)
(690, 223)
(690, 224)
(690, 225)
(690, 226)
(690, 227)
(690, 228)
(690, 229)
(690, 230)
(690, 231)
(690, 232)
(690, 233)
(690, 234)
(690, 235)
(690, 236)
(690, 237)
(690, 238)
(690, 239)
(690, 240)
(690, 241)
(690, 242)
(690, 243)
(690, 244)
(690, 245)
(690, 698)
(690, 699)
(690, 700)
(690, 701)
(690, 702)
(690, 703)
(690, 704)
(690, 705)
(690, 706)
(690, 707)
(690, 708)
(690, 709)
(690, 710)
(690, 711)
(690, 712)
(690, 951)
(690, 952)
(690, 953)
(690, 954)
(690, 955)
(690, 956)
(690, 957)
(690, 958)
(690, 959)
(690, 960)
(690, 961)
(690, 962)
(690, 963)
(690, 964)
(690, 965)
(690, 966)
(690, 967)
(690, 968)
(690, 969)
(690, 970)
(690, 971)
(690, 972)
(690, 973)
(690, 974)
(690, 975)
(690, 976)
(690, 983)
(690, 984)
(690, 985)
(690, 986)
(690, 987)
(690, 988)
(690, 989)
(690, 990)
(690, 991)
(690, 992)
(690, 993)
(690, 994)
(690, 1006)
(690, 1007)
(690, 1008)
(690, 1009)
(690, 1010)
(690, 1011)
(690, 1214)
(690, 1215)
(690, 1216)
(690, 1217)
(690, 1220)
(690, 1221)
(690, 1232)
(690, 1237)
(690, 1238)
(690, 1239)
(690, 1240)
(690, 1241)
(690, 1242)
(690, 1243)
(690, 1244)
(690, 1245)
(690, 1246)
(690, 1247)
(690, 1248)
(690, 1249)
(690, 1250)
(690, 1251)
(690, 1252)
(690, 1253)
(690, 1254)
(690, 1255)
(690, 1256)
(690, 1257)
(690, 1258)
(690, 1259)
(690, 1260)
(690, 1261)
(690, 1262)
(690, 1263)
(690, 1264)
(690, 1265)
(690, 1266)
(690, 1267)
(690, 1268)
(690, 1269)
(690, 1270)
(690, 1271)
(690, 1272)
(690, 1273)
(690, 1274)
(690, 1275)
(690, 1276)
(690, 1277)
(690, 1278)
(690, 1279)
(690, 1280)
(690, 1281)
(690, 1282)
(690, 1283)
(690, 1284)
(690, 1285)
(690, 1290)
(690, 1291)
(690, 1292)
(690, 1293)
(690, 1294)
(690, 1295)
(690, 1296)
(690, 1297)
(690, 1299)
(690, 1300)
(690, 1301)
(690, 1302)
(690, 1303)
(690, 1306)
(690, 1307)
(690, 1308)
(690, 1309)
(690, 1310)
(690, 1311)
(690, 1312)
(690, 1313)
(690, 1314)
(690, 1315)
(690, 1317)
(690, 1318)
(690, 1319)
(690, 1320)
(690, 1322)
(690, 1323)
(690, 1324)
(690, 1325)
(690, 1326)
(690, 1327)
(690, 1328)
(690, 1329)
(690, 1330)
(690, 1331)
(690, 1332)
(690, 1333)
(690, 1334)
(690, 1335)
(690, 1336)
(690, 1337)
(690, 1338)
(690, 1339)
(690, 1340)
(690, 1341)
(690, 1342)
(690, 1343)
(690, 1344)
(690, 1345)
(690, 1346)
(690, 1347)
(690, 1348)
(690, 1349)
(690, 1350)
(690, 1351)
(690, 1352)
(690, 1353)
(690, 1354)
(690, 1355)
(690, 1356)
(690, 1357)
(690, 1358)
(690, 1359)
(690, 1360)
(690, 1361)
(690, 1362)
(690, 1363)
(690, 1364)
(690, 1365)
(690, 1366)
(690, 1367)
(690, 1368)
(690, 1369)
(690, 1370)
(690, 1371)
(690, 1372)
(690, 1373)
(690, 1374)
(690, 1375)
(690, 1376)
(690, 1377)
(690, 1378)
(690, 1381)
(690, 1382)
(690, 1383)
(690, 1384)
(690, 1385)
(690, 1386)
(690, 1387)
(690, 1388)
(690, 1389)
(690, 1390)
(690, 1391)
(690, 1392)
(690, 1393)
(690, 1394)
(690, 1395)
(690, 1396)
(690, 1397)
(690, 1398)
(690, 1399)
(690, 1400)
(690, 1401)
(690, 1402)
(690, 1403)
(690, 1404)
(690, 1405)
(690, 1406)
(690, 1407)
(690, 1408)
(690, 1409)
(690, 1410)
(690, 1411)
(690, 1414)
(690, 1415)
(690, 1416)
(690, 1417)
(690, 1418)
(690, 1419)
(690, 1420)
(690, 1421)
(690, 1482)
(690, 1483)
(690, 1487)
(690, 1488)
(690, 1489)
(690, 1490)
(690, 1491)
(690, 1492)
(690, 1493)
(690, 1494)
(690, 1495)
(690, 1496)
(690, 1497)
(690, 1498)
(690, 1499)
(690, 1500)
(690, 1501)
(690, 1502)
(690, 1517)
(690, 1518)
(690, 1519)
(690, 1520)
(690, 1521)
(690, 1522)
(690, 1523)
(690, 1524)
(690, 1525)
(690, 1526)
(690, 1527)
(690, 1528)
(690, 1529)
(690, 1530)
(690, 1531)
(690, 1532)
(690, 1533)
(690, 1534)
(690, 1535)
(690, 1536)
(690, 1537)
(690, 1538)
(690, 1539)
(690, 1540)
(690, 1541)
(690, 1542)
(690, 1543)
(690, 1544)
(690, 1545)
(690, 1546)
(690, 1547)
(690, 1548)
(690, 1549)
(690, 1550)
(690, 1553)
(690, 1554)
(690, 1617)
(690, 1618)
(690, 1619)
(690, 1622)
(690, 1623)
(690, 1624)
(690, 1625)
(690, 1626)
(690, 1627)
(690, 1628)
(690, 1629)
(690, 1630)
(690, 1631)
(690, 1632)
(690, 1679)
(690, 1681)
(690, 1703)
(690, 1704)
(690, 1705)
(690, 1706)
(690, 1707)
(690, 1708)
(690, 1709)
(690, 1710)
(690, 1711)
(690, 1712)
(690, 1713)
(690, 1714)
(690, 1715)
(690, 1716)
(690, 1717)
(690, 1718)
(690, 1719)
(690, 1720)
(690, 1721)
(690, 1722)
(690, 1723)
(690, 1724)
(690, 1725)
(690, 1726)
(690, 1727)
(690, 1728)
(690, 1729)
(690, 1730)
(690, 1731)
(690, 1756)
(690, 1757)
(690, 1775)
(690, 1776)
(690, 1777)
(690, 1780)
(690, 1781)
(690, 1783)
(690, 1784)
(690, 1785)
(690, 1786)
(690, 1787)
(690, 1788)
(690, 1791)
(690, 1792)
(690, 1793)
(690, 1794)
(690, 1795)
(690, 1796)
(690, 1798)
(690, 1799)
(690, 1800)
(690, 1801)
(690, 1802)
(690, 1803)
(690, 1804)
(690, 1805)
(690, 1806)
(690, 1807)
(690, 1808)
(690, 1809)
(690, 1810)
(690, 1904)
(690, 1905)
(690, 1906)
(690, 1907)
(690, 1908)
(690, 1909)
(690, 1910)
(690, 1911)
(690, 1912)
(690, 1913)
(690, 1914)
(690, 1915)
(690, 1919)
(690, 1920)
(690, 1977)
(690, 1978)
(690, 1979)
(690, 1980)
(690, 1981)
(690, 1982)
(690, 1983)
(690, 1984)
(690, 1985)
(690, 1986)
(690, 1987)
(690, 1988)
(690, 1989)
(690, 1990)
(690, 1991)
(690, 1992)
(690, 1993)
(690, 2004)
(690, 2005)
(690, 2006)
(690, 2007)
(690, 2008)
(690, 2009)
(690, 2010)
(690, 2011)
(690, 2012)
(690, 2013)
(690, 2014)
(690, 2015)
(690, 2016)
(690, 2017)
(690, 2018)
(690, 2019)
(690, 2046)
(690, 2047)
(690, 2048)
(690, 2049)
(690, 2050)
(690, 2051)
(690, 2069)
(690, 2070)
(690, 2302)
(690, 2303)
(690, 2304)
(690, 2305)
(690, 2306)
(690, 2307)
(690, 2308)
(690, 2309)
(690, 2310)
(690, 2311)
(690, 2312)
(690, 2313)
(690, 2314)
(690, 2324)
(690, 2325)
(690, 2326)
(690, 2327)
(691, 141)
(691, 142)
(691, 143)
(691, 144)
(691, 145)
(691, 149)
(691, 150)
(691, 151)
(691, 152)
(691, 153)
(691, 154)
(691, 155)
(691, 156)
(691, 157)
(691, 158)
(691, 162)
(691, 163)
(691, 164)
(691, 165)
(691, 166)
(691, 167)
(691, 168)
(691, 169)
(691, 170)
(691, 171)
(691, 172)
(691, 173)
(691, 174)
(691, 175)
(691, 176)
(691, 177)
(691, 178)
(691, 179)
(691, 180)
(691, 181)
(691, 182)
(691, 183)
(691, 184)
(691, 185)
(691, 186)
(691, 187)
(691, 188)
(691, 204)
(691, 205)
(691, 206)
(691, 207)
(691, 208)
(691, 209)
(691, 210)
(691, 211)
(691, 212)
(691, 213)
(691, 214)
(691, 215)
(691, 216)
(691, 217)
(691, 222)
(691, 977)
(691, 978)
(691, 979)
(691, 980)
(691, 981)
(691, 982)
(691, 1218)
(691, 1219)
(691, 1222)
(691, 1223)
(691, 1224)
(691, 1225)
(691, 1226)
(691, 1227)
(691, 1228)
(691, 1229)
(691, 1230)
(691, 1231)
(691, 1233)
(691, 1234)
(691, 1235)
(691, 1236)
(691, 1286)
(691, 1287)
(691, 1288)
(691, 1289)
(691, 1298)
(691, 1304)
(691, 1305)
(691, 1316)
(691, 1321)
(691, 1379)
(691, 1380)
(691, 1412)
(691, 1413)
(691, 1422)
(691, 1423)
(691, 1424)
(691, 1425)
(691, 1426)
(691, 1427)
(691, 1428)
(691, 1429)
(691, 1430)
(691, 1431)
(691, 1432)
(691, 1433)
(691, 1434)
(691, 1435)
(691, 1436)
(691, 1437)
(691, 1438)
(691, 1439)
(691, 1440)
(691, 1441)
(691, 1442)
(691, 1443)
(691, 1444)
(691, 1445)
(691, 1446)
(691, 1447)
(691, 1448)
(691, 1449)
(691, 1450)
(691, 1451)
(691, 1452)
(691, 1453)
(691, 1454)
(691, 1455)
(691, 1456)
(691, 1457)
(691, 1458)
(691, 1459)
(691, 1460)
(691, 1461)
(691, 1462)
(691, 1463)
(691, 1464)
(691, 1465)
(691, 1466)
(691, 1467)
(691, 1468)
(691, 1469)
(691, 1470)
(691, 1471)
(691, 1472)
(691, 1473)
(691, 1474)
(691, 1475)
(691, 1476)
(691, 1480)
(691, 1481)
(691, 1484)
(691, 1485)
(691, 1486)
(691, 1551)
(691, 1552)
(691, 1555)
(691, 1556)
(691, 1557)
(691, 1558)
(691, 1559)
(691, 1560)
(691, 1561)
(691, 1562)
(691, 1563)
(691, 1564)
(691, 1565)
(691, 1566)
(691, 1567)
(691, 1568)
(691, 1569)
(691, 1570)
(691, 1571)
(691, 1572)
(691, 1573)
(691, 1574)
(691, 1575)
(691, 1576)
(691, 1577)
(691, 1578)
(691, 1595)
(691, 1596)
(691, 1598)
(691, 1608)
(691, 1609)
(691, 1610)
(691, 1611)
(691, 1612)
(691, 1613)
(691, 1614)
(691, 1615)
(691, 1616)
(691, 1620)
(691, 1621)
(691, 1789)
(691, 1790)
(691, 1797)
(691, 1994)
(691, 1995)
(691, 1996)
(691, 1997)
(691, 1998)
(691, 1999)
(691, 2000)
(691, 2001)
(691, 2002)
(691, 2003)
(692, 1579)
(692, 1580)
(692, 1581)
(692, 1582)
(692, 1583)
(692, 1584)
(692, 1585)
(692, 1586)
(692, 1587)
(692, 1588)
(692, 1589)
(692, 1590)
(692, 1591)
(692, 1592)
(692, 1593)
(692, 1594)
(692, 1597)
(692, 1599)
(692, 1600)
(692, 1601)
(692, 1602)
(692, 1603)
(692, 1604)
(692, 1605)
(692, 1606)
(692, 1607)
(711, 1235)
(712, 1233)
(712, 1234)
(714, 684)
(714, 685)
(714, 686)
(714, 1232)
(716, 125)
(716, 1777)
(717, 127)
(717, 1229)
(717, 1231)
(718, 126)
(718, 128)
(718, 944)
(718, 1227)
(718, 1228)
(718, 1230)
(719, 679)
(719, 680)
(719, 946)
(719, 1226)
(720, 945)
(721, 947)
(723, 674)
(724, 676)
(725, 675)
(739, 438)
(739, 439)
(739, 440)
(739, 441)
(739, 442)
(739, 443)
(739, 444)
(739, 445)
(740, 432)
(740, 433)
(740, 434)
(740, 435)
(740, 436)
(740, 437)
(740, 446)
(740, 447)
(740, 448)
(740, 449)
(740, 450)
(741, 424)
(741, 425)
(741, 426)
(741, 427)
(741, 428)
(741, 429)
(741, 430)
(741, 431)
(741, 451)
(741, 452)
(742, 453)
(742, 454)
(742, 455)
(743, 410)
(743, 411)
(743, 412)
(743, 456)
(743, 457)
(743, 458)
(744, 389)
(744, 390)
(744, 391)
(744, 392)
(744, 393)
(744, 394)
(744, 395)
(744, 459)
(744, 460)
(744, 461)
(744, 462)
(744, 463)
(744, 464)
(744, 465)
(744, 466)
(744, 467)
(744, 468)
(744, 469)
(744, 470)
(745, 385)
(745, 386)
(745, 387)
(745, 388)
(745, 396)
(745, 397)
(745, 398)
(745, 399)
(745, 400)
(745, 401)
(745, 402)
(745, 403)
(745, 404)
(745, 405)
(745, 406)
(745, 407)
(745, 471)
(745, 472)
(745, 473)
(745, 474)
(745, 475)
(746, 320)
(746, 332)
(746, 333)
(746, 334)
(746, 335)
(746, 336)
(746, 337)
(746, 338)
(746, 339)
(746, 340)
(746, 341)
(746, 342)
(746, 376)
(746, 377)
(746, 378)
(746, 379)
(746, 380)
(746, 381)
(746, 382)
(746, 383)
(746, 384)
(746, 476)
(746, 477)
(746, 478)
(746, 479)
(746, 480)
(746, 481)
(746, 482)
(746, 483)
(747, 312)
(747, 313)
(747, 314)
(747, 315)
(747, 316)
(747, 317)
(747, 321)
(747, 322)
(747, 323)
(747, 343)
(747, 344)
(747, 370)
(747, 371)
(747, 372)
(747, 373)
(747, 374)
(747, 375)
(747, 484)
(747, 485)
(747, 486)
(748, 302)
(748, 305)
(748, 306)
(748, 307)
(748, 308)
(748, 309)
(748, 310)
(748, 311)
(748, 345)
(748, 346)
(748, 367)
(748, 368)
(748, 369)
(748, 487)
(748, 488)
(748, 489)
(749, 303)
(749, 304)
(749, 347)
(749, 348)
(749, 366)
(749, 490)
(750, 299)
(750, 300)
(750, 301)
(750, 349)
(750, 364)
(750, 365)
(750, 491)
(750, 492)
(751, 296)
(751, 297)
(751, 298)
(751, 350)
(751, 351)
(751, 361)
(751, 362)
(751, 363)
(751, 493)
(751, 494)
(751, 495)
(751, 496)
(751, 497)
(752, 292)
(752, 293)
(752, 294)
(752, 295)
(752, 352)
(752, 357)
(752, 358)
(752, 359)
(752, 360)
(752, 501)
(752, 502)
(752, 504)
(753, 287)
(753, 288)
(753, 289)
(753, 290)
(753, 291)
(753, 353)
(753, 354)
(753, 355)
(753, 356)
(753, 503)
(754, 283)
(754, 284)
(754, 285)
(754, 286)
(754, 505)
(754, 506)
(754, 509)
(755, 274)
(755, 275)
(755, 276)
(755, 277)
(755, 278)
(755, 279)
(755, 280)
(755, 281)
(755, 282)
(755, 507)
(755, 508)
(755, 515)
(756, 270)
(756, 271)
(756, 272)
(756, 273)
(756, 510)
(756, 511)
(756, 512)
(756, 513)
(756, 514)
(757, 264)
(757, 265)
(757, 266)
(757, 267)
(757, 268)
(757, 269)
(757, 516)
(757, 517)
(757, 518)
(757, 519)
(757, 520)
(758, 258)
(758, 259)
(758, 260)
(758, 261)
(758, 262)
(758, 263)
(758, 521)
(758, 522)
(758, 523)
(758, 524)
(758, 525)
(758, 526)
(758, 527)
(758, 528)
(758, 529)
(758, 530)
(758, 531)
(758, 532)
(758, 533)
(759, 250)
(759, 251)
(759, 252)
(759, 253)
(759, 254)
(759, 255)
(759, 256)
(759, 257)
(759, 534)
(759, 535)
(759, 536)
(760, 246)
(760, 247)
(760, 248)
(760, 249)
(760, 537)
(760, 538)
(760, 539)
(760, 540)
(760, 2316)
(760, 2317)
(760, 2318)
(761, 244)
(761, 245)
(761, 541)
(761, 542)
(761, 2307)
(761, 2308)
(761, 2309)
(761, 2310)
(761, 2311)
(761, 2312)
(761, 2313)
(761, 2314)
(761, 2315)
(761, 2319)
(761, 2320)
(761, 2321)
(761, 2322)
(761, 2323)
(761, 2324)
(761, 2325)
(761, 2326)
(761, 2327)
(762, 240)
(762, 241)
(762, 242)
(762, 243)
(762, 543)
(762, 544)
(762, 1160)
(762, 1161)
(762, 1162)
(762, 1163)
(762, 1164)
(762, 1165)
(762, 1166)
(762, 1167)
(762, 1168)
(762, 1169)
(762, 1170)
(762, 1171)
(762, 1172)
(762, 1173)
(762, 1219)
(762, 1220)
(762, 2302)
(762, 2303)
(762, 2304)
(762, 2305)
(762, 2306)
(763, 20)
(763, 21)
(763, 237)
(763, 238)
(763, 239)
(763, 545)
(763, 1157)
(763, 1158)
(763, 1159)
(763, 1174)
(763, 1175)
(763, 1176)
(763, 1201)
(763, 1202)
(763, 1203)
(763, 1204)
(763, 1205)
(763, 1206)
(763, 1207)
(763, 1208)
(763, 1209)
(763, 1210)
(763, 1211)
(763, 1212)
(763, 1213)
(763, 1214)
(763, 1215)
(763, 1216)
(763, 1217)
(763, 1218)
(763, 1221)
(763, 1222)
(763, 1223)
(763, 1224)
(763, 1225)
(763, 1226)
(763, 1227)
(763, 1228)
(763, 2293)
(763, 2294)
(763, 2295)
(763, 2296)
(763, 2297)
(763, 2298)
(763, 2299)
(763, 2300)
(763, 2301)
(764, 233)
(764, 234)
(764, 235)
(764, 236)
(764, 546)
(764, 547)
(764, 1154)
(764, 1155)
(764, 1156)
(764, 1177)
(764, 1178)
(764, 1199)
(764, 1200)
(764, 1229)
(764, 1230)
(764, 1231)
(764, 1232)
(764, 2290)
(764, 2291)
(764, 2292)
(765, 22)
(765, 185)
(765, 186)
(765, 187)
(765, 188)
(765, 189)
(765, 190)
(765, 216)
(765, 217)
(765, 232)
(765, 548)
(765, 549)
(765, 1151)
(765, 1152)
(765, 1153)
(765, 1179)
(765, 1180)
(765, 1195)
(765, 1196)
(765, 1197)
(765, 1198)
(765, 1234)
(765, 1235)
(765, 1236)
(765, 1237)
(765, 1238)
(765, 1239)
(765, 2287)
(765, 2288)
(765, 2289)
(766, 179)
(766, 180)
(766, 181)
(766, 182)
(766, 183)
(766, 184)
(766, 191)
(766, 192)
(766, 214)
(766, 215)
(766, 218)
(766, 219)
(766, 220)
(766, 230)
(766, 231)
(766, 550)
(766, 551)
(766, 1148)
(766, 1149)
(766, 1150)
(766, 1181)
(766, 1182)
(766, 1183)
(766, 1184)
(766, 1191)
(766, 1192)
(766, 1193)
(766, 1194)
(766, 1240)
(766, 1241)
(766, 1242)
(766, 1243)
(766, 1244)
(766, 1501)
(766, 1502)
(766, 1503)
(766, 1504)
(766, 1505)
(766, 1506)
(766, 2286)
(767, 23)
(767, 177)
(767, 178)
(767, 193)
(767, 194)
(767, 195)
(767, 196)
(767, 208)
(767, 209)
(767, 210)
(767, 211)
(767, 212)
(767, 213)
(767, 221)
(767, 222)
(767, 229)
(767, 334)
(767, 552)
(767, 553)
(767, 554)
(767, 1143)
(767, 1144)
(767, 1145)
(767, 1146)
(767, 1147)
(767, 1185)
(767, 1186)
(767, 1187)
(767, 1188)
(767, 1189)
(767, 1190)
(767, 1245)
(767, 1246)
(767, 1247)
(767, 1248)
(767, 1249)
(767, 1250)
(767, 1251)
(767, 1268)
(767, 1269)
(767, 1270)
(767, 1271)
(767, 1272)
(767, 1273)
(767, 1274)
(767, 1275)
(767, 1276)
(767, 1292)
(767, 1293)
(767, 1294)
(767, 1295)
(767, 1296)
(767, 1297)
(767, 1492)
(767, 1493)
(767, 1494)
(767, 1495)
(767, 1496)
(767, 1497)
(767, 1498)
(767, 1499)
(767, 1500)
(767, 1510)
(767, 2180)
(767, 2181)
(767, 2182)
(767, 2183)
(767, 2184)
(767, 2185)
(767, 2186)
(767, 2187)
(767, 2188)
(767, 2189)
(767, 2190)
(767, 2191)
(767, 2192)
(767, 2193)
(767, 2194)
(767, 2195)
(767, 2196)
(767, 2197)
(767, 2198)
(767, 2199)
(767, 2200)
(767, 2201)
(767, 2202)
(767, 2284)
(767, 2285)
(768, 174)
(768, 175)
(768, 176)
(768, 197)
(768, 198)
(768, 199)
(768, 200)
(768, 201)
(768, 202)
(768, 203)
(768, 204)
(768, 205)
(768, 206)
(768, 207)
(768, 223)
(768, 224)
(768, 225)
(768, 226)
(768, 333)
(768, 335)
(768, 555)
(768, 556)
(768, 557)
(768, 558)
(768, 1014)
(768, 1015)
(768, 1016)
(768, 1017)
(768, 1018)
(768, 1019)
(768, 1020)
(768, 1021)
(768, 1022)
(768, 1023)
(768, 1024)
(768, 1025)
(768, 1026)
(768, 1027)
(768, 1127)
(768, 1128)
(768, 1129)
(768, 1130)
(768, 1131)
(768, 1132)
(768, 1133)
(768, 1134)
(768, 1135)
(768, 1136)
(768, 1137)
(768, 1138)
(768, 1139)
(768, 1140)
(768, 1141)
(768, 1252)
(768, 1253)
(768, 1254)
(768, 1255)
(768, 1256)
(768, 1257)
(768, 1258)
(768, 1259)
(768, 1260)
(768, 1261)
(768, 1262)
(768, 1263)
(768, 1264)
(768, 1265)
(768, 1266)
(768, 1267)
(768, 1277)
(768, 1278)
(768, 1279)
(768, 1280)
(768, 1281)
(768, 1282)
(768, 1283)
(768, 1284)
(768, 1285)
(768, 1286)
(768, 1287)
(768, 1288)
(768, 1289)
(768, 1290)
(768, 1291)
(768, 1298)
(768, 1299)
(768, 1300)
(768, 1301)
(768, 1302)
(768, 1303)
(768, 1304)
(768, 1305)
(768, 1306)
(768, 1307)
(768, 1308)
(768, 1309)
(768, 1310)
(768, 1311)
(768, 1312)
(768, 1486)
(768, 1487)
(768, 1488)
(768, 1489)
(768, 1490)
(768, 1491)
(768, 1509)
(768, 1511)
(768, 1512)
(768, 1513)
(768, 1514)
(768, 2162)
(768, 2163)
(768, 2164)
(768, 2165)
(768, 2166)
(768, 2167)
(768, 2168)
(768, 2169)
(768, 2170)
(768, 2171)
(768, 2172)
(768, 2173)
(768, 2174)
(768, 2175)
(768, 2176)
(768, 2177)
(768, 2178)
(768, 2179)
(768, 2203)
(768, 2204)
(768, 2205)
(768, 2206)
(768, 2207)
(768, 2208)
(768, 2209)
(768, 2279)
(768, 2280)
(768, 2281)
(768, 2282)
(768, 2283)
(769, 141)
(769, 142)
(769, 143)
(769, 172)
(769, 173)
(769, 559)
(769, 560)
(769, 561)
(769, 570)
(769, 571)
(769, 572)
(769, 573)
(769, 574)
(769, 990)
(769, 991)
(769, 992)
(769, 993)
(769, 994)
(769, 995)
(769, 996)
(769, 997)
(769, 998)
(769, 999)
(769, 1000)
(769, 1001)
(769, 1002)
(769, 1003)
(769, 1004)
(769, 1005)
(769, 1006)
(769, 1007)
(769, 1008)
(769, 1009)
(769, 1010)
(769, 1011)
(769, 1012)
(769, 1013)
(769, 1028)
(769, 1029)
(769, 1030)
(769, 1031)
(769, 1032)
(769, 1033)
(769, 1034)
(769, 1035)
(769, 1036)
(769, 1037)
(769, 1108)
(769, 1109)
(769, 1110)
(769, 1111)
(769, 1112)
(769, 1113)
(769, 1114)
(769, 1115)
(769, 1116)
(769, 1117)
(769, 1118)
(769, 1119)
(769, 1120)
(769, 1121)
(769, 1122)
(769, 1123)
(769, 1124)
(769, 1125)
(769, 1126)
(769, 1313)
(769, 1314)
(769, 1315)
(769, 1316)
(769, 1317)
(769, 1318)
(769, 1319)
(769, 1320)
(769, 1321)
(769, 1322)
(769, 1323)
(769, 1325)
(769, 1326)
(769, 1327)
(769, 1328)
(769, 1329)
(769, 1330)
(769, 1331)
(769, 1332)
(769, 1333)
(769, 1334)
(769, 1335)
(769, 1336)
(769, 1337)
(769, 1338)
(769, 1339)
(769, 1340)
(769, 1341)
(769, 1342)
(769, 1343)
(769, 1344)
(769, 1345)
(769, 1346)
(769, 1384)
(769, 1385)
(769, 1386)
(769, 1387)
(769, 1388)
(769, 1389)
(769, 1464)
(769, 1465)
(769, 1466)
(769, 1467)
(769, 1468)
(769, 1469)
(769, 1470)
(769, 1471)
(769, 1472)
(769, 1473)
(769, 1474)
(769, 1475)
(769, 1476)
(769, 1477)
(769, 1478)
(769, 1479)
(769, 1480)
(769, 1481)
(769, 1482)
(769, 1483)
(769, 1484)
(769, 1485)
(769, 1515)
(769, 1516)
(769, 1517)
(769, 1518)
(769, 1526)
(769, 1527)
(769, 1528)
(769, 1529)
(769, 2142)
(769, 2143)
(769, 2144)
(769, 2145)
(769, 2148)
(769, 2149)
(769, 2150)
(769, 2151)
(769, 2152)
(769, 2153)
(769, 2154)
(769, 2155)
(769, 2156)
(769, 2157)
(769, 2158)
(769, 2159)
(769, 2160)
(769, 2161)
(769, 2210)
(769, 2211)
(769, 2212)
(769, 2213)
(769, 2214)
(769, 2215)
(769, 2216)
(769, 2272)
(769, 2273)
(769, 2274)
(769, 2275)
(769, 2276)
(769, 2277)
(769, 2278)
(770, 144)
(770, 160)
(770, 161)
(770, 170)
(770, 171)
(770, 562)
(770, 563)
(770, 564)
(770, 565)
(770, 566)
(770, 567)
(770, 568)
(770, 569)
(770, 575)
(770, 576)
(770, 577)
(770, 578)
(770, 579)
(770, 580)
(770, 581)
(770, 582)
(770, 583)
(770, 979)
(770, 980)
(770, 981)
(770, 982)
(770, 983)
(770, 984)
(770, 985)
(770, 986)
(770, 987)
(770, 988)
(770, 989)
(770, 1038)
(770, 1039)
(770, 1040)
(770, 1041)
(770, 1042)
(770, 1043)
(770, 1044)
(770, 1045)
(770, 1046)
(770, 1047)
(770, 1048)
(770, 1049)
(770, 1093)
(770, 1094)
(770, 1095)
(770, 1096)
(770, 1097)
(770, 1098)
(770, 1099)
(770, 1100)
(770, 1101)
(770, 1102)
(770, 1103)
(770, 1104)
(770, 1105)
(770, 1106)
(770, 1107)
(770, 1347)
(770, 1348)
(770, 1349)
(770, 1350)
(770, 1351)
(770, 1352)
(770, 1353)
(770, 1354)
(770, 1355)
(770, 1356)
(770, 1357)
(770, 1358)
(770, 1359)
(770, 1360)
(770, 1361)
(770, 1362)
(770, 1363)
(770, 1365)
(770, 1366)
(770, 1367)
(770, 1368)
(770, 1369)
(770, 1370)
(770, 1371)
(770, 1372)
(770, 1373)
(770, 1374)
(770, 1375)
(770, 1376)
(770, 1377)
(770, 1378)
(770, 1379)
(770, 1380)
(770, 1381)
(770, 1382)
(770, 1383)
(770, 1390)
(770, 1391)
(770, 1392)
(770, 1393)
(770, 1394)
(770, 1395)
(770, 1396)
(770, 1397)
(770, 1398)
(770, 1399)
(770, 1400)
(770, 1401)
(770, 1402)
(770, 1403)
(770, 1404)
(770, 1405)
(770, 1406)
(770, 1407)
(770, 1408)
(770, 1409)
(770, 1410)
(770, 1411)
(770, 1412)
(770, 1443)
(770, 1444)
(770, 1445)
(770, 1446)
(770, 1447)
(770, 1448)
(770, 1449)
(770, 1450)
(770, 1451)
(770, 1452)
(770, 1460)
(770, 1461)
(770, 1462)
(770, 1463)
(770, 1519)
(770, 1520)
(770, 1521)
(770, 1522)
(770, 1523)
(770, 1524)
(770, 1525)
(770, 1530)
(770, 1531)
(770, 1532)
(770, 1533)
(770, 1534)
(770, 1535)
(770, 1536)
(770, 1537)
(770, 1538)
(770, 1539)
(770, 1589)
(770, 1590)
(770, 1592)
(770, 1593)
(770, 1594)
(770, 1807)
(770, 1808)
(770, 1809)
(770, 1810)
(770, 1811)
(770, 1812)
(770, 1813)
(770, 1814)
(770, 1815)
(770, 1816)
(770, 1817)
(770, 1818)
(770, 1819)
(770, 1820)
(770, 1821)
(770, 1822)
(770, 1823)
(770, 1827)
(770, 1828)
(770, 1829)
(770, 1830)
(770, 1831)
(770, 1832)
(770, 1833)
(770, 1834)
(770, 1835)
(770, 1836)
(770, 1837)
(770, 1838)
(770, 2015)
(770, 2016)
(770, 2017)
(770, 2018)
(770, 2019)
(770, 2020)
(770, 2021)
(770, 2022)
(770, 2023)
(770, 2024)
(770, 2025)
(770, 2026)
(770, 2027)
(770, 2028)
(770, 2029)
(770, 2030)
(770, 2031)
(770, 2032)
(770, 2033)
(770, 2034)
(770, 2035)
(770, 2036)
(770, 2037)
(770, 2038)
(770, 2039)
(770, 2136)
(770, 2137)
(770, 2138)
(770, 2139)
(770, 2140)
(770, 2141)
(770, 2217)
(770, 2218)
(770, 2219)
(770, 2220)
(770, 2221)
(770, 2222)
(770, 2223)
(770, 2235)
(770, 2236)
(770, 2237)
(770, 2239)
(770, 2240)
(770, 2241)
(770, 2242)
(770, 2243)
(770, 2244)
(770, 2245)
(770, 2246)
(770, 2247)
(770, 2248)
(770, 2249)
(770, 2250)
(770, 2251)
(770, 2252)
(770, 2253)
(770, 2254)
(770, 2255)
(770, 2256)
(770, 2257)
(770, 2258)
(770, 2259)
(770, 2260)
(770, 2261)
(770, 2262)
(770, 2263)
(770, 2264)
(770, 2265)
(770, 2266)
(770, 2267)
(770, 2268)
(770, 2271)
(771, 145)
(771, 146)
(771, 147)
(771, 148)
(771, 156)
(771, 157)
(771, 158)
(771, 159)
(771, 162)
(771, 163)
(771, 164)
(771, 165)
(771, 166)
(771, 167)
(771, 168)
(771, 169)
(771, 584)
(771, 585)
(771, 968)
(771, 969)
(771, 970)
(771, 971)
(771, 972)
(771, 973)
(771, 974)
(771, 975)
(771, 976)
(771, 977)
(771, 978)
(771, 1051)
(771, 1052)
(771, 1053)
(771, 1054)
(771, 1055)
(771, 1056)
(771, 1057)
(771, 1058)
(771, 1059)
(771, 1060)
(771, 1061)
(771, 1062)
(771, 1063)
(771, 1064)
(771, 1065)
(771, 1087)
(771, 1088)
(771, 1089)
(771, 1090)
(771, 1091)
(771, 1092)
(771, 1364)
(771, 1413)
(771, 1414)
(771, 1417)
(771, 1418)
(771, 1419)
(771, 1420)
(771, 1421)
(771, 1422)
(771, 1431)
(771, 1432)
(771, 1433)
(771, 1434)
(771, 1435)
(771, 1436)
(771, 1437)
(771, 1438)
(771, 1439)
(771, 1440)
(771, 1441)
(771, 1442)
(771, 1453)
(771, 1454)
(771, 1455)
(771, 1456)
(771, 1457)
(771, 1458)
(771, 1459)
(771, 1540)
(771, 1541)
(771, 1542)
(771, 1543)
(771, 1544)
(771, 1545)
(771, 1546)
(771, 1547)
(771, 1548)
(771, 1549)
(771, 1550)
(771, 1563)
(771, 1564)
(771, 1565)
(771, 1566)
(771, 1567)
(771, 1568)
(771, 1569)
(771, 1570)
(771, 1571)
(771, 1572)
(771, 1573)
(771, 1574)
(771, 1575)
(771, 1576)
(771, 1577)
(771, 1578)
(771, 1579)
(771, 1580)
(771, 1581)
(771, 1582)
(771, 1583)
(771, 1584)
(771, 1585)
(771, 1586)
(771, 1587)
(771, 1588)
(771, 1591)
(771, 1595)
(771, 1596)
(771, 1597)
(771, 1598)
(771, 1600)
(771, 1606)
(771, 1607)
(771, 1608)
(771, 1609)
(771, 1610)
(771, 1611)
(771, 1612)
(771, 1613)
(771, 1614)
(771, 1615)
(771, 1616)
(771, 1617)
(771, 1618)
(771, 1619)
(771, 1620)
(771, 1621)
(771, 1622)
(771, 1623)
(771, 1624)
(771, 1625)
(771, 1626)
(771, 1627)
(771, 1750)
(771, 1751)
(771, 1752)
(771, 1753)
(771, 1754)
(771, 1755)
(771, 1756)
(771, 1757)
(771, 1758)
(771, 1759)
(771, 1760)
(771, 1761)
(771, 1762)
(771, 1763)
(771, 1764)
(771, 1765)
(771, 1766)
(771, 1767)
(771, 1768)
(771, 1769)
(771, 1770)
(771, 1771)
(771, 1772)
(771, 1773)
(771, 1774)
(771, 1775)
(771, 1776)
(771, 1777)
(771, 1778)
(771, 1779)
(771, 1780)
(771, 1781)
(771, 1782)
(771, 1783)
(771, 1784)
(771, 1785)
(771, 1786)
(771, 1787)
(771, 1788)
(771, 1789)
(771, 1790)
(771, 1791)
(771, 1792)
(771, 1793)
(771, 1794)
(771, 1795)
(771, 1796)
(771, 1797)
(771, 1798)
(771, 1799)
(771, 1800)
(771, 1801)
(771, 1802)
(771, 1803)
(771, 1804)
(771, 1805)
(771, 1806)
(771, 1824)
(771, 1825)
(771, 1826)
(771, 1839)
(771, 1840)
(771, 1841)
(771, 1842)
(771, 1843)
(771, 1844)
(771, 1845)
(771, 1846)
(771, 1847)
(771, 1848)
(771, 1849)
(771, 1850)
(771, 1851)
(771, 1852)
(771, 1853)
(771, 1854)
(771, 1855)
(771, 1856)
(771, 1857)
(771, 1858)
(771, 1859)
(771, 1860)
(771, 1861)
(771, 1862)
(771, 1863)
(771, 1864)
(771, 1865)
(771, 1866)
(771, 1867)
(771, 1868)
(771, 1869)
(771, 1870)
(771, 1871)
(771, 1872)
(771, 1873)
(771, 1877)
(771, 1878)
(771, 1879)
(771, 1880)
(771, 1892)
(771, 1893)
(771, 1962)
(771, 1963)
(771, 1966)
(771, 1982)
(771, 1983)
(771, 1984)
(771, 1985)
(771, 1986)
(771, 1987)
(771, 1988)
(771, 1989)
(771, 1990)
(771, 1991)
(771, 1992)
(771, 1993)
(771, 1994)
(771, 1995)
(771, 1996)
(771, 1997)
(771, 1998)
(771, 1999)
(771, 2000)
(771, 2001)
(771, 2002)
(771, 2003)
(771, 2004)
(771, 2005)
(771, 2006)
(771, 2007)
(771, 2008)
(771, 2009)
(771, 2010)
(771, 2011)
(771, 2012)
(771, 2013)
(771, 2014)
(771, 2040)
(771, 2041)
(771, 2042)
(771, 2043)
(771, 2044)
(771, 2045)
(771, 2046)
(771, 2047)
(771, 2048)
(771, 2049)
(771, 2050)
(771, 2051)
(771, 2052)
(771, 2053)
(771, 2054)
(771, 2055)
(771, 2056)
(771, 2057)
(771, 2058)
(771, 2059)
(771, 2060)
(771, 2061)
(771, 2062)
(771, 2063)
(771, 2064)
(771, 2127)
(771, 2128)
(771, 2129)
(771, 2130)
(771, 2131)
(771, 2132)
(771, 2133)
(771, 2134)
(771, 2135)
(771, 2224)
(771, 2225)
(771, 2226)
(771, 2227)
(771, 2228)
(771, 2229)
(771, 2230)
(771, 2231)
(771, 2232)
(771, 2233)
(771, 2234)
(771, 2238)
(772, 149)
(772, 150)
(772, 151)
(772, 152)
(772, 153)
(772, 154)
(772, 155)
(772, 586)
(772, 587)
(772, 588)
(772, 966)
(772, 967)
(772, 1050)
(772, 1066)
(772, 1067)
(772, 1068)
(772, 1069)
(772, 1079)
(772, 1080)
(772, 1081)
(772, 1082)
(772, 1083)
(772, 1084)
(772, 1085)
(772, 1086)
(772, 1423)
(772, 1424)
(772, 1425)
(772, 1426)
(772, 1427)
(772, 1428)
(772, 1429)
(772, 1430)
(772, 1551)
(772, 1552)
(772, 1553)
(772, 1554)
(772, 1555)
(772, 1556)
(772, 1557)
(772, 1558)
(772, 1559)
(772, 1560)
(772, 1561)
(772, 1562)
(772, 1601)
(772, 1602)
(772, 1603)
(772, 1604)
(772, 1605)
(772, 1628)
(772, 1629)
(772, 1630)
(772, 1631)
(772, 1632)
(772, 1633)
(772, 1634)
(772, 1635)
(772, 1636)
(772, 1637)
(772, 1638)
(772, 1639)
(772, 1640)
(772, 1641)
(772, 1667)
(772, 1668)
(772, 1669)
(772, 1670)
(772, 1671)
(772, 1672)
(772, 1673)
(772, 1678)
(772, 1679)
(772, 1680)
(772, 1732)
(772, 1733)
(772, 1734)
(772, 1735)
(772, 1736)
(772, 1737)
(772, 1738)
(772, 1739)
(772, 1740)
(772, 1741)
(772, 1742)
(772, 1743)
(772, 1744)
(772, 1745)
(772, 1746)
(772, 1747)
(772, 1748)
(772, 1749)
(772, 1876)
(772, 1881)
(772, 1882)
(772, 1883)
(772, 1884)
(772, 1885)
(772, 1886)
(772, 1887)
(772, 1888)
(772, 1889)
(772, 1890)
(772, 1891)
(772, 1894)
(772, 1895)
(772, 1896)
(772, 1897)
(772, 1898)
(772, 1899)
(772, 1900)
(772, 1901)
(772, 1902)
(772, 1903)
(772, 1943)
(772, 1944)
(772, 1945)
(772, 1946)
(772, 1947)
(772, 1948)
(772, 1949)
(772, 1950)
(772, 1951)
(772, 1952)
(772, 1953)
(772, 1954)
(772, 1955)
(772, 1956)
(772, 1957)
(772, 1958)
(772, 1959)
(772, 1960)
(772, 1961)
(772, 1967)
(772, 1968)
(772, 1969)
(772, 1970)
(772, 1971)
(772, 1972)
(772, 1973)
(772, 1974)
(772, 1975)
(772, 1976)
(772, 1977)
(772, 1978)
(772, 1979)
(772, 1980)
(772, 1981)
(772, 2065)
(772, 2066)
(772, 2067)
(772, 2068)
(772, 2069)
(772, 2070)
(772, 2071)
(772, 2072)
(772, 2073)
(772, 2074)
(772, 2075)
(772, 2076)
(772, 2077)
(772, 2078)
(772, 2079)
(772, 2080)
(772, 2081)
(772, 2082)
(772, 2083)
(772, 2084)
(772, 2085)
(772, 2086)
(772, 2087)
(772, 2088)
(772, 2089)
(772, 2090)
(772, 2091)
(772, 2092)
(772, 2093)
(772, 2094)
(772, 2095)
(772, 2096)
(772, 2097)
(772, 2098)
(772, 2099)
(772, 2123)
(772, 2124)
(772, 2125)
(772, 2126)
(773, 589)
(773, 590)
(773, 683)
(773, 960)
(773, 961)
(773, 962)
(773, 963)
(773, 1070)
(773, 1071)
(773, 1072)
(773, 1073)
(773, 1074)
(773, 1075)
(773, 1076)
(773, 1077)
(773, 1078)
(773, 1642)
(773, 1643)
(773, 1644)
(773, 1645)
(773, 1646)
(773, 1647)
(773, 1648)
(773, 1649)
(773, 1650)
(773, 1651)
(773, 1652)
(773, 1653)
(773, 1654)
(773, 1655)
(773, 1656)
(773, 1657)
(773, 1658)
(773, 1659)
(773, 1660)
(773, 1661)
(773, 1662)
(773, 1663)
(773, 1664)
(773, 1665)
(773, 1666)
(773, 1674)
(773, 1675)
(773, 1676)
(773, 1677)
(773, 1681)
(773, 1682)
(773, 1683)
(773, 1684)
(773, 1685)
(773, 1686)
(773, 1687)
(773, 1688)
(773, 1689)
(773, 1690)
(773, 1692)
(773, 1693)
(773, 1694)
(773, 1695)
(773, 1696)
(773, 1697)
(773, 1698)
(773, 1699)
(773, 1700)
(773, 1701)
(773, 1702)
(773, 1703)
(773, 1704)
(773, 1705)
(773, 1706)
(773, 1707)
(773, 1708)
(773, 1709)
(773, 1710)
(773, 1711)
(773, 1712)
(773, 1713)
(773, 1714)
(773, 1715)
(773, 1716)
(773, 1717)
(773, 1718)
(773, 1719)
(773, 1720)
(773, 1721)
(773, 1722)
(773, 1723)
(773, 1724)
(773, 1725)
(773, 1726)
(773, 1727)
(773, 1728)
(773, 1729)
(773, 1730)
(773, 1731)
(773, 1904)
(773, 1905)
(773, 1906)
(773, 1907)
(773, 1908)
(773, 1909)
(773, 1910)
(773, 1911)
(773, 1912)
(773, 1913)
(773, 1914)
(773, 1915)
(773, 1916)
(773, 1917)
(773, 1918)
(773, 1919)
(773, 1920)
(773, 1921)
(773, 1922)
(773, 1923)
(773, 1924)
(773, 1925)
(773, 1926)
(773, 1927)
(773, 1928)
(773, 1929)
(773, 1930)
(773, 1931)
(773, 1932)
(773, 1933)
(773, 1934)
(773, 1935)
(773, 1936)
(773, 1937)
(773, 1938)
(773, 1939)
(773, 1940)
(773, 1941)
(773, 1942)
(773, 2100)
(773, 2101)
(773, 2102)
(773, 2103)
(773, 2104)
(773, 2105)
(773, 2109)
(773, 2110)
(773, 2111)
(773, 2112)
(773, 2113)
(773, 2114)
(773, 2115)
(773, 2116)
(773, 2117)
(773, 2118)
(773, 2119)
(773, 2120)
(773, 2121)
(773, 2122)
(774, 673)
(774, 674)
(774, 675)
(774, 676)
(774, 677)
(774, 678)
(774, 679)
(774, 680)
(774, 681)
(774, 682)
(774, 684)
(774, 685)
(774, 686)
(774, 687)
(774, 688)
(774, 723)
(774, 724)
(774, 725)
(774, 731)
(774, 793)
(774, 794)
(774, 796)
(774, 797)
(774, 948)
(774, 949)
(774, 950)
(774, 951)
(774, 952)
(774, 953)
(774, 954)
(774, 955)
(774, 956)
(774, 957)
(774, 2106)
(774, 2107)
(774, 2108)
(775, 665)
(775, 666)
(775, 671)
(775, 672)
(775, 690)
(775, 691)
(775, 718)
(775, 719)
(775, 720)
(775, 721)
(775, 722)
(775, 726)
(775, 727)
(775, 728)
(775, 729)
(775, 730)
(775, 732)
(775, 733)
(775, 734)
(775, 735)
(775, 736)
(775, 737)
(775, 738)
(775, 739)
(775, 740)
(775, 741)
(775, 742)
(775, 779)
(775, 780)
(775, 781)
(775, 782)
(775, 783)
(775, 784)
(775, 785)
(775, 786)
(775, 787)
(775, 788)
(775, 789)
(775, 790)
(775, 791)
(775, 792)
(775, 795)
(775, 798)
(775, 799)
(775, 800)
(775, 801)
(775, 802)
(775, 803)
(775, 804)
(775, 805)
(775, 806)
(775, 807)
(775, 808)
(775, 809)
(775, 944)
(775, 945)
(775, 946)
(775, 947)
(776, 593)
(776, 594)
(776, 595)
(776, 660)
(776, 661)
(776, 662)
(776, 663)
(776, 664)
(776, 667)
(776, 668)
(776, 669)
(776, 670)
(776, 689)
(776, 692)
(776, 693)
(776, 714)
(776, 715)
(776, 716)
(776, 717)
(776, 743)
(776, 744)
(776, 745)
(776, 746)
(776, 747)
(776, 776)
(776, 777)
(776, 778)
(776, 810)
(776, 811)
(776, 812)
(776, 813)
(776, 814)
(776, 815)
(776, 816)
(776, 817)
(776, 818)
(776, 819)
(776, 941)
(776, 942)
(776, 943)
(777, 596)
(777, 597)
(777, 629)
(777, 630)
(777, 631)
(777, 632)
(777, 633)
(777, 649)
(777, 650)
(777, 651)
(777, 652)
(777, 653)
(777, 654)
(777, 655)
(777, 658)
(777, 659)
(777, 694)
(777, 695)
(777, 712)
(777, 713)
(777, 748)
(777, 749)
(777, 750)
(777, 751)
(777, 752)
(777, 770)
(777, 771)
(777, 772)
(777, 773)
(777, 820)
(777, 821)
(777, 822)
(777, 823)
(777, 824)
(777, 825)
(777, 852)
(777, 853)
(777, 854)
(777, 855)
(777, 856)
(777, 857)
(777, 858)
(777, 859)
(777, 860)
(777, 861)
(777, 866)
(777, 873)
(777, 874)
(777, 875)
(777, 876)
(777, 877)
(777, 878)
(777, 879)
(777, 880)
(777, 881)
(777, 882)
(777, 883)
(777, 884)
(777, 885)
(777, 886)
(777, 939)
(777, 940)
(778, 598)
(778, 599)
(778, 600)
(778, 601)
(778, 602)
(778, 603)
(778, 604)
(778, 605)
(778, 606)
(778, 607)
(778, 608)
(778, 609)
(778, 610)
(778, 611)
(778, 627)
(778, 628)
(778, 634)
(778, 635)
(778, 636)
(778, 637)
(778, 638)
(778, 639)
(778, 640)
(778, 641)
(778, 642)
(778, 643)
(778, 644)
(778, 645)
(778, 646)
(778, 647)
(778, 648)
(778, 656)
(778, 657)
(778, 696)
(778, 697)
(778, 698)
(778, 699)
(778, 707)
(778, 708)
(778, 709)
(778, 710)
(778, 711)
(778, 753)
(778, 754)
(778, 755)
(778, 766)
(778, 767)
(778, 768)
(778, 769)
(778, 826)
(778, 827)
(778, 828)
(778, 829)
(778, 830)
(778, 831)
(778, 832)
(778, 833)
(778, 834)
(778, 835)
(778, 836)
(778, 837)
(778, 838)
(778, 839)
(778, 840)
(778, 841)
(778, 842)
(778, 843)
(778, 844)
(778, 845)
(778, 846)
(778, 847)
(778, 848)
(778, 849)
(778, 850)
(778, 851)
(778, 862)
(778, 863)
(778, 864)
(778, 865)
(778, 868)
(778, 869)
(778, 870)
(778, 871)
(778, 872)
(778, 887)
(778, 888)
(778, 889)
(778, 890)
(778, 891)
(778, 936)
(778, 937)
(778, 938)
(779, 612)
(779, 613)
(779, 614)
(779, 615)
(779, 616)
(779, 617)
(779, 618)
(779, 619)
(779, 620)
(779, 621)
(779, 622)
(779, 626)
(779, 700)
(779, 701)
(779, 702)
(779, 703)
(779, 704)
(779, 705)
(779, 706)
(779, 756)
(779, 757)
(779, 758)
(779, 759)
(779, 760)
(779, 761)
(779, 762)
(779, 763)
(779, 764)
(779, 765)
(779, 867)
(779, 892)
(779, 893)
(779, 894)
(779, 895)
(779, 896)
(779, 934)
(779, 935)
(780, 623)
(780, 624)
(780, 625)
(780, 897)
(780, 898)
(780, 899)
(780, 931)
(780, 932)
(780, 933)
(781, 900)
(781, 901)
(781, 902)
(781, 929)
(781, 930)
(782, 903)
(782, 904)
(782, 905)
(782, 926)
(782, 927)
(782, 928)
(783, 906)
(783, 907)
(783, 908)
(783, 909)
(783, 910)
(783, 911)
(783, 912)
(783, 917)
(783, 918)
(783, 919)
(783, 920)
(783, 921)
(783, 922)
(783, 923)
(783, 924)
(783, 925)
(784, 913)
(784, 914)
(784, 915)
(784, 916)
(824, 69)
(824, 70)
(824, 71)
(842, 71)
(842, 72)
(842, 73)
(843, 70)
(844, 75)
(844, 76)
(846, 19)
(846, 77)
(851, 11)
(851, 12)
(851, 15)
(853, 13)
(853, 14)
(857, 55)
(863, 20)
(864, 18)
(871, 28)
(873, 36)
(877, 21)
(882, 5)
(882, 6)
(882, 7)
(884, 2373)
(884, 2375)
(886, 2376)
(887, 2377)
(887, 2378)
(888, 2379)
(890, 18)
(891, 17)
(892, 16)
(892, 88)
(892, 89)
(892, 90)
(892, 91)
(892, 93)
(893, 3)
(893, 15)
(893, 92)
(895, 14)
(896, 13)
(897, 12)
(897, 2374)
(898, 19)
(899, 20)
(899, 2375)
(899, 2376)
(899, 2378)
(899, 2379)
(901, 10)
(904, 2)
(905, 4)
(905, 6)
(906, 3)
(907, 45)
(907, 55)
(907, 56)
(907, 81)
(908, 1)
(908, 28)
(908, 29)
(908, 30)
(908, 31)
(908, 32)
(908, 33)
(908, 34)
(908, 35)
(908, 36)
(908, 37)
(908, 38)
(908, 39)
(908, 40)
(908, 41)
(908, 42)
(908, 43)
(908, 44)
(908, 46)
(908, 47)
(908, 48)
(908, 49)
(908, 50)
(908, 51)
(908, 52)
(908, 53)
(908, 54)
(908, 57)
(908, 58)
(908, 59)
(908, 60)
(908, 61)
(908, 62)
(908, 63)
(908, 64)
(908, 65)
(908, 66)
(908, 67)
(908, 68)
(908, 69)
(908, 70)
(908, 71)
(908, 72)
(908, 73)
(908, 74)
(908, 75)
(908, 76)
(908, 77)
(908, 78)
(908, 79)
(908, 80)
(908, 82)
(908, 83)
(908, 84)
(908, 85)
(908, 86)
(908, 87)
(908, 88)
(908, 89)
(908, 90)
(908, 91)
(908, 92)
(908, 93)
(908, 94)
(908, 95)
(908, 96)
(908, 97)
(908, 98)
(908, 99)
(908, 100)
(908, 101)
(908, 102)
(908, 103)
(908, 104)
(908, 105)
(908, 106)
(908, 107)
(908, 108)
(908, 109)
(908, 110)
(908, 111)
(908, 112)
(908, 113)
(908, 114)
(908, 115)
(908, 116)
(908, 117)
(908, 118)
(908, 119)
(908, 120)
(908, 121)
(908, 122)
(908, 123)
(908, 124)
(908, 125)
(908, 126)
(908, 127)
(908, 128)
(908, 129)
(908, 130)
(908, 131)
(908, 132)
(908, 133)
(908, 134)
(908, 135)
(908, 136)
(908, 137)
(908, 138)
(908, 139)
(908, 140)
(908, 141)
(908, 142)
(908, 143)
(908, 144)
(908, 145)
(908, 146)
(908, 147)
(908, 148)
(908, 149)
(908, 150)
(908, 151)
(908, 152)
(908, 153)
(908, 154)
(908, 155)
(908, 156)
(908, 157)
(908, 158)
(908, 159)
(908, 160)
(908, 161)
(908, 162)
(908, 163)
(908, 164)
(908, 165)
(908, 166)
(908, 167)
(908, 168)
(908, 169)
(908, 170)
(908, 171)
(908, 172)
(908, 173)
(908, 174)
(908, 175)
(908, 176)
(908, 177)
(908, 178)
(908, 179)
(908, 180)
(909, 1)
(909, 57)
(909, 59)
(909, 84)
(909, 101)
(909, 112)
(909, 114)
(909, 181)
(909, 182)
