Tam.: (910, 2380)
(690, 140)
(691, 141)
(691, 142)
(691, 143)
(691, 144)
(691, 145)
(690, 146)
(690, 147)
(690, 148)
(691, 149)
(691, 150)
(691, 151)
(691, 152)
(691, 153)
(691, 154)
(691, 155)
(691, 156)
(691, 157)
(691, 158)
(690, 159)
(690, 160)
(690, 161)
(691, 162)
(691, 163)
(691, 164)
(691, 165)
(691, 166)
(691, 167)
(691, 168)
(691, 169)
(691, 170)
(691, 171)
(691, 172)
(691, 173)
(691, 174)
(691, 175)
(691, 176)
(691, 177)
(691, 178)
(691, 179)
(691, 180)
(691, 181)
(691, 182)
(691, 183)
(691, 184)
(691, 185)
(691, 186)
(691, 187)
(691, 188)
(690, 189)
(690, 190)
(690, 191)
(690, 192)
(690, 193)
(690, 194)
(690, 195)
(690, 196)
(690, 197)
(690, 198)
(690, 199)
(690, 200)
(690, 201)
(690, 202)
(690, 203)
(691, 204)
(691, 205)
(691, 206)
(691, 207)
(691, 208)
(691, 209)
(691, 210)
(691, 211)
(691, 212)
(691, 213)
(691, 214)
(691, 215)
(691, 216)
(691, 217)
(690, 218)
(690, 219)
(690, 220)
(690, 221)
(691, 222)
(690, 223)
(690, 224)
(690, 225)
(690, 226)
(690, 227)
(690, 228)
(690, 229)
(690, 230)
(690, 231)
(690, 232)
(690, 233)
(690, 234)
(690, 235)
(690, 236)
(690, 237)
(690, 238)
(690, 239)
(690, 240)
(690, 241)
(690, 242)
(690, 243)
(690, 244)
(690, 245)
(689, 246)
(689, 247)
(689, 248)
(689, 249)
(689, 250)
(689, 251)
(689, 252)
(689, 253)
(689, 254)
(689, 255)
(689, 256)
(689, 257)
(689, 258)
(688, 259)
(688, 260)
(688, 261)
(688, 262)
(688, 263)
(688, 264)
(688, 265)
(688, 266)
(688, 267)
(688, 268)
(688, 269)
(688, 270)
(688, 271)
(688, 272)
(688, 273)
(688, 274)
(688, 275)
(688, 276)
(688, 277)
(688, 278)
(688, 279)
(688, 280)
(688, 281)
(688, 282)
(688, 283)
(688, 284)
(688, 285)
(688, 286)
(688, 287)
(688, 288)
(688, 289)
(688, 290)
(688, 291)
(688, 292)
(688, 293)
(689, 294)
(689, 295)
(689, 296)
(689, 297)
(689, 298)
(689, 299)
(689, 300)
(689, 301)
(688, 302)
(688, 303)
(688, 304)
(688, 305)
(688, 306)
(688, 307)
(688, 308)
(688, 309)
(688, 310)
(688, 311)
(688, 312)
(687, 313)
(687, 314)
(687, 315)
(687, 316)
(687, 317)
(687, 318)
(687, 319)
(687, 320)
(687, 321)
(688, 322)
(688, 323)
(688, 324)
(687, 325)
(687, 326)
(687, 327)
(687, 328)
(687, 329)
(687, 330)
(687, 331)
(687, 332)
(687, 333)
(687, 334)
(687, 335)
(687, 336)
(687, 337)
(687, 338)
(687, 339)
(687, 340)
(687, 341)
(687, 342)
(687, 343)
(687, 344)
(687, 345)
(687, 346)
(687, 347)
(687, 348)
(687, 349)
(687, 350)
(687, 351)
(687, 352)
(687, 353)
(687, 354)
(688, 355)
(688, 356)
(688, 357)
(688, 358)
(688, 359)
(688, 360)
(688, 361)
(688, 362)
(688, 363)
(688, 364)
(688, 365)
(688, 366)
(688, 367)
(688, 368)
(688, 369)
(688, 370)
(688, 371)
(688, 372)
(688, 373)
(688, 374)
(688, 375)
(688, 376)
(688, 377)
(689, 378)
(689, 379)
(689, 380)
(689, 381)
(689, 382)
(689, 383)
(689, 384)
(689, 385)
(689, 386)
(689, 387)
(688, 388)
(688, 389)
(688, 390)
(688, 391)
(688, 392)
(688, 393)
(688, 394)
(687, 395)
(687, 396)
(687, 397)
(687, 398)
(687, 399)
(687, 400)
(687, 401)
(687, 402)
(686, 403)
(686, 404)
(686, 405)
(686, 406)
(686, 407)
(685, 408)
(685, 409)
(685, 410)
(685, 411)
(684, 412)
(684, 413)
(684, 414)
(684, 415)
(684, 416)
(684, 417)
(684, 418)
(684, 419)
(684, 420)
(684, 421)
(684, 422)
(683, 423)
(683, 424)
(683, 425)
(683, 426)
(683, 427)
(683, 428)
(682, 429)
(682, 430)
(682, 431)
(682, 432)
(682, 433)
(682, 434)
(682, 435)
(681, 436)
(681, 437)
(681, 438)
(681, 439)
(681, 440)
(681, 441)
(681, 442)
(680, 443)
(680, 444)
(680, 445)
(680, 446)
(680, 447)
(680, 448)
(680, 449)
(680, 450)
(680, 451)
(680, 452)
(680, 453)
(680, 454)
(680, 455)
(679, 456)
(679, 457)
(679, 458)
(679, 459)
(679, 460)
(679, 461)
(679, 462)
(678, 463)
(678, 464)
(678, 465)
(678, 466)
(678, 467)
(678, 468)
(678, 469)
(678, 470)
(678, 471)
(677, 472)
(677, 473)
(677, 474)
(677, 475)
(677, 476)
(677, 477)
(677, 478)
(677, 479)
(676, 480)
(676, 481)
(676, 482)
(676, 483)
(676, 484)
(676, 485)
(676, 486)
(676, 487)
(676, 488)
(676, 489)
(676, 490)
(676, 491)
(676, 492)
(676, 493)
(676, 494)
(676, 495)
(676, 496)
(676, 497)
(676, 498)
(676, 499)
(676, 500)
(676, 501)
(676, 502)
(676, 503)
(676, 504)
(676, 505)
(676, 506)
(676, 507)
(676, 508)
(677, 509)
(677, 510)
(677, 511)
(676, 512)
(676, 513)
(676, 514)
(676, 515)
(677, 516)
(677, 517)
(677, 518)
(677, 519)
(677, 520)
(676, 521)
(676, 522)
(677, 523)
(677, 524)
(677, 525)
(677, 526)
(676, 527)
(676, 528)
(676, 529)
(676, 530)
(677, 531)
(677, 532)
(677, 533)
(677, 534)
(677, 535)
(677, 536)
(678, 537)
(678, 538)
(678, 539)
(678, 540)
(678, 541)
(678, 542)
(678, 543)
(679, 544)
(679, 545)
(679, 546)
(679, 547)
(679, 548)
(679, 549)
(679, 550)
(679, 551)
(679, 552)
(680, 553)
(680, 554)
(680, 555)
(680, 556)
(680, 557)
(680, 558)
(680, 559)
(680, 560)
(680, 561)
(680, 562)
(680, 563)
(680, 564)
(680, 565)
(680, 566)
(679, 567)
(680, 568)
(680, 569)
(680, 570)
(680, 571)
(680, 572)
(680, 573)
(680, 574)
(680, 575)
(681, 576)
(681, 577)
(681, 578)
(681, 579)
(681, 580)
(682, 581)
(682, 582)
(682, 583)
(682, 584)
(682, 585)
(682, 586)
(682, 587)
(682, 588)
(682, 589)
(682, 590)
(683, 591)
(683, 592)
(683, 593)
(683, 594)
(683, 595)
(683, 596)
(684, 597)
(684, 598)
(684, 599)
(684, 600)
(684, 601)
(684, 602)
(684, 603)
(684, 604)
(684, 605)
(685, 606)
(685, 607)
(685, 608)
(685, 609)
(685, 610)
(686, 611)
(686, 612)
(686, 613)
(686, 614)
(686, 615)
(686, 616)
(686, 617)
(686, 618)
(686, 619)
(686, 620)
(686, 621)
(687, 622)
(687, 623)
(687, 624)
(687, 625)
(687, 626)
(687, 627)
(687, 628)
(687, 629)
(687, 630)
(687, 631)
(687, 632)
(687, 633)
(687, 634)
(687, 635)
(687, 636)
(687, 637)
(687, 638)
(687, 639)
(687, 640)
(687, 641)
(687, 642)
(687, 643)
(687, 644)
(687, 645)
(687, 646)
(687, 647)
(687, 648)
(687, 649)
(687, 650)
(687, 651)
(687, 652)
(687, 653)
(687, 654)
(687, 655)
(687, 656)
(687, 657)
(687, 658)
(688, 659)
(688, 660)
(688, 661)
(688, 662)
(688, 663)
(688, 664)
(688, 665)
(689, 666)
(689, 667)
(689, 668)
(689, 669)
(688, 670)
(688, 671)
(688, 672)
(688, 673)
(688, 674)
(688, 675)
(688, 676)
(688, 677)
(688, 678)
(687, 679)
(687, 680)
(687, 681)
(687, 682)
(687, 683)
(687, 684)
(687, 685)
(688, 686)
(688, 687)
(688, 688)
(688, 689)
(688, 690)
(688, 691)
(689, 692)
(689, 693)
(689, 694)
(689, 695)
(689, 696)
(689, 697)
(690, 698)
(690, 699)
(690, 700)
(690, 701)
(690, 702)
(690, 703)
(690, 704)
(690, 705)
(690, 706)
(690, 707)
(690, 708)
(690, 709)
(690, 710)
(690, 711)
(690, 712)
(689, 713)
(689, 714)
(689, 715)
(689, 716)
(688, 717)
(688, 718)
(688, 719)
(688, 720)
(688, 721)
(688, 722)
(688, 723)
(688, 724)
(687, 725)
(687, 726)
(687, 727)
(687, 728)
(687, 729)
(688, 730)
(687, 731)
(687, 732)
(687, 733)
(687, 734)
(687, 735)
(687, 736)
(687, 737)
(687, 738)
(687, 739)
(687, 740)
(687, 741)
(687, 742)
(687, 743)
(686, 744)
(686, 745)
(686, 746)
(686, 747)
(686, 748)
(686, 749)
(687, 750)
(687, 751)
(687, 752)
(687, 753)
(687, 754)
(687, 755)
(688, 756)
(688, 757)
(688, 758)
(688, 759)
(688, 760)
(688, 761)
(688, 762)
(688, 763)
(688, 764)
(688, 765)
(688, 766)
(688, 767)
(688, 768)
(688, 769)
(688, 770)
(688, 771)
(688, 772)
(688, 773)
(688, 774)
(688, 775)
(688, 776)
(687, 777)
(687, 778)
(687, 779)
(687, 780)
(687, 781)
(687, 782)
(687, 783)
(687, 784)
(687, 785)
(687, 786)
(687, 787)
(687, 788)
(687, 789)
(687, 790)
(687, 791)
(687, 792)
(686, 793)
(686, 794)
(686, 795)
(686, 796)
(686, 797)
(686, 798)
(686, 799)
(686, 800)
(686, 801)
(686, 802)
(685, 803)
(685, 804)
(685, 805)
(685, 806)
(685, 807)
(685, 808)
(685, 809)
(685, 810)
(685, 811)
(685, 812)
(685, 813)
(685, 814)
(685, 815)
(685, 816)
(685, 817)
(685, 818)
(685, 819)
(685, 820)
(685, 821)
(685, 822)
(685, 823)
(685, 824)
(685, 825)
(685, 826)
(685, 827)
(685, 828)
(686, 829)
(686, 830)
(686, 831)
(686, 832)
(686, 833)
(686, 834)
(686, 835)
(686, 836)
(686, 837)
(686, 838)
(686, 839)
(686, 840)
(686, 841)
(685, 842)
(686, 843)
(686, 844)
(686, 845)
(685, 846)
(685, 847)
(685, 848)
(685, 849)
(685, 850)
(685, 851)
(685, 852)
(685, 853)
(685, 854)
(685, 855)
(685, 856)
(685, 857)
(685, 858)
(685, 859)
(685, 860)
(685, 861)
(685, 862)
(685, 863)
(685, 864)
(685, 865)
(685, 866)
(685, 867)
(685, 868)
(685, 869)
(685, 870)
(685, 871)
(685, 872)
(685, 873)
(684, 874)
(684, 875)
(684, 876)
(684, 877)
(684, 878)
(684, 879)
(684, 880)
(684, 881)
(684, 882)
(684, 883)
(684, 884)
(684, 885)
(684, 886)
(684, 887)
(684, 888)
(684, 889)
(684, 890)
(684, 891)
(684, 892)
(684, 893)
(684, 894)
(684, 895)
(684, 896)
(684, 897)
(684, 898)
(684, 899)
(684, 900)
(684, 901)
(684, 902)
(684, 903)
(684, 904)
(684, 905)
(684, 906)
(684, 907)
(684, 908)
(684, 909)
(684, 910)
(684, 911)
(684, 912)
(684, 913)
(684, 914)
(684, 915)
(685, 916)
(685, 917)
(685, 918)
(685, 919)
(685, 920)
(685, 921)
(685, 922)
(685, 923)
(686, 924)
(686, 925)
(686, 926)
(686, 927)
(686, 928)
(686, 929)
(687, 930)
(687, 931)
(687, 932)
(687, 933)
(687, 934)
(687, 935)
(687, 936)
(687, 937)
(687, 938)
(687, 939)
(688, 940)
(688, 941)
(688, 942)
(688, 943)
(688, 944)
(688, 945)
(689, 946)
(689, 947)
(689, 948)
(689, 949)
(689, 950)
(690, 951)
(690, 952)
(690, 953)
(690, 954)
(690, 955)
(690, 956)
(690, 957)
(690, 958)
(690, 959)
(690, 960)
(690, 961)
(690, 962)
(690, 963)
(690, 964)
(690, 965)
(690, 966)
(690, 967)
(690, 968)
(690, 969)
(690, 970)
(690, 971)
(690, 972)
(690, 973)
(690, 974)
(690, 975)
(690, 976)
(691, 977)
(691, 978)
(691, 979)
(691, 980)
(691, 981)
(691, 982)
(690, 983)
(690, 984)
(690, 985)
(690, 986)
(690, 987)
(690, 988)
(690, 989)
(690, 990)
(690, 991)
(690, 992)
(690, 993)
(690, 994)
(689, 995)
(689, 996)
(689, 997)
(689, 998)
(689, 999)
(689, 1000)
(689, 1001)
(689, 1002)
(689, 1003)
(689, 1004)
(689, 1005)
(690, 1006)
(690, 1007)
(690, 1008)
(690, 1009)
(690, 1010)
(690, 1011)
(689, 1012)
(689, 1013)
(689, 1014)
(689, 1015)
(689, 1016)
(689, 1017)
(689, 1018)
(689, 1019)
(689, 1020)
(688, 1021)
(688, 1022)
(688, 1023)
(688, 1024)
(688, 1025)
(688, 1026)
(688, 1027)
(688, 1028)
(688, 1029)
(688, 1030)
(688, 1031)
(688, 1032)
(688, 1033)
(688, 1034)
(688, 1035)
(688, 1036)
(688, 1037)
(687, 1038)
(687, 1039)
(687, 1040)
(687, 1041)
(687, 1042)
(687, 1043)
(687, 1044)
(686, 1045)
(686, 1046)
(687, 1047)
(687, 1048)
(686, 1049)
(686, 1050)
(686, 1051)
(686, 1052)
(686, 1053)
(686, 1054)
(686, 1055)
(686, 1056)
(686, 1057)
(686, 1058)
(686, 1059)
(686, 1060)
(686, 1061)
(686, 1062)
(686, 1063)
(686, 1064)
(686, 1065)
(686, 1066)
(686, 1067)
(686, 1068)
(686, 1069)
(686, 1070)
(686, 1071)
(686, 1072)
(686, 1073)
(686, 1074)
(686, 1075)
(686, 1076)
(686, 1077)
(686, 1078)
(686, 1079)
(686, 1080)
(686, 1081)
(686, 1082)
(686, 1083)
(686, 1084)
(686, 1085)
(686, 1086)
(686, 1087)
(686, 1088)
(686, 1089)
(686, 1090)
(686, 1091)
(686, 1092)
(686, 1093)
(686, 1094)
(686, 1095)
(686, 1096)
(686, 1097)
(686, 1098)
(686, 1099)
(686, 1100)
(686, 1101)
(686, 1102)
(686, 1103)
(686, 1104)
(686, 1105)
(686, 1106)
(686, 1107)
(686, 1108)
(686, 1109)
(686, 1110)
(686, 1111)
(686, 1112)
(686, 1113)
(687, 1114)
(687, 1115)
(686, 1116)
(686, 1117)
(686, 1118)
(687, 1119)
(687, 1120)
(687, 1121)
(687, 1122)
(687, 1123)
(687, 1124)
(687, 1125)
(687, 1126)
(687, 1127)
(687, 1128)
(687, 1129)
(687, 1130)
(688, 1131)
(688, 1132)
(688, 1133)
(688, 1134)
(688, 1135)
(688, 1136)
(688, 1137)
(688, 1138)
(688, 1139)
(687, 1140)
(688, 1141)
(687, 1142)
(687, 1143)
(687, 1144)
(687, 1145)
(687, 1146)
(687, 1147)
(687, 1148)
(687, 1149)
(687, 1150)
(687, 1151)
(687, 1152)
(687, 1153)
(687, 1154)
(687, 1155)
(687, 1156)
(687, 1157)
(687, 1158)
(687, 1159)
(687, 1160)
(687, 1161)
(687, 1162)
(687, 1163)
(687, 1164)
(687, 1165)
(687, 1166)
(687, 1167)
(687, 1168)
(687, 1169)
(687, 1170)
(687, 1171)
(687, 1172)
(687, 1173)
(687, 1174)
(687, 1175)
(687, 1176)
(687, 1177)
(687, 1178)
(687, 1179)
(687, 1180)
(687, 1181)
(687, 1182)
(687, 1183)
(687, 1184)
(687, 1185)
(688, 1186)
(688, 1187)
(688, 1188)
(688, 1189)
(689, 1190)
(689, 1191)
(689, 1192)
(689, 1193)
(689, 1194)
(689, 1195)
(689, 1196)
(689, 1197)
(689, 1198)
(689, 1199)
(689, 1200)
(689, 1201)
(688, 1202)
(688, 1203)
(688, 1204)
(688, 1205)
(688, 1206)
(688, 1207)
(688, 1208)
(689, 1209)
(689, 1210)
(689, 1211)
(689, 1212)
(689, 1213)
(690, 1214)
(690, 1215)
(690, 1216)
(690, 1217)
(691, 1218)
(691, 1219)
(690, 1220)
(690, 1221)
(691, 1222)
(691, 1223)
(691, 1224)
(691, 1225)
(691, 1226)
(691, 1227)
(691, 1228)
(691, 1229)
(691, 1230)
(691, 1231)
(690, 1232)
(691, 1233)
(691, 1234)
(691, 1235)
(691, 1236)
(690, 1237)
(690, 1238)
(690, 1239)
(690, 1240)
(690, 1241)
(690, 1242)
(690, 1243)
(690, 1244)
(690, 1245)
(690, 1246)
(690, 1247)
(690, 1248)
(690, 1249)
(690, 1250)
(690, 1251)
(690, 1252)
(690, 1253)
(690, 1254)
(690, 1255)
(690, 1256)
(690, 1257)
(690, 1258)
(690, 1259)
(690, 1260)
(690, 1261)
(690, 1262)
(690, 1263)
(690, 1264)
(690, 1265)
(690, 1266)
(690, 1267)
(690, 1268)
(690, 1269)
(690, 1270)
(690, 1271)
(690, 1272)
(690, 1273)
(690, 1274)
(690, 1275)
(690, 1276)
(690, 1277)
(690, 1278)
(690, 1279)
(690, 1280)
(690, 1281)
(690, 1282)
(690, 1283)
(690, 1284)
(690, 1285)
(691, 1286)
(691, 1287)
(691, 1288)
(691, 1289)
(690, 1290)
(690, 1291)
(690, 1292)
(690, 1293)
(690, 1294)
(690, 1295)
(690, 1296)
(690, 1297)
(691, 1298)
(690, 1299)
(690, 1300)
(690, 1301)
(690, 1302)
(690, 1303)
(691, 1304)
(691, 1305)
(690, 1306)
(690, 1307)
(690, 1308)
(690, 1309)
(690, 1310)
(690, 1311)
(690, 1312)
(690, 1313)
(690, 1314)
(690, 1315)
(691, 1316)
(690, 1317)
(690, 1318)
(690, 1319)
(690, 1320)
(691, 1321)
(690, 1322)
(690, 1323)
(690, 1324)
(690, 1325)
(690, 1326)
(690, 1327)
(690, 1328)
(690, 1329)
(690, 1330)
(690, 1331)
(690, 1332)
(690, 1333)
(690, 1334)
(690, 1335)
(690, 1336)
(690, 1337)
(690, 1338)
(690, 1339)
(690, 1340)
(690, 1341)
(690, 1342)
(690, 1343)
(690, 1344)
(690, 1345)
(690, 1346)
(690, 1347)
(690, 1348)
(690, 1349)
(690, 1350)
(690, 1351)
(690, 1352)
(690, 1353)
(690, 1354)
(690, 1355)
(690, 1356)
(690, 1357)
(690, 1358)
(690, 1359)
(690, 1360)
(690, 1361)
(690, 1362)
(690, 1363)
(690, 1364)
(690, 1365)
(690, 1366)
(690, 1367)
(690, 1368)
(690, 1369)
(690, 1370)
(690, 1371)
(690, 1372)
(690, 1373)
(690, 1374)
(690, 1375)
(690, 1376)
(690, 1377)
(690, 1378)
(691, 1379)
(691, 1380)
(690, 1381)
(690, 1382)
(690, 1383)
(690, 1384)
(690, 1385)
(690, 1386)
(690, 1387)
(690, 1388)
(690, 1389)
(690, 1390)
(690, 1391)
(690, 1392)
(690, 1393)
(690, 1394)
(690, 1395)
(690, 1396)
(690, 1397)
(690, 1398)
(690, 1399)
(690, 1400)
(690, 1401)
(690, 1402)
(690, 1403)
(690, 1404)
(690, 1405)
(690, 1406)
(690, 1407)
(690, 1408)
(690, 1409)
(690, 1410)
(690, 1411)
(691, 1412)
(691, 1413)
(690, 1414)
(690, 1415)
(690, 1416)
(690, 1417)
(690, 1418)
(690, 1419)
(690, 1420)
(690, 1421)
(691, 1422)
(691, 1423)
(691, 1424)
(691, 1425)
(691, 1426)
(691, 1427)
(691, 1428)
(691, 1429)
(691, 1430)
(691, 1431)
(691, 1432)
(691, 1433)
(691, 1434)
(691, 1435)
(691, 1436)
(691, 1437)
(691, 1438)
(691, 1439)
(691, 1440)
(691, 1441)
(691, 1442)
(691, 1443)
(691, 1444)
(691, 1445)
(691, 1446)
(691, 1447)
(691, 1448)
(691, 1449)
(691, 1450)
(691, 1451)
(691, 1452)
(691, 1453)
(691, 1454)
(691, 1455)
(691, 1456)
(691, 1457)
(691, 1458)
(691, 1459)
(691, 1460)
(691, 1461)
(691, 1462)
(691, 1463)
(691, 1464)
(691, 1465)
(691, 1466)
(691, 1467)
(691, 1468)
(691, 1469)
(691, 1470)
(691, 1471)
(691, 1472)
(691, 1473)
(691, 1474)
(691, 1475)
(691, 1476)
(689, 1477)
(689, 1478)
(689, 1479)
(691, 1480)
(691, 1481)
(690, 1482)
(690, 1483)
(691, 1484)
(691, 1485)
(691, 1486)
(690, 1487)
(690, 1488)
(690, 1489)
(690, 1490)
(690, 1491)
(690, 1492)
(690, 1493)
(690, 1494)
(690, 1495)
(690, 1496)
(690, 1497)
(690, 1498)
(690, 1499)
(690, 1500)
(690, 1501)
(690, 1502)
(689, 1503)
(689, 1504)
(689, 1505)
(689, 1506)
(689, 1507)
(689, 1508)
(689, 1509)
(689, 1510)
(689, 1511)
(689, 1512)
(689, 1513)
(689, 1514)
(689, 1515)
(689, 1516)
(690, 1517)
(690, 1518)
(690, 1519)
(690, 1520)
(690, 1521)
(690, 1522)
(690, 1523)
(690, 1524)
(690, 1525)
(690, 1526)
(690, 1527)
(690, 1528)
(690, 1529)
(690, 1530)
(690, 1531)
(690, 1532)
(690, 1533)
(690, 1534)
(690, 1535)
(690, 1536)
(690, 1537)
(690, 1538)
(690, 1539)
(690, 1540)
(690, 1541)
(690, 1542)
(690, 1543)
(690, 1544)
(690, 1545)
(690, 1546)
(690, 1547)
(690, 1548)
(690, 1549)
(690, 1550)
(691, 1551)
(691, 1552)
(690, 1553)
(690, 1554)
(691, 1555)
(691, 1556)
(691, 1557)
(691, 1558)
(691, 1559)
(691, 1560)
(691, 1561)
(691, 1562)
(691, 1563)
(691, 1564)
(691, 1565)
(691, 1566)
(691, 1567)
(691, 1568)
(691, 1569)
(691, 1570)
(691, 1571)
(691, 1572)
(691, 1573)
(691, 1574)
(691, 1575)
(691, 1576)
(691, 1577)
(691, 1578)
(692, 1579)
(692, 1580)
(692, 1581)
(692, 1582)
(692, 1583)
(692, 1584)
(692, 1585)
(692, 1586)
(692, 1587)
(692, 1588)
(692, 1589)
(692, 1590)
(692, 1591)
(692, 1592)
(692, 1593)
(692, 1594)
(691, 1595)
(691, 1596)
(692, 1597)
(691, 1598)
(692, 1599)
(692, 1600)
(692, 1601)
(692, 1602)
(692, 1603)
(692, 1604)
(692, 1605)
(692, 1606)
(692, 1607)
(691, 1608)
(691, 1609)
(691, 1610)
(691, 1611)
(691, 1612)
(691, 1613)
(691, 1614)
(691, 1615)
(691, 1616)
(690, 1617)
(690, 1618)
(690, 1619)
(691, 1620)
(691, 1621)
(690, 1622)
(690, 1623)
(690, 1624)
(690, 1625)
(690, 1626)
(690, 1627)
(690, 1628)
(690, 1629)
(690, 1630)
(690, 1631)
(690, 1632)
(689, 1633)
(689, 1634)
(689, 1635)
(689, 1636)
(689, 1637)
(689, 1638)
(689, 1639)
(689, 1640)
(689, 1641)
(689, 1642)
(689, 1643)
(689, 1644)
(689, 1645)
(689, 1646)
(689, 1647)
(689, 1648)
(689, 1649)
(689, 1650)
(689, 1651)
(689, 1652)
(689, 1653)
(689, 1654)
(688, 1655)
(688, 1656)
(688, 1657)
(688, 1658)
(688, 1659)
(688, 1660)
(688, 1661)
(688, 1662)
(688, 1663)
(688, 1664)
(688, 1665)
(688, 1666)
(688, 1667)
(688, 1668)
(688, 1669)
(689, 1670)
(689, 1671)
(689, 1672)
(689, 1673)
(688, 1674)
(688, 1675)
(688, 1676)
(689, 1677)
(689, 1678)
(690, 1679)
(689, 1680)
(690, 1681)
(689, 1682)
(688, 1683)
(688, 1684)
(688, 1685)
(688, 1686)
(688, 1687)
(688, 1688)
(688, 1689)
(688, 1690)
(688, 1691)
(688, 1692)
(689, 1693)
(689, 1694)
(689, 1695)
(689, 1696)
(689, 1697)
(689, 1698)
(689, 1699)
(689, 1700)
(689, 1701)
(689, 1702)
(690, 1703)
(690, 1704)
(690, 1705)
(690, 1706)
(690, 1707)
(690, 1708)
(690, 1709)
(690, 1710)
(690, 1711)
(690, 1712)
(690, 1713)
(690, 1714)
(690, 1715)
(690, 1716)
(690, 1717)
(690, 1718)
(690, 1719)
(690, 1720)
(690, 1721)
(690, 1722)
(690, 1723)
(690, 1724)
(690, 1725)
(690, 1726)
(690, 1727)
(690, 1728)
(690, 1729)
(690, 1730)
(690, 1731)
(689, 1732)
(689, 1733)
(689, 1734)
(689, 1735)
(689, 1736)
(689, 1737)
(689, 1738)
(689, 1739)
(689, 1740)
(689, 1741)
(689, 1742)
(689, 1743)
(689, 1744)
(689, 1745)
(689, 1746)
(689, 1747)
(689, 1748)
(689, 1749)
(689, 1750)
(689, 1751)
(689, 1752)
(689, 1753)
(689, 1754)
(689, 1755)
(690, 1756)
(690, 1757)
(689, 1758)
(689, 1759)
(689, 1760)
(689, 1761)
(689, 1762)
(689, 1763)
(689, 1764)
(689, 1765)
(689, 1766)
(689, 1767)
(689, 1768)
(689, 1769)
(689, 1770)
(689, 1771)
(689, 1772)
(689, 1773)
(689, 1774)
(690, 1775)
(690, 1776)
(690, 1777)
(689, 1778)
(689, 1779)
(690, 1780)
(690, 1781)
(689, 1782)
(690, 1783)
(690, 1784)
(690, 1785)
(690, 1786)
(690, 1787)
(690, 1788)
(691, 1789)
(691, 1790)
(690, 1791)
(690, 1792)
(690, 1793)
(690, 1794)
(690, 1795)
(690, 1796)
(691, 1797)
(690, 1798)
(690, 1799)
(690, 1800)
(690, 1801)
(690, 1802)
(690, 1803)
(690, 1804)
(690, 1805)
(690, 1806)
(690, 1807)
(690, 1808)
(690, 1809)
(690, 1810)
(689, 1811)
(689, 1812)
(689, 1813)
(689, 1814)
(689, 1815)
(689, 1816)
(689, 1817)
(689, 1818)
(689, 1819)
(689, 1820)
(689, 1821)
(689, 1822)
(689, 1823)
(689, 1824)
(689, 1825)
(689, 1826)
(689, 1827)
(689, 1828)
(689, 1829)
(689, 1830)
(688, 1831)
(688, 1832)
(688, 1833)
(689, 1834)
(689, 1835)
(688, 1836)
(688, 1837)
(688, 1838)
(688, 1839)
(688, 1840)
(688, 1841)
(688, 1842)
(688, 1843)
(688, 1844)
(688, 1845)
(688, 1846)
(688, 1847)
(688, 1848)
(688, 1849)
(689, 1850)
(689, 1851)
(689, 1852)
(689, 1853)
(689, 1854)
(689, 1855)
(689, 1856)
(689, 1857)
(689, 1858)
(689, 1859)
(689, 1860)
(689, 1861)
(689, 1862)
(689, 1863)
(689, 1864)
(689, 1865)
(689, 1866)
(689, 1867)
(689, 1868)
(689, 1869)
(689, 1870)
(689, 1871)
(689, 1872)
(689, 1873)
(689, 1874)
(688, 1875)
(689, 1876)
(689, 1877)
(688, 1878)
(689, 1879)
(689, 1880)
(689, 1881)
(689, 1882)
(689, 1883)
(689, 1884)
(689, 1885)
(689, 1886)
(689, 1887)
(689, 1888)
(689, 1889)
(689, 1890)
(689, 1891)
(689, 1892)
(689, 1893)
(689, 1894)
(689, 1895)
(689, 1896)
(689, 1897)
(689, 1898)
(689, 1899)
(689, 1900)
(689, 1901)
(689, 1902)
(689, 1903)
(690, 1904)
(690, 1905)
(690, 1906)
(690, 1907)
(690, 1908)
(690, 1909)
(690, 1910)
(690, 1911)
(690, 1912)
(690, 1913)
(690, 1914)
(690, 1915)
(689, 1916)
(689, 1917)
(689, 1918)
(690, 1919)
(690, 1920)
(689, 1921)
(689, 1922)
(689, 1923)
(689, 1924)
(689, 1925)
(689, 1926)
(689, 1927)
(689, 1928)
(689, 1929)
(689, 1930)
(689, 1931)
(689, 1932)
(689, 1933)
(689, 1934)
(689, 1935)
(689, 1936)
(689, 1937)
(689, 1938)
(689, 1939)
(689, 1940)
(689, 1941)
(689, 1942)
(689, 1943)
(688, 1944)
(688, 1945)
(688, 1946)
(688, 1947)
(688, 1948)
(688, 1949)
(688, 1950)
(688, 1951)
(688, 1952)
(688, 1953)
(688, 1954)
(688, 1955)
(688, 1956)
(688, 1957)
(688, 1958)
(688, 1959)
(688, 1960)
(688, 1961)
(688, 1962)
(688, 1963)
(687, 1964)
(688, 1965)
(688, 1966)
(688, 1967)
(689, 1968)
(689, 1969)
(689, 1970)
(689, 1971)
(689, 1972)
(689, 1973)
(689, 1974)
(689, 1975)
(689, 1976)
(690, 1977)
(690, 1978)
(690, 1979)
(690, 1980)
(690, 1981)
(690, 1982)
(690, 1983)
(690, 1984)
(690, 1985)
(690, 1986)
(690, 1987)
(690, 1988)
(690, 1989)
(690, 1990)
(690, 1991)
(690, 1992)
(690, 1993)
(691, 1994)
(691, 1995)
(691, 1996)
(691, 1997)
(691, 1998)
(691, 1999)
(691, 2000)
(691, 2001)
(691, 2002)
(691, 2003)
(690, 2004)
(690, 2005)
(690, 2006)
(690, 2007)
(690, 2008)
(690, 2009)
(690, 2010)
(690, 2011)
(690, 2012)
(690, 2013)
(690, 2014)
(690, 2015)
(690, 2016)
(690, 2017)
(690, 2018)
(690, 2019)
(689, 2020)
(689, 2021)
(689, 2022)
(689, 2023)
(689, 2024)
(689, 2025)
(689, 2026)
(689, 2027)
(689, 2028)
(689, 2029)
(689, 2030)
(689, 2031)
(689, 2032)
(689, 2033)
(689, 2034)
(689, 2035)
(689, 2036)
(689, 2037)
(689, 2038)
(689, 2039)
(689, 2040)
(689, 2041)
(689, 2042)
(689, 2043)
(689, 2044)
(689, 2045)
(690, 2046)
(690, 2047)
(690, 2048)
(690, 2049)
(690, 2050)
(690, 2051)
(689, 2052)
(689, 2053)
(689, 2054)
(689, 2055)
(689, 2056)
(689, 2057)
(689, 2058)
(689, 2059)
(689, 2060)
(689, 2061)
(689, 2062)
(689, 2063)
(689, 2064)
(689, 2065)
(689, 2066)
(689, 2067)
(689, 2068)
(690, 2069)
(690, 2070)
(689, 2071)
(689, 2072)
(689, 2073)
(689, 2074)
(689, 2075)
(689, 2076)
(689, 2077)
(689, 2078)
(689, 2079)
(689, 2080)
(688, 2081)
(688, 2082)
(688, 2083)
(688, 2084)
(688, 2085)
(688, 2086)
(688, 2087)
(688, 2088)
(687, 2089)
(687, 2090)
(687, 2091)
(687, 2092)
(687, 2093)
(687, 2094)
(687, 2095)
(687, 2096)
(687, 2097)
(687, 2098)
(686, 2099)
(686, 2100)
(686, 2101)
(686, 2102)
(686, 2103)
(686, 2104)
(686, 2105)
(686, 2106)
(686, 2107)
(686, 2108)
(686, 2109)
(687, 2110)
(687, 2111)
(687, 2112)
(687, 2113)
(687, 2114)
(687, 2115)
(687, 2116)
(687, 2117)
(687, 2118)
(687, 2119)
(687, 2120)
(687, 2121)
(687, 2122)
(687, 2123)
(686, 2124)
(687, 2125)
(687, 2126)
(686, 2127)
(686, 2128)
(686, 2129)
(687, 2130)
(686, 2131)
(686, 2132)
(686, 2133)
(686, 2134)
(686, 2135)
(686, 2136)
(686, 2137)
(686, 2138)
(685, 2139)
(685, 2140)
(685, 2141)
(685, 2142)
(685, 2143)
(685, 2144)
(685, 2145)
(685, 2146)
(685, 2147)
(685, 2148)
(685, 2149)
(685, 2150)
(685, 2151)
(685, 2152)
(685, 2153)
(685, 2154)
(685, 2155)
(685, 2156)
(685, 2157)
(685, 2158)
(685, 2159)
(685, 2160)
(685, 2161)
(685, 2162)
(685, 2163)
(685, 2164)
(685, 2165)
(685, 2166)
(685, 2167)
(685, 2168)
(686, 2169)
(686, 2170)
(686, 2171)
(686, 2172)
(686, 2173)
(686, 2174)
(686, 2175)
(686, 2176)
(686, 2177)
(685, 2178)
(686, 2179)
(686, 2180)
(685, 2181)
(685, 2182)
(685, 2183)
(685, 2184)
(685, 2185)
(685, 2186)
(685, 2187)
(685, 2188)
(685, 2189)
(685, 2190)
(685, 2191)
(685, 2192)
(685, 2193)
(685, 2194)
(685, 2195)
(685, 2196)
(685, 2197)
(685, 2198)
(685, 2199)
(685, 2200)
(685, 2201)
(685, 2202)
(685, 2203)
(685, 2204)
(685, 2205)
(685, 2206)
(685, 2207)
(685, 2208)
(685, 2209)
(685, 2210)
(685, 2211)
(685, 2212)
(685, 2213)
(685, 2214)
(685, 2215)
(685, 2216)
(685, 2217)
(685, 2218)
(686, 2219)
(686, 2220)
(686, 2221)
(686, 2222)
(686, 2223)
(686, 2224)
(686, 2225)
(686, 2226)
(686, 2227)
(686, 2228)
(686, 2229)
(686, 2230)
(686, 2231)
(686, 2232)
(686, 2233)
(686, 2234)
(686, 2235)
(686, 2236)
(686, 2237)
(686, 2238)
(686, 2239)
(686, 2240)
(686, 2241)
(686, 2242)
(686, 2243)
(686, 2244)
(686, 2245)
(686, 2246)
(686, 2247)
(686, 2248)
(686, 2249)
(686, 2250)
(686, 2251)
(686, 2252)
(686, 2253)
(686, 2254)
(686, 2255)
(686, 2256)
(686, 2257)
(686, 2258)
(686, 2259)
(686, 2260)
(686, 2261)
(687, 2262)
(687, 2263)
(687, 2264)
(687, 2265)
(687, 2266)
(687, 2267)
(687, 2268)
(688, 2269)
(688, 2270)
(688, 2271)
(688, 2272)
(688, 2273)
(688, 2274)
(688, 2275)
(688, 2276)
(689, 2277)
(689, 2278)
(689, 2279)
(689, 2280)
(689, 2281)
(689, 2282)
(689, 2283)
(689, 2284)
(689, 2285)
(689, 2286)
(689, 2287)
(689, 2288)
(689, 2289)
(689, 2290)
(689, 2291)
(689, 2292)
(689, 2293)
(689, 2294)
(689, 2295)
(689, 2296)
(689, 2297)
(689, 2298)
(689, 2299)
(689, 2300)
(689, 2301)
(690, 2302)
(690, 2303)
(690, 2304)
(690, 2305)
(690, 2306)
(690, 2307)
(690, 2308)
(690, 2309)
(690, 2310)
(690, 2311)
(690, 2312)
(690, 2313)
(690, 2314)
(689, 2315)
(689, 2316)
(689, 2317)
(689, 2318)
(689, 2319)
(689, 2320)
(689, 2321)
(689, 2322)
(689, 2323)
(690, 2324)
(690, 2325)
(690, 2326)
(690, 2327)
