Tam.: (1820, 4760)
(1406, 279)
(1407, 280)
(1407, 281)
(1407, 282)
(1406, 283)
(1406, 284)
(1406, 285)
(1406, 286)
(1406, 287)
(1405, 288)
(1404, 289)
(1404, 290)
(1405, 291)
(1405, 292)
(1406, 293)
(1406, 294)
(1406, 295)
(1406, 296)
(1406, 297)
(1406, 298)
(1406, 299)
(1406, 300)
(1406, 301)
(1406, 302)
(1406, 303)
(1406, 304)
(1407, 305)
(1407, 306)
(1406, 307)
(1406, 308)
(1407, 309)
(1407, 310)
(1407, 311)
(1406, 312)
(1406, 313)
(1406, 314)
(1407, 315)
(1407, 316)
(1406, 317)
(1406, 318)
(1406, 319)
(1407, 320)
(1407, 321)
(1407, 322)
(1407, 323)
(1407, 324)
(1407, 325)
(1407, 326)
(1407, 327)
(1407, 328)
(1407, 329)
(1407, 330)
(1407, 331)
(1407, 332)
(1407, 333)
(1407, 334)
(1407, 335)
(1407, 336)
(1406, 337)
(1406, 338)
(1406, 339)
(1406, 340)
(1406, 341)
(1406, 342)
(1406, 343)
(1406, 344)
(1406, 345)
(1406, 346)
(1406, 347)
(1406, 348)
(1406, 349)
(1406, 350)
(1406, 351)
(1406, 352)
(1406, 353)
(1406, 354)
(1406, 355)
(1406, 356)
(1406, 357)
(1407, 358)
(1407, 359)
(1407, 360)
(1407, 361)
(1407, 362)
(1407, 363)
(1407, 364)
(1406, 365)
(1406, 366)
(1406, 367)
(1406, 368)
(1406, 369)
(1406, 370)
(1406, 371)
(1406, 372)
(1406, 373)
(1406, 374)
(1406, 375)
(1406, 376)
(1406, 377)
(1406, 378)
(1406, 379)
(1406, 380)
(1406, 381)
(1406, 382)
(1406, 383)
(1406, 384)
(1406, 385)
(1406, 386)
(1406, 387)
(1406, 388)
(1406, 389)
(1406, 390)
(1406, 391)
(1406, 392)
(1406, 393)
(1406, 394)
(1406, 395)
(1406, 396)
(1406, 397)
(1406, 398)
(1406, 399)
(1406, 400)
(1406, 401)
(1406, 402)
(1406, 403)
(1406, 404)
(1406, 405)
(1406, 406)
(1406, 407)
(1406, 408)
(1406, 409)
(1406, 410)
(1406, 411)
(1406, 412)
(1406, 413)
(1406, 414)
(1406, 415)
(1406, 416)
(1406, 417)
(1406, 418)
(1406, 419)
(1406, 420)
(1406, 421)
(1406, 422)
(1406, 423)
(1406, 424)
(1406, 425)
(1406, 426)
(1407, 427)
(1406, 428)
(1406, 429)
(1406, 430)
(1406, 431)
(1406, 432)
(1406, 433)
(1406, 434)
(1406, 435)
(1406, 436)
(1406, 437)
(1406, 438)
(1406, 439)
(1406, 440)
(1406, 441)
(1406, 442)
(1406, 443)
(1406, 444)
(1406, 445)
(1407, 446)
(1407, 447)
(1407, 448)
(1407, 449)
(1407, 450)
(1406, 451)
(1406, 452)
(1403, 454)
(1405, 455)
(1406, 456)
(1406, 457)
(1406, 458)
(1406, 459)
(1406, 460)
(1406, 461)
(1406, 462)
(1406, 463)
(1406, 464)
(1406, 465)
(1406, 466)
(1406, 467)
(1406, 468)
(1405, 469)
(1405, 470)
(1405, 471)
(1405, 472)
(1405, 473)
(1405, 474)
(1405, 475)
(1406, 476)
(1406, 477)
(1406, 478)
(1406, 479)
(1402, 480)
(1404, 481)
(1403, 482)
(1405, 483)
(1407, 484)
(1406, 485)
(1406, 486)
(1406, 487)
(1406, 488)
(1406, 489)
(1407, 490)
(1407, 491)
(1407, 492)
(1407, 493)
(1407, 494)
(1407, 495)
(1407, 496)
(1407, 497)
(1407, 498)
(1407, 499)
(1407, 500)
(1407, 501)
(1407, 502)
(1407, 503)
(1407, 504)
(1407, 505)
(1407, 506)
(1406, 507)
(1407, 508)
(1407, 509)
(1407, 510)
(1407, 511)
(1407, 512)
(1407, 513)
(1407, 514)
(1407, 515)
(1407, 516)
(1406, 517)
(1406, 518)
(1406, 519)
(1406, 520)
(1406, 521)
(1406, 522)
(1406, 523)
(1406, 524)
(1406, 525)
(1406, 526)
(1406, 527)
(1407, 528)
(1407, 529)
(1407, 530)
(1407, 531)
(1407, 532)
(1407, 533)
(1406, 534)
(1406, 535)
(1406, 536)
(1406, 537)
(1407, 538)
(1407, 539)
(1407, 540)
(1407, 541)
(1406, 542)
(1406, 543)
(1407, 544)
(1407, 545)
(1407, 546)
(1407, 547)
(1407, 548)
(1407, 549)
(1407, 550)
(1407, 551)
(1407, 552)
(1407, 553)
(1407, 554)
(1407, 555)
(1407, 556)
(1407, 557)
(1407, 558)
(1407, 559)
(1407, 560)
(1407, 561)
(1407, 562)
(1407, 563)
(1407, 564)
(1407, 565)
(1407, 566)
(1407, 567)
(1407, 568)
(1407, 569)
(1407, 570)
(1407, 571)
(1407, 572)
(1407, 573)
(1407, 574)
(1407, 575)
(1407, 576)
(1407, 577)
(1407, 578)
(1407, 579)
(1407, 580)
(1407, 581)
(1407, 582)
(1407, 583)
(1407, 584)
(1407, 585)
(1407, 586)
(1407, 587)
(1407, 588)
(1407, 589)
(1407, 590)
(1407, 591)
(1407, 592)
(1407, 593)
(1407, 594)
(1407, 595)
(1407, 596)
(1407, 597)
(1407, 598)
(1407, 599)
(1407, 600)
(1407, 601)
(1407, 602)
(1407, 603)
(1407, 604)
(1407, 605)
(1407, 606)
(1407, 607)
(1407, 608)
(1407, 609)
(1407, 610)
(1407, 611)
(1407, 612)
(1407, 613)
(1407, 614)
(1407, 615)
(1407, 616)
(1407, 617)
(1407, 618)
(1407, 619)
(1407, 620)
(1407, 621)
(1407, 622)
(1407, 623)
(1407, 624)
(1407, 625)
(1407, 626)
(1407, 627)
(1407, 628)
(1407, 629)
(1407, 630)
(1407, 631)
(1406, 632)
(1406, 633)
(1406, 636)
(1407, 637)
(1407, 638)
(1407, 639)
(1407, 640)
(1407, 641)
(1407, 642)
(1406, 643)
(1406, 644)
(1407, 645)
(1407, 646)
(1407, 647)
(1407, 648)
(1406, 649)
(1406, 650)
(1406, 651)
(1406, 652)
(1406, 653)
(1406, 654)
(1404, 655)
(1406, 656)
(1406, 657)
(1406, 658)
(1406, 659)
(1406, 660)
(1406, 661)
(1407, 662)
(1407, 663)
(1407, 664)
(1407, 665)
(1407, 666)
(1407, 667)
(1407, 668)
(1407, 669)
(1407, 670)
(1407, 671)
(1407, 672)
(1407, 673)
(1407, 674)
(1407, 675)
(1407, 676)
(1407, 677)
(1407, 678)
(1407, 679)
(1407, 680)
(1407, 681)
(1407, 682)
(1407, 683)
(1407, 684)
(1407, 685)
(1407, 686)
(1407, 687)
(1407, 688)
(1407, 689)
(1408, 690)
(1408, 691)
(1408, 692)
(1408, 693)
(1408, 694)
(1408, 695)
(1408, 696)
(1408, 697)
(1408, 698)
(1408, 699)
(1408, 700)
(1408, 701)
(1408, 702)
(1408, 703)
(1408, 704)
(1408, 705)
(1408, 706)
(1408, 707)
(1408, 708)
(1408, 709)
(1408, 710)
(1408, 711)
(1408, 712)
(1408, 713)
(1408, 714)
(1408, 715)
(1408, 716)
(1408, 717)
(1408, 718)
(1408, 719)
(1408, 720)
(1408, 721)
(1408, 722)
(1408, 723)
(1408, 724)
(1408, 725)
(1408, 726)
(1408, 727)
(1408, 728)
(1408, 729)
(1408, 730)
(1408, 731)
(1408, 732)
(1408, 733)
(1408, 734)
(1408, 735)
(1408, 736)
(1408, 737)
(1408, 738)
(1408, 739)
(1408, 740)
(1408, 741)
(1408, 742)
(1408, 743)
(1408, 744)
(1408, 745)
(1408, 746)
(1408, 747)
(1408, 748)
(1408, 749)
(1408, 750)
(1408, 751)
(1408, 752)
(1408, 753)
(1408, 754)
(1408, 755)
(1408, 756)
(1408, 757)
(1409, 758)
(1409, 759)
(1409, 760)
(1409, 761)
(1409, 762)
(1409, 763)
(1409, 764)
(1408, 765)
(1408, 766)
(1409, 767)
(1409, 768)
(1409, 769)
(1409, 770)
(1409, 771)
(1408, 772)
(1408, 773)
(1408, 774)
(1408, 775)
(1408, 776)
(1408, 777)
(1408, 778)
(1409, 779)
(1409, 780)
(1409, 781)
(1408, 782)
(1408, 783)
(1409, 784)
(1409, 785)
(1409, 786)
(1409, 787)
(1409, 788)
(1409, 789)
(1408, 790)
(1409, 791)
(1409, 792)
(1409, 793)
(1409, 794)
(1409, 795)
(1409, 796)
(1409, 797)
(1409, 798)
(1409, 799)
(1409, 800)
(1409, 801)
(1409, 802)
(1409, 803)
(1409, 804)
(1409, 805)
(1409, 806)
(1409, 807)
(1409, 808)
(1409, 809)
(1409, 810)
(1408, 811)
(1408, 815)
(1408, 816)
(1409, 817)
(1409, 818)
(1409, 819)
(1409, 820)
(1409, 821)
(1409, 822)
(1408, 823)
(1408, 824)
(1408, 825)
(1408, 826)
(1408, 827)
(1408, 828)
(1408, 829)
(1408, 830)
(1408, 831)
(1408, 832)
(1408, 833)
(1408, 834)
(1408, 835)
(1408, 836)
(1408, 837)
(1408, 838)
(1409, 839)
(1409, 840)
(1409, 841)
(1409, 842)
(1409, 843)
(1409, 844)
(1409, 845)
(1409, 846)
(1409, 847)
(1409, 848)
(1409, 849)
(1409, 850)
(1409, 851)
(1409, 852)
(1409, 853)
(1409, 854)
(1409, 855)
(1409, 856)
(1409, 857)
(1409, 858)
(1409, 859)
(1409, 860)
(1409, 861)
(1409, 862)
(1409, 863)
(1409, 864)
(1409, 865)
(1409, 866)
(1409, 867)
(1409, 868)
(1409, 869)
(1410, 870)
(1410, 871)
(1409, 872)
(1409, 873)
(1409, 874)
(1409, 875)
(1409, 876)
(1409, 877)
(1409, 878)
(1409, 879)
(1409, 880)
(1409, 881)
(1409, 882)
(1409, 883)
(1409, 884)
(1409, 885)
(1409, 886)
(1409, 887)
(1409, 888)
(1409, 889)
(1409, 890)
(1409, 891)
(1409, 892)
(1409, 893)
(1409, 894)
(1409, 895)
(1409, 896)
(1409, 897)
(1409, 898)
(1409, 899)
(1409, 900)
(1410, 901)
(1410, 902)
(1410, 903)
(1410, 904)
(1409, 905)
(1409, 906)
(1409, 907)
(1409, 908)
(1409, 909)
(1409, 910)
(1409, 911)
(1409, 912)
(1409, 913)
(1409, 914)
(1408, 915)
(1408, 916)
(1408, 917)
(1409, 918)
(1410, 919)
(1410, 920)
(1409, 921)
(1409, 922)
(1410, 923)
(1410, 924)
(1410, 925)
(1410, 926)
(1410, 927)
(1409, 928)
(1409, 929)
(1410, 930)
(1410, 931)
(1410, 932)
(1410, 933)
(1409, 934)
(1409, 935)
(1410, 936)
(1410, 937)
(1410, 938)
(1409, 939)
(1409, 940)
(1410, 941)
(1410, 942)
(1409, 943)
(1409, 944)
(1410, 945)
(1409, 946)
(1409, 947)
(1410, 948)
(1410, 949)
(1410, 950)
(1410, 951)
(1410, 952)
(1410, 953)
(1409, 954)
(1409, 955)
(1409, 956)
(1409, 957)
(1410, 958)
(1410, 959)
(1409, 960)
(1409, 961)
(1409, 962)
(1410, 963)
(1410, 964)
(1410, 965)
(1410, 966)
(1410, 967)
(1410, 968)
(1409, 969)
(1409, 970)
(1409, 971)
(1409, 972)
(1410, 973)
(1410, 974)
(1410, 975)
(1410, 976)
(1410, 977)
(1410, 978)
(1410, 979)
(1409, 980)
(1409, 981)
(1409, 982)
(1409, 983)
(1409, 984)
(1409, 985)
(1409, 986)
(1409, 987)
(1409, 988)
(1409, 989)
(1409, 990)
(1409, 991)
(1409, 992)
(1409, 993)
(1409, 997)
(1409, 998)
(1409, 999)
(1409, 1000)
(1409, 1001)
(1409, 1002)
(1409, 1003)
(1409, 1004)
(1409, 1005)
(1409, 1006)
(1409, 1007)
(1409, 1008)
(1409, 1009)
(1409, 1010)
(1409, 1011)
(1408, 1012)
(1408, 1013)
(1408, 1014)
(1409, 1015)
(1409, 1016)
(1409, 1017)
(1409, 1018)
(1409, 1019)
(1409, 1020)
(1409, 1021)
(1409, 1022)
(1409, 1023)
(1409, 1024)
(1409, 1025)
(1409, 1026)
(1409, 1027)
(1409, 1028)
(1410, 1029)
(1410, 1030)
(1409, 1031)
(1409, 1032)
(1409, 1033)
(1409, 1034)
(1410, 1035)
(1410, 1036)
(1410, 1037)
(1410, 1038)
(1410, 1039)
(1410, 1040)
(1410, 1041)
(1410, 1042)
(1410, 1043)
(1410, 1044)
(1410, 1045)
(1410, 1046)
(1410, 1047)
(1410, 1048)
(1410, 1049)
(1410, 1050)
(1410, 1051)
(1410, 1052)
(1410, 1053)
(1410, 1054)
(1410, 1055)
(1410, 1056)
(1410, 1057)
(1409, 1058)
(1409, 1059)
(1409, 1060)
(1410, 1061)
(1410, 1062)
(1410, 1063)
(1410, 1064)
(1410, 1065)
(1409, 1066)
(1409, 1067)
(1409, 1068)
(1409, 1069)
(1409, 1070)
(1410, 1071)
(1410, 1072)
(1410, 1073)
(1410, 1074)
(1410, 1075)
(1410, 1076)
(1410, 1077)
(1410, 1078)
(1410, 1079)
(1410, 1080)
(1410, 1081)
(1410, 1082)
(1410, 1083)
(1410, 1084)
(1410, 1085)
(1410, 1086)
(1410, 1087)
(1410, 1088)
(1410, 1089)
(1410, 1090)
(1410, 1091)
(1410, 1092)
(1410, 1093)
(1410, 1094)
(1410, 1095)
(1410, 1096)
(1410, 1097)
(1410, 1098)
(1410, 1099)
(1410, 1100)
(1410, 1101)
(1410, 1102)
(1410, 1103)
(1410, 1104)
(1410, 1105)
(1410, 1106)
(1410, 1107)
(1410, 1108)
(1410, 1109)
(1410, 1110)
(1410, 1111)
(1410, 1112)
(1409, 1113)
(1409, 1114)
(1409, 1115)
(1410, 1116)
(1409, 1117)
(1409, 1118)
(1409, 1119)
(1409, 1120)
(1409, 1121)
(1409, 1122)
(1409, 1123)
(1409, 1124)
(1409, 1125)
(1409, 1126)
(1409, 1127)
(1409, 1128)
(1409, 1129)
(1410, 1130)
(1410, 1131)
(1410, 1132)
(1410, 1133)
(1410, 1134)
(1410, 1135)
(1410, 1136)
(1410, 1137)
(1410, 1138)
(1410, 1139)
(1410, 1140)
(1410, 1141)
(1410, 1142)
(1410, 1143)
(1410, 1144)
(1410, 1145)
(1410, 1146)
(1410, 1147)
(1410, 1148)
(1410, 1149)
(1410, 1150)
(1410, 1151)
(1409, 1152)
(1409, 1153)
(1410, 1154)
(1410, 1155)
(1410, 1156)
(1410, 1157)
(1410, 1158)
(1410, 1159)
(1410, 1160)
(1410, 1161)
(1410, 1162)
(1410, 1163)
(1410, 1164)
(1409, 1165)
(1410, 1166)
(1410, 1167)
(1410, 1168)
(1409, 1169)
(1409, 1170)
(1409, 1171)
(1409, 1172)
(1409, 1173)
(1409, 1174)
(1409, 1175)
(1409, 1176)
(1409, 1177)
(1409, 1178)
(1408, 1179)
(1408, 1181)
(1409, 1182)
(1409, 1183)
(1409, 1184)
(1409, 1185)
(1409, 1186)
(1409, 1187)
(1409, 1188)
(1409, 1189)
(1408, 1190)
(1408, 1191)
(1408, 1192)
(1408, 1193)
(1408, 1194)
(1408, 1195)
(1408, 1196)
(1408, 1197)
(1408, 1198)
(1409, 1199)
(1409, 1200)
(1408, 1201)
(1409, 1202)
(1408, 1203)
(1408, 1204)
(1408, 1205)
(1408, 1206)
(1409, 1207)
(1409, 1208)
(1409, 1209)
(1409, 1210)
(1410, 1211)
(1410, 1212)
(1410, 1213)
(1409, 1214)
(1409, 1215)
(1409, 1216)
(1410, 1217)
(1410, 1218)
(1410, 1219)
(1410, 1220)
(1410, 1221)
(1410, 1222)
(1410, 1223)
(1410, 1224)
(1410, 1225)
(1410, 1226)
(1410, 1227)
(1409, 1228)
(1409, 1229)
(1409, 1230)
(1410, 1231)
(1409, 1232)
(1409, 1233)
(1409, 1234)
(1409, 1235)
(1409, 1236)
(1409, 1237)
(1410, 1238)
(1410, 1239)
(1410, 1240)
(1409, 1241)
(1409, 1242)
(1409, 1243)
(1409, 1244)
(1409, 1245)
(1409, 1246)
(1409, 1247)
(1409, 1248)
(1409, 1249)
(1409, 1250)
(1409, 1251)
(1409, 1252)
(1409, 1253)
(1409, 1254)
(1409, 1255)
(1409, 1256)
(1409, 1257)
(1410, 1258)
(1409, 1259)
(1409, 1260)
(1409, 1261)
(1409, 1262)
(1409, 1263)
(1409, 1264)
(1409, 1265)
(1409, 1266)
(1409, 1267)
(1409, 1268)
(1409, 1269)
(1410, 1270)
(1410, 1271)
(1409, 1272)
(1410, 1273)
(1410, 1274)
(1410, 1275)
(1410, 1276)
(1410, 1277)
(1410, 1278)
(1410, 1279)
(1410, 1280)
(1410, 1281)
(1410, 1282)
(1410, 1283)
(1410, 1284)
(1410, 1285)
(1410, 1286)
(1410, 1287)
(1410, 1288)
(1410, 1289)
(1410, 1290)
(1410, 1291)
(1410, 1292)
(1410, 1293)
(1410, 1294)
(1410, 1295)
(1410, 1296)
(1410, 1297)
(1410, 1298)
(1410, 1299)
(1409, 1300)
(1409, 1301)
(1409, 1302)
(1409, 1303)
(1409, 1304)
(1409, 1305)
(1409, 1306)
(1409, 1307)
(1409, 1308)
(1409, 1309)
(1409, 1310)
(1409, 1311)
(1410, 1312)
(1410, 1313)
(1410, 1314)
(1410, 1315)
(1410, 1316)
(1410, 1317)
(1410, 1318)
(1410, 1319)
(1409, 1320)
(1410, 1321)
(1410, 1322)
(1410, 1323)
(1410, 1324)
(1410, 1325)
(1410, 1326)
(1410, 1327)
(1410, 1328)
(1410, 1329)
(1410, 1330)
(1410, 1331)
(1410, 1332)
(1410, 1333)
(1410, 1334)
(1410, 1335)
(1410, 1336)
(1410, 1337)
(1410, 1338)
(1410, 1339)
(1410, 1340)
(1410, 1341)
(1410, 1342)
(1410, 1343)
(1410, 1344)
(1410, 1345)
(1410, 1346)
(1410, 1347)
(1410, 1348)
(1410, 1349)
(1410, 1350)
(1410, 1351)
(1410, 1352)
(1410, 1353)
(1410, 1354)
(1410, 1355)
(1410, 1356)
(1410, 1357)
(1410, 1358)
(1409, 1359)
(1410, 1360)
(1409, 1361)
(1409, 1362)
(1408, 1365)
(1409, 1366)
(1409, 1367)
(1409, 1368)
(1410, 1369)
(1409, 1370)
(1409, 1371)
(1409, 1372)
(1409, 1373)
(1408, 1374)
(1408, 1375)
(1408, 1376)
(1408, 1377)
(1408, 1378)
(1408, 1379)
(1408, 1380)
(1409, 1381)
(1409, 1382)
(1409, 1383)
(1409, 1384)
(1409, 1385)
(1409, 1386)
(1409, 1387)
(1409, 1388)
(1409, 1389)
(1409, 1390)
(1409, 1391)
(1409, 1392)
(1409, 1393)
(1409, 1394)
(1409, 1395)
(1409, 1396)
(1409, 1397)
(1409, 1398)
(1409, 1399)
(1410, 1400)
(1410, 1401)
(1410, 1402)
(1410, 1403)
(1410, 1404)
(1410, 1405)
(1410, 1406)
(1410, 1407)
(1410, 1408)
(1410, 1409)
(1410, 1410)
(1410, 1411)
(1410, 1412)
(1410, 1413)
(1410, 1414)
(1410, 1415)
(1410, 1416)
(1410, 1417)
(1409, 1418)
(1409, 1419)
(1409, 1420)
(1410, 1421)
(1410, 1422)
(1410, 1423)
(1410, 1424)
(1410, 1425)
(1410, 1426)
(1409, 1427)
(1409, 1428)
(1409, 1429)
(1409, 1430)
(1409, 1431)
(1409, 1432)
(1409, 1433)
(1409, 1434)
(1409, 1435)
(1409, 1436)
(1409, 1437)
(1409, 1438)
(1409, 1439)
(1409, 1440)
(1409, 1441)
(1409, 1442)
(1409, 1443)
(1409, 1444)
(1409, 1445)
(1409, 1446)
(1409, 1447)
(1409, 1448)
(1409, 1449)
(1409, 1450)
(1409, 1451)
(1409, 1452)
(1409, 1453)
(1409, 1454)
(1409, 1455)
(1410, 1456)
(1410, 1457)
(1410, 1458)
(1410, 1459)
(1409, 1460)
(1409, 1461)
(1409, 1462)
(1409, 1463)
(1409, 1464)
(1409, 1465)
(1409, 1466)
(1409, 1467)
(1409, 1468)
(1409, 1469)
(1409, 1470)
(1409, 1471)
(1409, 1472)
(1409, 1473)
(1409, 1474)
(1409, 1475)
(1409, 1476)
(1409, 1477)
(1409, 1478)
(1409, 1479)
(1409, 1480)
(1409, 1481)
(1409, 1482)
(1409, 1483)
(1409, 1484)
(1409, 1485)
(1409, 1486)
(1409, 1487)
(1409, 1488)
(1409, 1489)
(1409, 1490)
(1409, 1491)
(1409, 1492)
(1409, 1493)
(1409, 1494)
(1409, 1495)
(1409, 1496)
(1409, 1497)
(1409, 1498)
(1409, 1499)
(1409, 1500)
(1409, 1501)
(1409, 1502)
(1409, 1503)
(1409, 1504)
(1409, 1505)
(1409, 1506)
(1409, 1507)
(1409, 1508)
(1409, 1509)
(1409, 1510)
(1409, 1511)
(1409, 1512)
(1409, 1513)
(1409, 1514)
(1409, 1515)
(1409, 1516)
(1409, 1517)
(1409, 1518)
(1409, 1519)
(1409, 1520)
(1409, 1521)
(1409, 1522)
(1409, 1523)
(1409, 1524)
(1409, 1525)
(1408, 1526)
(1408, 1527)
(1408, 1528)
(1408, 1529)
(1408, 1530)
(1408, 1531)
(1408, 1532)
(1409, 1533)
(1408, 1534)
(1408, 1535)
(1408, 1536)
(1408, 1537)
(1408, 1538)
(1408, 1539)
(1408, 1540)
(1408, 1541)
(1408, 1542)
(1408, 1543)
(1408, 1544)
(1408, 1545)
(1408, 1546)
(1408, 1549)
(1408, 1550)
(1408, 1551)
(1409, 1552)
(1409, 1553)
(1409, 1554)
(1409, 1555)
(1409, 1556)
(1408, 1557)
(1409, 1558)
(1409, 1559)
(1409, 1560)
(1409, 1561)
(1409, 1562)
(1409, 1563)
(1409, 1564)
(1409, 1565)
(1409, 1566)
(1409, 1567)
(1409, 1568)
(1409, 1569)
(1409, 1570)
(1409, 1571)
(1409, 1572)
(1409, 1573)
(1409, 1574)
(1409, 1575)
(1409, 1576)
(1409, 1577)
(1409, 1578)
(1409, 1579)
(1409, 1580)
(1409, 1581)
(1409, 1582)
(1409, 1583)
(1409, 1584)
(1409, 1585)
(1409, 1586)
(1409, 1587)
(1409, 1588)
(1409, 1589)
(1409, 1590)
(1409, 1591)
(1409, 1592)
(1409, 1593)
(1409, 1594)
(1409, 1595)
(1409, 1596)
(1409, 1597)
(1408, 1598)
(1408, 1599)
(1408, 1600)
(1408, 1601)
(1408, 1602)
(1409, 1603)
(1409, 1604)
(1409, 1605)
(1409, 1606)
(1409, 1607)
(1409, 1608)
(1409, 1609)
(1409, 1610)
(1409, 1611)
(1409, 1612)
(1409, 1613)
(1409, 1614)
(1409, 1615)
(1409, 1616)
(1409, 1617)
(1409, 1618)
(1409, 1619)
(1409, 1620)
(1409, 1621)
(1409, 1622)
(1409, 1623)
(1409, 1624)
(1409, 1625)
(1409, 1626)
(1409, 1627)
(1409, 1628)
(1409, 1629)
(1409, 1630)
(1409, 1631)
(1409, 1632)
(1409, 1633)
(1409, 1634)
(1409, 1635)
(1409, 1636)
(1409, 1637)
(1409, 1638)
(1409, 1639)
(1409, 1640)
(1409, 1641)
(1409, 1642)
(1409, 1643)
(1409, 1644)
(1409, 1645)
(1408, 1646)
(1409, 1647)
(1409, 1648)
(1409, 1649)
(1409, 1650)
(1409, 1651)
(1409, 1652)
(1409, 1653)
(1409, 1654)
(1409, 1655)
(1409, 1656)
(1409, 1657)
(1409, 1658)
(1409, 1659)
(1409, 1660)
(1409, 1661)
(1409, 1662)
(1409, 1663)
(1409, 1664)
(1409, 1665)
(1409, 1666)
(1409, 1667)
(1409, 1668)
(1409, 1669)
(1409, 1670)
(1409, 1671)
(1409, 1672)
(1409, 1673)
(1409, 1674)
(1409, 1675)
(1409, 1676)
(1409, 1677)
(1409, 1678)
(1409, 1679)
(1409, 1680)
(1409, 1681)
(1409, 1682)
(1409, 1683)
(1409, 1684)
(1409, 1685)
(1409, 1686)
(1409, 1687)
(1409, 1688)
(1409, 1689)
(1409, 1690)
(1409, 1691)
(1409, 1692)
(1409, 1693)
(1409, 1694)
(1409, 1695)
(1409, 1696)
(1409, 1697)
(1409, 1698)
(1409, 1699)
(1409, 1700)
(1409, 1701)
(1409, 1702)
(1409, 1703)
(1409, 1704)
(1409, 1705)
(1409, 1706)
(1409, 1707)
(1409, 1708)
(1409, 1709)
(1409, 1710)
(1409, 1711)
(1409, 1712)
(1409, 1713)
(1409, 1714)
(1409, 1715)
(1409, 1716)
(1408, 1717)
(1408, 1718)
(1408, 1719)
(1408, 1720)
(1408, 1721)
(1408, 1722)
(1408, 1723)
(1408, 1724)
(1409, 1725)
(1409, 1726)
(1409, 1727)
(1408, 1728)
(1409, 1729)
(1407, 1730)
(1407, 1733)
(1408, 1734)
(1408, 1735)
(1408, 1736)
(1408, 1737)
(1408, 1738)
(1408, 1739)
(1408, 1740)
(1408, 1741)
(1408, 1742)
(1408, 1743)
(1408, 1744)
(1408, 1745)
(1408, 1746)
(1408, 1747)
(1408, 1748)
(1408, 1749)
(1408, 1750)
(1408, 1751)
(1408, 1752)
(1408, 1753)
(1408, 1754)
(1408, 1755)
(1408, 1756)
(1408, 1757)
(1408, 1758)
(1408, 1759)
(1408, 1760)
(1408, 1761)
(1408, 1762)
(1409, 1763)
(1409, 1764)
(1409, 1765)
(1409, 1766)
(1409, 1767)
(1409, 1768)
(1409, 1769)
(1409, 1770)
(1409, 1771)
(1409, 1772)
(1409, 1773)
(1409, 1774)
(1409, 1775)
(1409, 1776)
(1409, 1777)
(1409, 1778)
(1409, 1779)
(1409, 1780)
(1409, 1781)
(1409, 1782)
(1409, 1783)
(1409, 1784)
(1409, 1785)
(1409, 1786)
(1409, 1787)
(1409, 1788)
(1409, 1789)
(1409, 1790)
(1409, 1791)
(1409, 1792)
(1409, 1793)
(1409, 1794)
(1409, 1795)
(1409, 1796)
(1409, 1797)
(1409, 1798)
(1409, 1799)
(1408, 1800)
(1408, 1801)
(1409, 1802)
(1409, 1803)
(1409, 1804)
(1409, 1805)
(1409, 1806)
(1409, 1807)
(1409, 1808)
(1409, 1809)
(1409, 1810)
(1409, 1811)
(1409, 1812)
(1409, 1813)
(1409, 1814)
(1409, 1815)
(1409, 1816)
(1409, 1817)
(1409, 1818)
(1409, 1819)
(1409, 1820)
(1409, 1821)
(1409, 1822)
(1409, 1823)
(1408, 1824)
(1408, 1825)
(1408, 1826)
(1409, 1827)
(1408, 1828)
(1408, 1829)
(1408, 1830)
(1408, 1831)
(1408, 1832)
(1409, 1833)
(1409, 1834)
(1408, 1835)
(1409, 1836)
(1409, 1837)
(1409, 1838)
(1409, 1839)
(1409, 1840)
(1409, 1841)
(1409, 1842)
(1409, 1843)
(1409, 1844)
(1409, 1845)
(1408, 1846)
(1409, 1847)
(1409, 1848)
(1409, 1849)
(1409, 1850)
(1409, 1851)
(1409, 1852)
(1409, 1853)
(1409, 1854)
(1409, 1855)
(1409, 1856)
(1409, 1857)
(1409, 1858)
(1409, 1859)
(1409, 1860)
(1409, 1861)
(1409, 1862)
(1409, 1863)
(1409, 1864)
(1409, 1865)
(1409, 1866)
(1409, 1867)
(1409, 1868)
(1409, 1869)
(1409, 1870)
(1408, 1871)
(1408, 1872)
(1408, 1873)
(1408, 1874)
(1408, 1875)
(1408, 1876)
(1408, 1877)
(1408, 1878)
(1408, 1879)
(1408, 1880)
(1408, 1881)
(1408, 1882)
(1408, 1883)
(1408, 1884)
(1408, 1885)
(1408, 1886)
(1409, 1887)
(1408, 1888)
(1408, 1889)
(1408, 1890)
(1408, 1891)
(1408, 1892)
(1409, 1893)
(1408, 1894)
(1408, 1895)
(1408, 1896)
(1408, 1897)
(1409, 1898)
(1409, 1899)
(1409, 1900)
(1409, 1901)
(1409, 1902)
(1409, 1903)
(1409, 1904)
(1409, 1905)
(1409, 1906)
(1409, 1907)
(1409, 1908)
(1409, 1909)
(1409, 1910)
(1408, 1911)
(1408, 1912)
(1408, 1913)
(1407, 1914)
(1405, 1915)
(1408, 1916)
(1408, 1917)
(1408, 1918)
(1408, 1919)
(1408, 1920)
(1408, 1921)
(1408, 1922)
(1408, 1923)
(1408, 1924)
(1408, 1925)
(1408, 1926)
(1408, 1927)
(1408, 1928)
(1408, 1929)
(1408, 1930)
(1408, 1931)
(1408, 1932)
(1408, 1933)
(1408, 1934)
(1408, 1935)
(1408, 1936)
(1408, 1937)
(1408, 1938)
(1408, 1939)
(1408, 1940)
(1408, 1941)
(1408, 1942)
(1408, 1943)
(1409, 1944)
(1409, 1945)
(1408, 1946)
(1408, 1947)
(1409, 1948)
(1409, 1949)
(1408, 1950)
(1408, 1951)
(1408, 1952)
(1409, 1953)
(1409, 1954)
(1409, 1955)
(1409, 1956)
(1409, 1957)
(1409, 1958)
(1409, 1959)
(1408, 1960)
(1408, 1961)
(1409, 1962)
(1409, 1963)
(1409, 1964)
(1409, 1965)
(1408, 1966)
(1408, 1967)
(1408, 1968)
(1408, 1969)
(1408, 1970)
(1408, 1971)
(1408, 1972)
(1408, 1973)
(1409, 1974)
(1409, 1975)
(1409, 1976)
(1409, 1977)
(1409, 1978)
(1408, 1979)
(1408, 1980)
(1408, 1981)
(1408, 1982)
(1408, 1983)
(1408, 1984)
(1409, 1985)
(1409, 1986)
(1408, 1987)
(1408, 1988)
(1408, 1989)
(1408, 1990)
(1409, 1991)
(1409, 1992)
(1409, 1993)
(1408, 1994)
(1408, 1995)
(1408, 1996)
(1408, 1997)
(1408, 1998)
(1408, 1999)
(1408, 2000)
(1408, 2001)
(1408, 2002)
(1408, 2003)
(1408, 2004)
(1408, 2005)
(1408, 2006)
(1408, 2007)
(1408, 2008)
(1408, 2009)
(1408, 2010)
(1409, 2011)
(1408, 2012)
(1409, 2013)
(1409, 2014)
(1409, 2015)
(1409, 2016)
(1408, 2017)
(1408, 2018)
(1409, 2019)
(1409, 2020)
(1409, 2021)
(1409, 2022)
(1408, 2023)
(1409, 2024)
(1409, 2025)
(1408, 2026)
(1408, 2027)
(1408, 2028)
(1409, 2029)
(1409, 2030)
(1408, 2031)
(1408, 2032)
(1408, 2033)
(1408, 2034)
(1408, 2035)
(1408, 2036)
(1408, 2037)
(1408, 2038)
(1408, 2039)
(1409, 2040)
(1409, 2041)
(1409, 2042)
(1409, 2043)
(1409, 2044)
(1409, 2045)
(1409, 2046)
(1409, 2047)
(1408, 2048)
(1408, 2049)
(1408, 2050)
(1408, 2051)
(1408, 2052)
(1408, 2053)
(1408, 2054)
(1408, 2055)
(1408, 2056)
(1408, 2057)
(1408, 2058)
(1408, 2059)
(1409, 2060)
(1409, 2061)
(1409, 2062)
(1409, 2063)
(1409, 2064)
(1409, 2065)
(1409, 2066)
(1409, 2067)
(1409, 2068)
(1409, 2069)
(1409, 2070)
(1409, 2071)
(1409, 2072)
(1409, 2073)
(1409, 2074)
(1409, 2075)
(1409, 2076)
(1409, 2077)
(1409, 2078)
(1409, 2079)
(1409, 2080)
(1409, 2081)
(1409, 2082)
(1409, 2083)
(1409, 2084)
(1409, 2085)
(1409, 2086)
(1409, 2087)
(1409, 2088)
(1409, 2089)
(1409, 2090)
(1409, 2091)
(1409, 2092)
(1408, 2093)
(1409, 2094)
(1408, 2095)
(1408, 2096)
(1406, 2098)
(1408, 2099)
(1409, 2100)
(1413, 2101)
(1409, 2102)
(1409, 2103)
(1409, 2104)
(1408, 2105)
(1408, 2106)
(1408, 2107)
(1408, 2108)
(1408, 2109)
(1408, 2110)
(1408, 2111)
(1408, 2112)
(1408, 2113)
(1408, 2114)
(1408, 2115)
(1408, 2116)
(1408, 2117)
(1409, 2118)
(1409, 2119)
(1409, 2120)
(1409, 2121)
(1409, 2122)
(1409, 2123)
(1409, 2124)
(1409, 2125)
(1409, 2126)
(1409, 2127)
(1409, 2128)
(1409, 2129)
(1409, 2130)
(1409, 2131)
(1408, 2132)
(1408, 2133)
(1408, 2134)
(1408, 2135)
(1408, 2136)
(1408, 2137)
(1408, 2138)
(1408, 2139)
(1408, 2140)
(1409, 2141)
(1409, 2142)
(1409, 2143)
(1409, 2144)
(1408, 2145)
(1408, 2146)
(1408, 2147)
(1409, 2148)
(1409, 2149)
(1409, 2150)
(1409, 2151)
(1408, 2152)
(1408, 2153)
(1408, 2154)
(1408, 2155)
(1408, 2156)
(1408, 2157)
(1409, 2158)
(1409, 2159)
(1409, 2160)
(1409, 2161)
(1408, 2162)
(1408, 2163)
(1408, 2164)
(1409, 2165)
(1409, 2166)
(1409, 2167)
(1409, 2168)
(1409, 2169)
(1409, 2170)
(1409, 2171)
(1409, 2172)
(1409, 2173)
(1409, 2174)
(1409, 2175)
(1409, 2176)
(1409, 2177)
(1409, 2178)
(1409, 2179)
(1409, 2180)
(1409, 2181)
(1409, 2182)
(1409, 2183)
(1409, 2184)
(1409, 2185)
(1409, 2186)
(1409, 2187)
(1409, 2188)
(1409, 2189)
(1409, 2190)
(1409, 2191)
(1409, 2192)
(1408, 2193)
(1408, 2194)
(1408, 2195)
(1408, 2196)
(1408, 2197)
(1408, 2198)
(1408, 2199)
(1408, 2200)
(1409, 2201)
(1409, 2202)
(1408, 2203)
(1409, 2204)
(1408, 2205)
(1409, 2206)
(1409, 2207)
(1409, 2208)
(1409, 2209)
(1408, 2210)
(1408, 2211)
(1408, 2212)
(1409, 2213)
(1408, 2214)
(1408, 2215)
(1408, 2216)
(1409, 2217)
(1409, 2218)
(1408, 2219)
(1408, 2220)
(1409, 2221)
(1409, 2222)
(1409, 2223)
(1409, 2224)
(1409, 2225)
(1409, 2226)
(1409, 2227)
(1409, 2228)
(1409, 2229)
(1409, 2230)
(1409, 2231)
(1409, 2232)
(1409, 2233)
(1408, 2234)
(1408, 2235)
(1408, 2236)
(1408, 2237)
(1408, 2238)
(1408, 2239)
(1408, 2240)
(1408, 2241)
(1408, 2242)
(1408, 2243)
(1409, 2244)
(1409, 2245)
(1409, 2246)
(1408, 2247)
(1408, 2248)
(1409, 2249)
(1409, 2250)
(1409, 2251)
(1408, 2252)
(1408, 2253)
(1408, 2254)
(1409, 2255)
(1409, 2256)
(1409, 2257)
(1409, 2258)
(1409, 2259)
(1408, 2260)
(1408, 2261)
(1408, 2262)
(1408, 2263)
(1408, 2264)
(1408, 2265)
(1408, 2266)
(1408, 2267)
(1408, 2268)
(1408, 2269)
(1408, 2270)
(1408, 2271)
(1408, 2272)
(1409, 2273)
(1409, 2274)
(1409, 2275)
(1409, 2276)
(1409, 2277)
(1408, 2278)
(1408, 2279)
(1407, 2280)
(1405, 2281)
(1407, 2282)
(1408, 2283)
(1408, 2284)
(1408, 2285)
(1408, 2286)
(1408, 2287)
(1408, 2288)
(1408, 2289)
(1408, 2290)
(1408, 2291)
(1408, 2292)
(1408, 2293)
(1408, 2294)
(1408, 2295)
(1408, 2296)
(1408, 2297)
(1408, 2298)
(1408, 2299)
(1408, 2300)
(1408, 2301)
(1408, 2302)
(1408, 2303)
(1408, 2304)
(1408, 2305)
(1408, 2306)
(1408, 2307)
(1408, 2308)
(1409, 2309)
(1409, 2310)
(1409, 2311)
(1409, 2312)
(1409, 2313)
(1409, 2314)
(1409, 2315)
(1409, 2316)
(1408, 2317)
(1408, 2318)
(1409, 2319)
(1409, 2320)
(1409, 2321)
(1409, 2322)
(1408, 2323)
(1408, 2324)
(1409, 2325)
(1409, 2326)
(1408, 2327)
(1408, 2328)
(1408, 2329)
(1408, 2330)
(1408, 2331)
(1408, 2332)
(1408, 2333)
(1409, 2334)
(1409, 2335)
(1408, 2336)
(1408, 2337)
(1408, 2338)
(1409, 2339)
(1409, 2340)
(1408, 2341)
(1408, 2342)
(1408, 2343)
(1408, 2344)
(1408, 2345)
(1408, 2346)
(1409, 2347)
(1409, 2348)
(1409, 2349)
(1408, 2350)
(1409, 2351)
(1409, 2352)
(1409, 2353)
(1409, 2354)
(1409, 2355)
(1409, 2356)
(1409, 2357)
(1409, 2358)
(1409, 2359)
(1409, 2360)
(1409, 2361)
(1409, 2362)
(1409, 2363)
(1409, 2364)
(1409, 2365)
(1409, 2366)
(1409, 2367)
(1409, 2368)
(1409, 2369)
(1409, 2370)
(1409, 2371)
(1409, 2372)
(1409, 2373)
(1408, 2374)
(1408, 2375)
(1408, 2376)
(1408, 2377)
(1408, 2378)
(1408, 2379)
(1408, 2380)
(1408, 2381)
(1408, 2382)
(1408, 2383)
(1408, 2384)
(1409, 2385)
(1409, 2386)
(1409, 2387)
(1408, 2388)
(1408, 2389)
(1408, 2390)
(1408, 2391)
(1408, 2392)
(1408, 2393)
(1408, 2394)
(1408, 2395)
(1408, 2396)
(1408, 2397)
(1409, 2398)
(1409, 2399)
(1409, 2400)
(1409, 2401)
(1408, 2402)
(1408, 2403)
(1408, 2404)
(1409, 2405)
(1409, 2406)
(1409, 2407)
(1409, 2408)
(1409, 2409)
(1409, 2410)
(1409, 2411)
(1409, 2412)
(1409, 2413)
(1409, 2414)
(1409, 2415)
(1409, 2416)
(1409, 2417)
(1409, 2418)
(1408, 2419)
(1408, 2420)
(1408, 2421)
(1409, 2422)
(1409, 2423)
(1409, 2424)
(1410, 2425)
(1411, 2426)
(1410, 2427)
(1409, 2428)
(1409, 2429)
(1409, 2430)
(1409, 2431)
(1409, 2432)
(1409, 2433)
(1409, 2434)
(1409, 2435)
(1409, 2436)
(1409, 2437)
(1409, 2438)
(1409, 2439)
(1409, 2440)
(1409, 2441)
(1409, 2442)
(1409, 2443)
(1409, 2444)
(1409, 2445)
(1409, 2446)
(1409, 2447)
(1409, 2448)
(1409, 2449)
(1409, 2450)
(1409, 2451)
(1409, 2452)
(1409, 2453)
(1409, 2454)
(1409, 2455)
(1409, 2456)
(1409, 2457)
(1409, 2458)
(1409, 2459)
(1409, 2460)
(1408, 2461)
(1408, 2462)
(1408, 2465)
(1409, 2466)
(1408, 2467)
(1409, 2468)
(1409, 2469)
(1409, 2470)
(1408, 2471)
(1408, 2472)
(1408, 2473)
(1408, 2474)
(1408, 2475)
(1408, 2476)
(1408, 2477)
(1409, 2478)
(1409, 2479)
(1409, 2480)
(1409, 2481)
(1409, 2482)
(1409, 2483)
(1409, 2484)
(1409, 2485)
(1409, 2486)
(1409, 2487)
(1409, 2488)
(1408, 2489)
(1409, 2490)
(1409, 2491)
(1409, 2492)
(1409, 2493)
(1409, 2494)
(1409, 2495)
(1409, 2496)
(1409, 2497)
(1409, 2498)
(1409, 2499)
(1409, 2500)
(1409, 2501)
(1409, 2502)
(1409, 2503)
(1409, 2504)
(1409, 2505)
(1409, 2506)
(1409, 2507)
(1409, 2508)
(1409, 2509)
(1409, 2510)
(1409, 2511)
(1409, 2512)
(1409, 2513)
(1409, 2514)
(1409, 2515)
(1409, 2516)
(1409, 2517)
(1409, 2518)
(1409, 2519)
(1409, 2520)
(1409, 2521)
(1409, 2522)
(1409, 2523)
(1409, 2524)
(1409, 2525)
(1409, 2526)
(1409, 2527)
(1409, 2528)
(1409, 2529)
(1409, 2530)
(1409, 2531)
(1409, 2532)
(1409, 2533)
(1409, 2534)
(1409, 2535)
(1409, 2536)
(1409, 2537)
(1409, 2538)
(1409, 2539)
(1409, 2540)
(1409, 2541)
(1409, 2542)
(1409, 2543)
(1409, 2544)
(1409, 2545)
(1409, 2546)
(1409, 2547)
(1409, 2548)
(1409, 2549)
(1409, 2550)
(1409, 2551)
(1409, 2552)
(1409, 2553)
(1409, 2554)
(1409, 2555)
(1409, 2556)
(1409, 2557)
(1409, 2558)
(1409, 2559)
(1409, 2560)
(1409, 2561)
(1409, 2562)
(1409, 2563)
(1409, 2564)
(1409, 2565)
(1409, 2566)
(1409, 2567)
(1409, 2568)
(1409, 2569)
(1409, 2570)
(1409, 2571)
(1409, 2572)
(1409, 2573)
(1408, 2574)
(1408, 2575)
(1408, 2576)
(1409, 2577)
(1409, 2578)
(1409, 2579)
(1409, 2580)
(1409, 2581)
(1409, 2582)
(1409, 2583)
(1409, 2584)
(1409, 2585)
(1409, 2586)
(1409, 2587)
(1409, 2588)
(1409, 2589)
(1409, 2590)
(1409, 2591)
(1409, 2592)
(1409, 2593)
(1409, 2594)
(1409, 2595)
(1409, 2596)
(1409, 2597)
(1409, 2598)
(1409, 2599)
(1409, 2600)
(1409, 2601)
(1409, 2602)
(1409, 2603)
(1409, 2604)
(1409, 2605)
(1409, 2606)
(1409, 2607)
(1409, 2608)
(1409, 2609)
(1409, 2610)
(1409, 2611)
(1409, 2612)
(1409, 2613)
(1409, 2614)
(1409, 2615)
(1409, 2616)
(1409, 2617)
(1409, 2618)
(1409, 2619)
(1409, 2620)
(1409, 2621)
(1409, 2622)
(1409, 2623)
(1409, 2624)
(1409, 2625)
(1409, 2626)
(1409, 2627)
(1409, 2628)
(1409, 2629)
(1409, 2630)
(1409, 2631)
(1409, 2632)
(1409, 2633)
(1409, 2634)
(1409, 2635)
(1409, 2636)
(1409, 2637)
(1409, 2638)
(1409, 2639)
(1409, 2640)
(1409, 2641)
(1409, 2642)
(1408, 2643)
(1408, 2644)
(1407, 2645)
(1408, 2648)
(1409, 2649)
(1409, 2650)
(1409, 2651)
(1409, 2652)
(1409, 2653)
(1409, 2654)
(1409, 2655)
(1409, 2656)
(1409, 2657)
(1408, 2658)
(1408, 2659)
(1408, 2660)
(1408, 2661)
(1408, 2662)
(1408, 2663)
(1408, 2664)
(1408, 2665)
(1408, 2666)
(1408, 2667)
(1408, 2668)
(1409, 2669)
(1409, 2670)
(1409, 2671)
(1409, 2672)
(1409, 2673)
(1408, 2674)
(1408, 2675)
(1409, 2676)
(1409, 2677)
(1409, 2678)
(1409, 2679)
(1409, 2680)
(1409, 2681)
(1409, 2682)
(1409, 2683)
(1409, 2684)
(1409, 2685)
(1409, 2686)
(1409, 2687)
(1409, 2688)
(1409, 2689)
(1409, 2690)
(1409, 2691)
(1409, 2692)
(1409, 2693)
(1409, 2694)
(1409, 2695)
(1409, 2696)
(1409, 2697)
(1409, 2698)
(1409, 2699)
(1409, 2700)
(1409, 2701)
(1409, 2702)
(1409, 2703)
(1409, 2704)
(1409, 2705)
(1409, 2706)
(1409, 2707)
(1409, 2708)
(1409, 2709)
(1409, 2710)
(1409, 2711)
(1409, 2712)
(1409, 2713)
(1409, 2714)
(1409, 2715)
(1409, 2716)
(1409, 2717)
(1409, 2718)
(1409, 2719)
(1409, 2720)
(1409, 2721)
(1409, 2722)
(1409, 2723)
(1408, 2724)
(1408, 2725)
(1409, 2726)
(1409, 2727)
(1409, 2728)
(1409, 2729)
(1409, 2730)
(1409, 2731)
(1409, 2732)
(1409, 2733)
(1409, 2734)
(1409, 2735)
(1409, 2736)
(1409, 2737)
(1409, 2738)
(1409, 2739)
(1409, 2740)
(1409, 2741)
(1409, 2742)
(1409, 2743)
(1409, 2744)
(1409, 2745)
(1409, 2746)
(1409, 2747)
(1409, 2748)
(1409, 2749)
(1409, 2750)
(1409, 2751)
(1409, 2752)
(1409, 2753)
(1409, 2754)
(1409, 2755)
(1409, 2756)
(1408, 2757)
(1409, 2758)
(1409, 2759)
(1409, 2760)
(1409, 2761)
(1409, 2762)
(1409, 2763)
(1409, 2764)
(1409, 2765)
(1409, 2766)
(1409, 2767)
(1409, 2768)
(1409, 2769)
(1409, 2770)
(1409, 2771)
(1409, 2772)
(1409, 2773)
(1409, 2774)
(1409, 2775)
(1409, 2776)
(1409, 2777)
(1409, 2778)
(1409, 2779)
(1409, 2780)
(1409, 2781)
(1409, 2782)
(1409, 2783)
(1409, 2784)
(1409, 2785)
(1409, 2786)
(1409, 2787)
(1409, 2788)
(1409, 2789)
(1409, 2790)
(1409, 2791)
(1409, 2792)
(1409, 2793)
(1409, 2794)
(1409, 2795)
(1409, 2796)
(1409, 2797)
(1409, 2798)
(1409, 2799)
(1409, 2800)
(1409, 2801)
(1409, 2802)
(1409, 2803)
(1409, 2804)
(1409, 2805)
(1409, 2806)
(1409, 2807)
(1409, 2808)
(1409, 2809)
(1409, 2810)
(1409, 2811)
(1409, 2812)
(1409, 2813)
(1409, 2814)
(1409, 2815)
(1409, 2816)
(1409, 2817)
(1409, 2818)
(1409, 2819)
(1409, 2820)
(1409, 2821)
(1409, 2822)
(1409, 2823)
(1409, 2824)
(1409, 2825)
(1408, 2826)
(1408, 2827)
(1407, 2828)
(1407, 2830)
(1408, 2831)
(1408, 2832)
(1408, 2833)
(1408, 2834)
(1408, 2835)
(1408, 2836)
(1408, 2837)
(1408, 2838)
(1408, 2839)
(1408, 2840)
(1409, 2841)
(1409, 2842)
(1409, 2843)
(1408, 2844)
(1408, 2845)
(1408, 2846)
(1408, 2847)
(1408, 2848)
(1408, 2849)
(1408, 2850)
(1408, 2851)
(1409, 2852)
(1409, 2853)
(1409, 2854)
(1409, 2855)
(1409, 2856)
(1409, 2857)
(1408, 2858)
(1408, 2859)
(1409, 2860)
(1409, 2861)
(1409, 2862)
(1409, 2863)
(1409, 2864)
(1409, 2865)
(1409, 2866)
(1409, 2867)
(1409, 2868)
(1409, 2869)
(1409, 2870)
(1409, 2871)
(1409, 2872)
(1409, 2873)
(1409, 2874)
(1409, 2875)
(1409, 2876)
(1409, 2877)
(1409, 2878)
(1409, 2879)
(1409, 2880)
(1409, 2881)
(1409, 2882)
(1409, 2883)
(1409, 2884)
(1409, 2885)
(1409, 2886)
(1409, 2887)
(1409, 2888)
(1409, 2889)
(1409, 2890)
(1409, 2891)
(1409, 2892)
(1409, 2893)
(1409, 2894)
(1409, 2895)
(1409, 2896)
(1409, 2897)
(1408, 2898)
(1408, 2899)
(1409, 2900)
(1409, 2901)
(1409, 2902)
(1409, 2903)
(1409, 2904)
(1408, 2905)
(1408, 2906)
(1408, 2907)
(1409, 2908)
(1409, 2909)
(1409, 2910)
(1409, 2911)
(1409, 2912)
(1409, 2913)
(1409, 2914)
(1409, 2915)
(1409, 2916)
(1409, 2917)
(1408, 2918)
(1408, 2919)
(1409, 2920)
(1409, 2921)
(1409, 2922)
(1409, 2923)
(1409, 2924)
(1409, 2925)
(1409, 2926)
(1409, 2927)
(1409, 2928)
(1409, 2929)
(1409, 2930)
(1409, 2931)
(1409, 2932)
(1409, 2933)
(1409, 2934)
(1409, 2935)
(1409, 2936)
(1409, 2937)
(1408, 2938)
(1408, 2939)
(1409, 2940)
(1409, 2941)
(1409, 2942)
(1409, 2943)
(1409, 2944)
(1409, 2945)
(1409, 2946)
(1409, 2947)
(1409, 2948)
(1409, 2949)
(1409, 2950)
(1408, 2951)
(1409, 2952)
(1409, 2953)
(1409, 2954)
(1409, 2955)
(1409, 2956)
(1409, 2957)
(1409, 2958)
(1409, 2959)
(1409, 2960)
(1408, 2961)
(1409, 2962)
(1409, 2963)
(1409, 2964)
(1409, 2965)
(1409, 2966)
(1409, 2967)
(1409, 2968)
(1409, 2969)
(1409, 2970)
(1409, 2971)
(1409, 2972)
(1409, 2973)
(1409, 2974)
(1408, 2975)
(1408, 2976)
(1408, 2977)
(1409, 2978)
(1409, 2979)
(1409, 2980)
(1408, 2981)
(1408, 2982)
(1408, 2983)
(1408, 2984)
(1408, 2985)
(1408, 2986)
(1409, 2987)
(1409, 2988)
(1409, 2989)
(1409, 2990)
(1408, 2991)
(1408, 2992)
(1408, 2993)
(1409, 2994)
(1409, 2995)
(1409, 2996)
(1409, 2997)
(1409, 2998)
(1409, 2999)
(1408, 3000)
(1408, 3001)
(1408, 3002)
(1408, 3003)
(1408, 3004)
(1408, 3005)
(1408, 3006)
(1408, 3007)
(1409, 3008)
(1408, 3009)
(1408, 3010)
(1408, 3011)
(1408, 3014)
(1408, 3015)
(1408, 3016)
(1408, 3017)
(1408, 3018)
(1408, 3019)
(1408, 3020)
(1408, 3021)
(1408, 3022)
(1408, 3023)
(1408, 3024)
(1408, 3025)
(1408, 3026)
(1408, 3027)
(1408, 3028)
(1408, 3029)
(1408, 3030)
(1408, 3031)
(1408, 3032)
(1408, 3033)
(1408, 3034)
(1408, 3035)
(1408, 3036)
(1408, 3037)
(1408, 3038)
(1408, 3039)
(1408, 3040)
(1408, 3041)
(1408, 3042)
(1408, 3043)
(1408, 3044)
(1408, 3045)
(1408, 3046)
(1408, 3047)
(1408, 3048)
(1408, 3049)
(1408, 3050)
(1408, 3051)
(1408, 3052)
(1408, 3053)
(1408, 3054)
(1408, 3055)
(1408, 3056)
(1408, 3057)
(1409, 3058)
(1408, 3059)
(1408, 3060)
(1408, 3061)
(1408, 3062)
(1408, 3063)
(1408, 3064)
(1408, 3065)
(1408, 3066)
(1408, 3067)
(1408, 3068)
(1408, 3069)
(1408, 3070)
(1408, 3071)
(1408, 3072)
(1408, 3073)
(1408, 3074)
(1408, 3075)
(1408, 3076)
(1408, 3077)
(1408, 3078)
(1408, 3079)
(1408, 3080)
(1408, 3081)
(1408, 3082)
(1408, 3083)
(1408, 3084)
(1408, 3085)
(1408, 3086)
(1408, 3087)
(1408, 3088)
(1408, 3089)
(1408, 3090)
(1408, 3091)
(1408, 3092)
(1409, 3093)
(1409, 3094)
(1408, 3095)
(1408, 3096)
(1408, 3097)
(1408, 3098)
(1408, 3099)
(1408, 3100)
(1408, 3101)
(1408, 3102)
(1408, 3103)
(1408, 3104)
(1408, 3105)
(1408, 3106)
(1408, 3107)
(1408, 3108)
(1408, 3109)
(1408, 3110)
(1408, 3111)
(1408, 3112)
(1408, 3113)
(1408, 3114)
(1408, 3115)
(1408, 3116)
(1408, 3117)
(1408, 3118)
(1408, 3119)
(1408, 3120)
(1408, 3121)
(1408, 3122)
(1408, 3123)
(1408, 3124)
(1408, 3125)
(1408, 3126)
(1408, 3127)
(1408, 3128)
(1408, 3129)
(1408, 3130)
(1408, 3131)
(1408, 3132)
(1408, 3133)
(1408, 3134)
(1408, 3135)
(1408, 3136)
(1408, 3137)
(1408, 3138)
(1408, 3139)
(1408, 3140)
(1408, 3141)
(1408, 3142)
(1408, 3143)
(1408, 3144)
(1408, 3145)
(1408, 3146)
(1408, 3147)
(1408, 3148)
(1408, 3149)
(1408, 3150)
(1408, 3151)
(1408, 3152)
(1408, 3153)
(1408, 3154)
(1408, 3155)
(1409, 3156)
(1409, 3157)
(1408, 3158)
(1408, 3159)
(1408, 3160)
(1408, 3161)
(1408, 3162)
(1408, 3163)
(1408, 3164)
(1408, 3165)
(1408, 3166)
(1408, 3167)
(1408, 3168)
(1408, 3169)
(1408, 3170)
(1408, 3171)
(1408, 3172)
(1408, 3173)
(1408, 3174)
(1408, 3175)
(1408, 3176)
(1408, 3177)
(1408, 3178)
(1408, 3179)
(1408, 3180)
(1408, 3181)
(1408, 3182)
(1408, 3183)
(1408, 3184)
(1408, 3185)
(1408, 3186)
(1408, 3187)
(1408, 3188)
(1408, 3189)
(1408, 3190)
(1408, 3191)
(1408, 3192)
(1408, 3193)
(1408, 3194)
(1408, 3195)
(1408, 3196)
(1408, 3197)
(1408, 3198)
(1408, 3199)
(1408, 3200)
(1408, 3201)
(1408, 3202)
(1408, 3203)
(1408, 3204)
(1408, 3205)
(1408, 3206)
(1408, 3207)
(1408, 3208)
(1408, 3209)
(1408, 3210)
(1408, 3211)
(1408, 3212)
(1408, 3213)
(1408, 3214)
(1408, 3215)
(1408, 3216)
(1408, 3217)
(1408, 3218)
(1408, 3219)
(1408, 3220)
(1408, 3221)
(1408, 3222)
(1408, 3223)
(1408, 3224)
(1408, 3225)
(1408, 3226)
(1408, 3227)
(1408, 3228)
(1408, 3229)
(1408, 3230)
(1408, 3231)
(1409, 3232)
(1409, 3233)
(1408, 3234)
(1408, 3235)
(1408, 3236)
(1408, 3237)
(1409, 3238)
(1409, 3239)
(1408, 3240)
(1409, 3241)
(1409, 3242)
(1409, 3243)
(1409, 3244)
(1408, 3245)
(1409, 3246)
(1409, 3247)
(1409, 3248)
(1409, 3249)
(1408, 3250)
(1408, 3251)
(1408, 3252)
(1408, 3253)
(1408, 3254)
(1408, 3255)
(1409, 3256)
(1408, 3257)
(1408, 3258)
(1409, 3259)
(1409, 3260)
(1409, 3261)
(1408, 3262)
(1408, 3263)
(1408, 3264)
(1409, 3265)
(1409, 3266)
(1409, 3267)
(1409, 3268)
(1408, 3269)
(1408, 3270)
(1408, 3271)
(1409, 3272)
(1408, 3273)
(1408, 3274)
(1408, 3275)
(1408, 3276)
(1408, 3277)
(1409, 3278)
(1408, 3279)
(1408, 3280)
(1408, 3281)
(1408, 3282)
(1408, 3283)
(1408, 3284)
(1408, 3285)
(1408, 3286)
(1408, 3287)
(1408, 3288)
(1408, 3289)
(1408, 3290)
(1409, 3291)
(1409, 3292)
(1409, 3293)
(1409, 3294)
(1409, 3295)
(1409, 3296)
(1409, 3297)
(1409, 3298)
(1409, 3299)
(1409, 3300)
(1409, 3301)
(1409, 3302)
(1409, 3303)
(1409, 3304)
(1409, 3305)
(1409, 3306)
(1409, 3307)
(1409, 3308)
(1409, 3309)
(1409, 3310)
(1409, 3311)
(1409, 3312)
(1409, 3313)
(1409, 3314)
(1409, 3315)
(1409, 3316)
(1409, 3317)
(1409, 3318)
(1409, 3319)
(1409, 3320)
(1409, 3321)
(1409, 3322)
(1409, 3323)
(1408, 3324)
(1408, 3325)
(1408, 3326)
(1408, 3327)
(1408, 3328)
(1408, 3329)
(1409, 3330)
(1409, 3331)
(1409, 3332)
(1409, 3333)
(1408, 3334)
(1409, 3335)
(1409, 3336)
(1409, 3337)
(1409, 3338)
(1409, 3339)
(1409, 3340)
(1409, 3341)
(1409, 3342)
(1409, 3343)
(1409, 3344)
(1409, 3345)
(1409, 3346)
(1409, 3347)
(1409, 3348)
(1409, 3349)
(1409, 3350)
(1409, 3351)
(1409, 3352)
(1409, 3353)
(1409, 3354)
(1409, 3355)
(1409, 3356)
(1409, 3357)
(1409, 3358)
(1409, 3359)
(1409, 3360)
(1409, 3361)
(1409, 3362)
(1409, 3363)
(1408, 3364)
(1409, 3365)
(1409, 3366)
(1409, 3367)
(1409, 3368)
(1409, 3369)
(1409, 3370)
(1409, 3371)
(1409, 3372)
(1409, 3373)
(1409, 3374)
(1409, 3375)
(1409, 3376)
(1409, 3377)
(1408, 3378)
(1407, 3379)
(1407, 3380)
(1407, 3381)
(1409, 3382)
(1409, 3383)
(1408, 3384)
(1409, 3385)
(1409, 3386)
(1408, 3387)
(1409, 3388)
(1409, 3389)
(1409, 3390)
(1409, 3391)
(1409, 3392)
(1409, 3393)
(1409, 3394)
(1409, 3395)
(1409, 3396)
(1409, 3397)
(1409, 3398)
(1409, 3399)
(1409, 3400)
(1409, 3401)
(1409, 3402)
(1409, 3403)
(1408, 3404)
(1408, 3405)
(1408, 3406)
(1408, 3407)
(1409, 3408)
(1409, 3409)
(1409, 3410)
(1409, 3411)
(1409, 3412)
(1409, 3413)
(1409, 3414)
(1409, 3415)
(1409, 3416)
(1409, 3417)
(1409, 3418)
(1409, 3419)
(1409, 3420)
(1409, 3421)
(1409, 3422)
(1409, 3423)
(1409, 3424)
(1409, 3425)
(1409, 3426)
(1409, 3427)
(1409, 3428)
(1409, 3429)
(1409, 3430)
(1409, 3431)
(1409, 3432)
(1409, 3433)
(1408, 3434)
(1408, 3435)
(1408, 3436)
(1409, 3437)
(1409, 3438)
(1409, 3439)
(1409, 3440)
(1409, 3441)
(1409, 3442)
(1409, 3443)
(1409, 3444)
(1409, 3445)
(1409, 3446)
(1409, 3447)
(1409, 3448)
(1409, 3449)
(1409, 3450)
(1409, 3451)
(1409, 3452)
(1409, 3453)
(1409, 3454)
(1409, 3455)
(1409, 3456)
(1409, 3457)
(1409, 3458)
(1409, 3459)
(1409, 3460)
(1409, 3461)
(1409, 3462)
(1409, 3463)
(1409, 3464)
(1409, 3465)
(1409, 3466)
(1409, 3467)
(1409, 3468)
(1409, 3469)
(1409, 3470)
(1409, 3471)
(1409, 3472)
(1409, 3473)
(1409, 3474)
(1409, 3475)
(1409, 3476)
(1409, 3477)
(1409, 3478)
(1409, 3479)
(1409, 3480)
(1409, 3481)
(1409, 3482)
(1409, 3483)
(1409, 3484)
(1409, 3485)
(1409, 3486)
(1409, 3487)
(1409, 3488)
(1409, 3489)
(1409, 3490)
(1409, 3491)
(1409, 3492)
(1409, 3493)
(1409, 3494)
(1409, 3495)
(1409, 3496)
(1409, 3497)
(1408, 3498)
(1408, 3499)
(1408, 3500)
(1408, 3501)
(1409, 3502)
(1409, 3503)
(1409, 3504)
(1409, 3505)
(1409, 3506)
(1409, 3507)
(1408, 3508)
(1408, 3509)
(1408, 3510)
(1408, 3511)
(1408, 3512)
(1408, 3513)
(1408, 3514)
(1408, 3515)
(1408, 3516)
(1408, 3517)
(1408, 3518)
(1408, 3519)
(1408, 3520)
(1408, 3521)
(1408, 3522)
(1408, 3523)
(1408, 3524)
(1408, 3525)
(1408, 3526)
(1408, 3527)
(1408, 3528)
(1408, 3529)
(1408, 3530)
(1408, 3531)
(1408, 3532)
(1408, 3533)
(1408, 3534)
(1408, 3535)
(1408, 3536)
(1408, 3537)
(1408, 3538)
(1408, 3539)
(1409, 3540)
(1408, 3541)
(1408, 3542)
(1408, 3543)
(1408, 3544)
(1408, 3545)
(1408, 3546)
(1408, 3547)
(1408, 3548)
(1408, 3549)
(1408, 3550)
(1408, 3551)
(1408, 3552)
(1408, 3553)
(1408, 3554)
(1408, 3555)
(1408, 3556)
(1408, 3557)
(1408, 3558)
(1408, 3559)
(1408, 3560)
(1408, 3561)
(1408, 3562)
(1408, 3564)
(1408, 3565)
(1408, 3566)
(1408, 3567)
(1408, 3568)
(1408, 3569)
(1408, 3570)
(1408, 3571)
(1408, 3572)
(1408, 3573)
(1408, 3574)
(1408, 3575)
(1408, 3576)
(1408, 3577)
(1408, 3578)
(1408, 3579)
(1408, 3580)
(1408, 3581)
(1408, 3582)
(1408, 3583)
(1408, 3584)
(1408, 3585)
(1408, 3586)
(1408, 3587)
(1408, 3588)
(1408, 3589)
(1408, 3590)
(1408, 3591)
(1408, 3592)
(1408, 3593)
(1408, 3594)
(1408, 3595)
(1408, 3596)
(1408, 3597)
(1408, 3598)
(1408, 3599)
(1408, 3600)
(1408, 3601)
(1408, 3602)
(1408, 3603)
(1408, 3604)
(1408, 3605)
(1408, 3606)
(1408, 3607)
(1408, 3608)
(1408, 3609)
(1408, 3610)
(1408, 3611)
(1408, 3612)
(1408, 3613)
(1408, 3614)
(1408, 3615)
(1408, 3616)
(1408, 3617)
(1408, 3618)
(1408, 3619)
(1408, 3620)
(1408, 3621)
(1408, 3622)
(1408, 3623)
(1408, 3624)
(1408, 3625)
(1408, 3626)
(1408, 3627)
(1408, 3628)
(1408, 3629)
(1408, 3630)
(1408, 3631)
(1408, 3632)
(1408, 3633)
(1408, 3634)
(1408, 3635)
(1408, 3636)
(1408, 3637)
(1408, 3638)
(1408, 3639)
(1408, 3640)
(1408, 3641)
(1408, 3642)
(1408, 3643)
(1408, 3644)
(1408, 3645)
(1408, 3646)
(1408, 3647)
(1408, 3648)
(1407, 3649)
(1407, 3650)
(1407, 3651)
(1408, 3652)
(1408, 3653)
(1407, 3654)
(1408, 3655)
(1408, 3656)
(1408, 3657)
(1408, 3658)
(1408, 3659)
(1408, 3660)
(1408, 3661)
(1408, 3662)
(1408, 3663)
(1408, 3664)
(1408, 3665)
(1408, 3666)
(1408, 3667)
(1408, 3668)
(1408, 3669)
(1408, 3670)
(1408, 3671)
(1408, 3672)
(1408, 3673)
(1408, 3674)
(1408, 3675)
(1408, 3676)
(1408, 3677)
(1408, 3678)
(1408, 3679)
(1408, 3680)
(1407, 3681)
(1408, 3682)
(1408, 3683)
(1407, 3684)
(1407, 3685)
(1408, 3686)
(1408, 3687)
(1408, 3688)
(1407, 3689)
(1407, 3690)
(1408, 3691)
(1408, 3692)
(1408, 3693)
(1408, 3694)
(1408, 3695)
(1408, 3696)
(1407, 3697)
(1408, 3698)
(1408, 3699)
(1408, 3700)
(1408, 3701)
(1408, 3702)
(1407, 3703)
(1407, 3704)
(1407, 3705)
(1407, 3706)
(1407, 3707)
(1407, 3708)
(1408, 3709)
(1408, 3710)
(1407, 3711)
(1407, 3712)
(1407, 3713)
(1407, 3714)
(1407, 3715)
(1407, 3716)
(1407, 3717)
(1407, 3718)
(1407, 3719)
(1407, 3720)
(1407, 3721)
(1407, 3722)
(1407, 3723)
(1407, 3724)
(1407, 3725)
(1407, 3726)
(1407, 3727)
(1407, 3728)
(1407, 3729)
(1407, 3730)
(1407, 3731)
(1407, 3732)
(1407, 3733)
(1407, 3734)
(1407, 3735)
(1407, 3736)
(1407, 3737)
(1407, 3738)
(1407, 3739)
(1407, 3740)
(1408, 3741)
(1407, 3742)
(1407, 3743)
(1406, 3744)
(1406, 3747)
(1407, 3748)
(1407, 3749)
(1407, 3750)
(1407, 3751)
(1407, 3752)
(1407, 3753)
(1407, 3754)
(1407, 3755)
(1407, 3756)
(1407, 3757)
(1407, 3758)
(1407, 3759)
(1407, 3760)
(1407, 3761)
(1407, 3762)
(1407, 3763)
(1407, 3764)
(1407, 3765)
(1407, 3766)
(1407, 3767)
(1407, 3768)
(1407, 3769)
(1407, 3770)
(1407, 3771)
(1407, 3772)
(1407, 3773)
(1407, 3774)
(1406, 3775)
(1407, 3776)
(1407, 3777)
(1407, 3778)
(1407, 3779)
(1407, 3780)
(1407, 3781)
(1407, 3782)
(1407, 3783)
(1407, 3784)
(1407, 3785)
(1407, 3786)
(1407, 3787)
(1407, 3788)
(1407, 3789)
(1407, 3790)
(1407, 3791)
(1407, 3792)
(1407, 3793)
(1407, 3794)
(1407, 3795)
(1407, 3796)
(1407, 3797)
(1407, 3798)
(1407, 3799)
(1407, 3800)
(1407, 3801)
(1407, 3802)
(1407, 3803)
(1407, 3804)
(1407, 3805)
(1407, 3806)
(1407, 3807)
(1407, 3808)
(1407, 3809)
(1407, 3810)
(1407, 3811)
(1407, 3812)
(1407, 3813)
(1407, 3814)
(1407, 3815)
(1407, 3816)
(1407, 3817)
(1407, 3818)
(1407, 3819)
(1407, 3820)
(1407, 3821)
(1407, 3822)
(1407, 3823)
(1407, 3824)
(1407, 3825)
(1407, 3826)
(1407, 3827)
(1406, 3828)
(1407, 3829)
(1406, 3830)
(1407, 3831)
(1407, 3832)
(1407, 3833)
(1407, 3834)
(1407, 3835)
(1407, 3836)
(1407, 3837)
(1407, 3838)
(1407, 3839)
(1407, 3840)
(1407, 3841)
(1407, 3842)
(1407, 3843)
(1407, 3844)
(1407, 3845)
(1407, 3846)
(1407, 3847)
(1407, 3848)
(1407, 3849)
(1407, 3850)
(1407, 3851)
(1407, 3852)
(1407, 3853)
(1407, 3854)
(1407, 3855)
(1407, 3856)
(1407, 3857)
(1407, 3858)
(1407, 3859)
(1407, 3860)
(1407, 3861)
(1407, 3862)
(1407, 3863)
(1407, 3864)
(1407, 3865)
(1407, 3866)
(1407, 3867)
(1407, 3868)
(1406, 3869)
(1406, 3870)
(1406, 3871)
(1406, 3872)
(1407, 3873)
(1407, 3874)
(1407, 3875)
(1407, 3876)
(1407, 3877)
(1407, 3878)
(1407, 3879)
(1407, 3880)
(1407, 3881)
(1407, 3882)
(1407, 3883)
(1407, 3884)
(1407, 3885)
(1406, 3886)
(1406, 3887)
(1406, 3888)
(1406, 3889)
(1406, 3890)
(1406, 3891)
(1406, 3892)
(1406, 3893)
(1406, 3894)
(1406, 3895)
(1406, 3896)
(1406, 3897)
(1406, 3898)
(1406, 3899)
(1406, 3900)
(1406, 3901)
(1406, 3902)
(1406, 3903)
(1406, 3904)
(1406, 3905)
(1406, 3906)
(1406, 3907)
(1406, 3908)
(1406, 3909)
(1406, 3910)
(1406, 3911)
(1406, 3912)
(1406, 3913)
(1406, 3914)
(1406, 3915)
(1406, 3916)
(1406, 3917)
(1406, 3918)
(1406, 3919)
(1406, 3920)
(1406, 3921)
(1406, 3922)
(1406, 3923)
(1406, 3924)
(1407, 3925)
(1406, 3926)
(1406, 3927)
(1403, 3929)
(1405, 3930)
(1406, 3931)
(1406, 3932)
(1406, 3933)
(1406, 3934)
(1406, 3935)
(1406, 3936)
(1406, 3937)
(1406, 3938)
(1406, 3939)
(1406, 3940)
(1406, 3941)
(1406, 3942)
(1406, 3943)
(1406, 3944)
(1406, 3945)
(1406, 3946)
(1407, 3947)
(1406, 3948)
(1406, 3949)
(1406, 3950)
(1406, 3951)
(1406, 3952)
(1406, 3953)
(1406, 3954)
(1406, 3955)
(1406, 3956)
(1406, 3957)
(1406, 3958)
(1406, 3959)
(1406, 3960)
(1406, 3961)
(1406, 3962)
(1406, 3963)
(1406, 3964)
(1406, 3965)
(1406, 3966)
(1406, 3967)
(1406, 3968)
(1406, 3969)
(1406, 3970)
(1406, 3971)
(1406, 3972)
(1406, 3973)
(1406, 3974)
(1406, 3975)
(1406, 3976)
(1406, 3977)
(1406, 3978)
(1406, 3979)
(1406, 3980)
(1406, 3981)
(1406, 3982)
(1406, 3983)
(1406, 3984)
(1406, 3985)
(1406, 3986)
(1406, 3987)
(1406, 3988)
(1406, 3989)
(1406, 3990)
(1406, 3991)
(1406, 3992)
(1406, 3993)
(1406, 3994)
(1406, 3995)
(1406, 3996)
(1406, 3997)
(1406, 3998)
(1406, 3999)
(1406, 4000)
(1406, 4001)
(1406, 4002)
(1406, 4003)
(1406, 4004)
(1406, 4005)
(1406, 4006)
(1406, 4007)
(1406, 4008)
(1406, 4009)
(1406, 4010)
(1406, 4011)
(1406, 4012)
(1406, 4013)
(1406, 4014)
(1406, 4015)
(1406, 4016)
(1406, 4017)
(1406, 4018)
(1406, 4019)
(1406, 4020)
(1405, 4021)
(1405, 4022)
(1405, 4023)
(1406, 4024)
(1405, 4025)
(1406, 4026)
(1406, 4027)
(1406, 4028)
(1406, 4029)
(1406, 4030)
(1406, 4031)
(1405, 4032)
(1405, 4033)
(1405, 4034)
(1405, 4035)
(1405, 4036)
(1405, 4037)
(1405, 4038)
(1405, 4039)
(1405, 4040)
(1405, 4041)
(1405, 4042)
(1406, 4043)
(1406, 4044)
(1406, 4045)
(1406, 4046)
(1405, 4047)
(1405, 4048)
(1405, 4049)
(1405, 4050)
(1405, 4051)
(1405, 4052)
(1405, 4053)
(1405, 4054)
(1405, 4055)
(1405, 4056)
(1405, 4057)
(1405, 4058)
(1405, 4059)
(1405, 4060)
(1405, 4061)
(1405, 4062)
(1405, 4063)
(1405, 4064)
(1405, 4065)
(1405, 4066)
(1405, 4067)
(1405, 4068)
(1405, 4069)
(1405, 4070)
(1405, 4071)
(1405, 4072)
(1405, 4073)
(1405, 4074)
(1405, 4075)
(1405, 4076)
(1405, 4077)
(1405, 4078)
(1405, 4079)
(1405, 4080)
(1405, 4081)
(1405, 4082)
(1405, 4083)
(1405, 4084)
(1405, 4085)
(1405, 4086)
(1405, 4087)
(1404, 4088)
(1404, 4089)
(1404, 4090)
(1405, 4091)
(1405, 4092)
(1405, 4093)
(1405, 4094)
(1405, 4095)
(1405, 4096)
(1405, 4097)
(1405, 4098)
(1405, 4099)
(1405, 4100)
(1404, 4101)
(1405, 4102)
(1405, 4103)
(1404, 4104)
(1404, 4105)
(1404, 4106)
(1403, 4107)
(1403, 4109)
(1405, 4110)
(1404, 4111)
(1404, 4112)
(1404, 4113)
(1404, 4114)
(1404, 4115)
(1404, 4116)
(1404, 4117)
(1404, 4118)
(1404, 4119)
(1404, 4120)
(1404, 4121)
(1404, 4122)
(1404, 4123)
(1404, 4124)
(1404, 4125)
(1404, 4126)
(1404, 4127)
(1404, 4128)
(1404, 4129)
(1404, 4130)
(1404, 4131)
(1404, 4132)
(1404, 4133)
(1404, 4134)
(1404, 4135)
(1404, 4136)
(1404, 4137)
(1404, 4138)
(1404, 4139)
(1404, 4140)
(1404, 4141)
(1404, 4142)
(1404, 4143)
(1404, 4144)
(1404, 4145)
(1404, 4146)
(1404, 4147)
(1404, 4148)
(1404, 4149)
(1404, 4150)
(1404, 4151)
(1404, 4152)
(1404, 4153)
(1404, 4154)
(1404, 4155)
(1404, 4156)
(1404, 4157)
(1404, 4158)
(1404, 4159)
(1404, 4160)
(1404, 4161)
(1404, 4162)
(1404, 4163)
(1404, 4164)
(1404, 4165)
(1404, 4166)
(1404, 4167)
(1404, 4168)
(1404, 4169)
(1404, 4170)
(1404, 4171)
(1404, 4172)
(1404, 4173)
(1404, 4174)
(1404, 4175)
(1404, 4176)
(1404, 4177)
(1404, 4178)
(1404, 4179)
(1404, 4180)
(1404, 4181)
(1404, 4182)
(1404, 4183)
(1404, 4184)
(1404, 4185)
(1404, 4186)
(1404, 4187)
(1404, 4188)
(1404, 4189)
(1404, 4190)
(1404, 4191)
(1404, 4192)
(1404, 4193)
(1404, 4194)
(1403, 4195)
(1403, 4196)
(1404, 4197)
(1404, 4198)
(1404, 4199)
(1403, 4200)
(1403, 4201)
(1403, 4202)
(1404, 4203)
(1404, 4204)
(1404, 4205)
(1404, 4206)
(1404, 4207)
(1404, 4208)
(1403, 4209)
(1403, 4210)
(1403, 4211)
(1403, 4212)
(1403, 4213)
(1403, 4214)
(1403, 4215)
(1403, 4216)
(1403, 4217)
(1404, 4218)
(1404, 4219)
(1404, 4220)
(1404, 4221)
(1404, 4222)
(1404, 4223)
(1404, 4224)
(1404, 4225)
(1404, 4226)
(1404, 4227)
(1403, 4228)
(1403, 4229)
(1403, 4230)
(1403, 4231)
(1404, 4232)
(1404, 4233)
(1404, 4234)
(1403, 4235)
(1403, 4236)
(1403, 4237)
(1403, 4238)
(1403, 4239)
(1403, 4240)
(1403, 4241)
(1403, 4242)
(1403, 4243)
(1403, 4244)
(1403, 4245)
(1403, 4246)
(1403, 4247)
(1403, 4248)
(1403, 4249)
(1403, 4250)
(1404, 4251)
(1403, 4252)
(1403, 4253)
(1403, 4254)
(1403, 4255)
(1403, 4256)
(1403, 4257)
(1403, 4258)
(1403, 4259)
(1403, 4260)
(1403, 4261)
(1403, 4262)
(1403, 4263)
(1403, 4264)
(1403, 4265)
(1403, 4266)
(1403, 4267)
(1403, 4268)
(1403, 4269)
(1403, 4270)
(1403, 4271)
(1404, 4272)
(1404, 4273)
(1403, 4274)
(1403, 4275)
(1403, 4276)
(1403, 4277)
(1403, 4278)
(1403, 4279)
(1403, 4280)
(1403, 4281)
(1403, 4282)
(1403, 4283)
(1404, 4284)
(1404, 4285)
(1403, 4286)
(1402, 4287)
(1400, 4288)
(1402, 4289)
(1403, 4290)
(1403, 4291)
(1403, 4292)
(1403, 4293)
(1403, 4294)
(1403, 4295)
(1403, 4296)
(1403, 4297)
(1403, 4298)
(1403, 4299)
(1403, 4300)
(1403, 4301)
(1403, 4302)
(1403, 4303)
(1403, 4304)
(1403, 4305)
(1403, 4306)
(1403, 4307)
(1403, 4308)
(1403, 4309)
(1403, 4310)
(1403, 4311)
(1403, 4312)
(1403, 4313)
(1403, 4314)
(1403, 4315)
(1403, 4316)
(1403, 4317)
(1403, 4318)
(1403, 4319)
(1403, 4320)
(1403, 4321)
(1403, 4322)
(1403, 4323)
(1403, 4324)
(1403, 4325)
(1403, 4326)
(1403, 4327)
(1403, 4328)
(1403, 4329)
(1403, 4330)
(1403, 4331)
(1403, 4332)
(1403, 4333)
(1403, 4334)
(1403, 4335)
(1403, 4336)
(1403, 4337)
(1403, 4338)
(1403, 4339)
(1403, 4340)
(1403, 4341)
(1403, 4342)
(1403, 4343)
(1403, 4344)
(1403, 4345)
(1403, 4346)
(1403, 4347)
(1403, 4348)
(1403, 4349)
(1403, 4350)
(1403, 4351)
(1403, 4352)
(1403, 4353)
(1403, 4354)
(1403, 4355)
(1403, 4356)
(1403, 4357)
(1403, 4358)
(1403, 4359)
(1403, 4360)
(1403, 4361)
(1403, 4362)
(1403, 4363)
(1403, 4364)
(1403, 4365)
(1403, 4366)
(1403, 4367)
(1403, 4368)
(1403, 4369)
(1403, 4370)
(1403, 4371)
(1403, 4372)
(1403, 4373)
(1403, 4374)
(1403, 4375)
(1403, 4376)
(1403, 4377)
(1403, 4378)
(1403, 4379)
(1403, 4380)
(1403, 4381)
(1403, 4382)
(1403, 4383)
(1403, 4384)
(1403, 4385)
(1403, 4386)
(1403, 4387)
(1403, 4388)
(1403, 4389)
(1403, 4390)
(1403, 4391)
(1403, 4392)
(1403, 4393)
(1403, 4394)
(1403, 4395)
(1403, 4396)
(1403, 4397)
(1403, 4398)
(1403, 4399)
(1403, 4400)
(1403, 4401)
(1403, 4402)
(1403, 4403)
(1403, 4404)
(1403, 4405)
(1403, 4406)
(1403, 4407)
(1403, 4408)
(1403, 4409)
(1403, 4410)
(1403, 4411)
(1403, 4412)
(1403, 4413)
(1403, 4414)
(1403, 4415)
(1403, 4416)
(1403, 4417)
(1403, 4418)
(1403, 4419)
(1402, 4420)
(1402, 4421)
(1402, 4422)
(1402, 4423)
(1402, 4424)
(1403, 4425)
(1403, 4426)
(1403, 4427)
(1402, 4428)
(1402, 4429)
(1402, 4430)
(1402, 4431)
(1403, 4432)
(1403, 4433)
(1403, 4434)
(1403, 4435)
(1403, 4436)
(1403, 4437)
(1403, 4438)
(1403, 4439)
(1403, 4440)
(1403, 4441)
(1403, 4442)
(1403, 4443)
(1403, 4444)
(1403, 4445)
(1403, 4446)
(1402, 4447)
(1402, 4448)
(1402, 4449)
(1402, 4450)
(1403, 4451)
(1403, 4452)
(1402, 4453)
(1402, 4454)
(1402, 4455)
(1403, 4456)
(1403, 4457)
(1403, 4458)
(1403, 4459)
(1403, 4460)
(1403, 4461)
(1403, 4462)
(1403, 4463)
(1403, 4464)
(1403, 4465)
(1403, 4466)
(1403, 4467)
(1402, 4468)
(1402, 4469)
(1402, 4470)
(1403, 4471)
(1402, 4472)
(1402, 4473)
(1400, 4475)
(1402, 4476)
(1402, 4477)
(1403, 4478)
(1403, 4479)
(1403, 4480)
(1402, 4481)
(1402, 4482)
(1402, 4483)
(1402, 4484)
(1402, 4485)
(1402, 4486)
(1402, 4487)
(1402, 4488)
(1402, 4489)
(1402, 4490)
(1402, 4491)
(1402, 4492)
(1403, 4493)
(1403, 4494)
(1402, 4495)
(1402, 4496)
(1402, 4497)
(1402, 4498)
(1402, 4499)
(1402, 4500)
(1402, 4501)
(1402, 4502)
(1402, 4503)
(1402, 4504)
(1402, 4505)
(1402, 4506)
(1402, 4507)
(1402, 4508)
(1403, 4509)
(1403, 4510)
(1403, 4511)
(1403, 4512)
(1403, 4513)
(1403, 4514)
(1402, 4515)
(1402, 4516)
(1402, 4517)
(1402, 4518)
(1402, 4519)
(1402, 4520)
(1402, 4521)
(1402, 4522)
(1402, 4523)
(1402, 4524)
(1402, 4525)
(1402, 4526)
(1402, 4527)
(1402, 4528)
(1402, 4529)
(1402, 4530)
(1402, 4531)
(1402, 4532)
(1402, 4533)
(1402, 4534)
(1402, 4535)
(1402, 4536)
(1402, 4537)
(1402, 4538)
(1402, 4539)
(1402, 4540)
(1402, 4541)
(1402, 4542)
(1402, 4543)
(1402, 4544)
(1402, 4545)
(1402, 4546)
(1402, 4547)
(1402, 4548)
(1402, 4549)
(1402, 4550)
(1402, 4551)
(1402, 4552)
(1402, 4553)
(1402, 4554)
(1402, 4555)
(1402, 4556)
(1402, 4557)
(1402, 4558)
(1402, 4559)
(1402, 4560)
(1402, 4561)
(1402, 4562)
(1402, 4563)
(1402, 4564)
(1402, 4565)
(1402, 4566)
(1402, 4567)
(1403, 4568)
(1402, 4569)
(1402, 4570)
(1401, 4571)
(1401, 4572)
(1402, 4573)
(1402, 4574)
(1402, 4575)
(1402, 4576)
(1402, 4577)
(1402, 4578)
(1402, 4579)
(1402, 4580)
(1402, 4581)
(1402, 4582)
(1402, 4583)
(1402, 4584)
(1402, 4585)
(1402, 4586)
(1402, 4587)
(1402, 4588)
(1402, 4589)
(1402, 4590)
(1402, 4591)
(1402, 4592)
(1402, 4593)
(1402, 4594)
(1402, 4595)
(1402, 4596)
(1402, 4597)
(1402, 4598)
(1402, 4599)
(1402, 4600)
(1402, 4601)
(1402, 4602)
(1402, 4603)
(1402, 4604)
(1402, 4605)
(1402, 4606)
(1402, 4607)
(1402, 4608)
(1402, 4609)
(1402, 4610)
(1402, 4611)
(1402, 4612)
(1402, 4613)
(1402, 4614)
(1402, 4615)
(1402, 4616)
(1402, 4617)
(1402, 4618)
(1402, 4619)
(1401, 4620)
(1401, 4621)
(1402, 4622)
(1402, 4623)
(1402, 4624)
(1401, 4625)
(1402, 4626)
(1402, 4627)
(1402, 4628)
(1401, 4629)
(1401, 4630)
(1401, 4631)
(1402, 4632)
(1402, 4633)
(1402, 4634)
(1401, 4635)
(1402, 4636)
(1402, 4637)
(1402, 4638)
(1401, 4639)
(1401, 4640)
(1401, 4641)
(1401, 4642)
(1401, 4643)
(1401, 4644)
(1401, 4645)
(1401, 4646)
(1401, 4647)
(1401, 4648)
(1401, 4649)
(1401, 4650)
(1401, 4651)
(1401, 4652)
(1400, 4653)
