Tam.: (910, 2380)
(508, 147)
(508, 148)
(508, 149)
(508, 150)
(508, 151)
(508, 152)
(508, 153)
(508, 154)
(508, 155)
(508, 156)
(508, 157)
(508, 158)
(508, 159)
(508, 160)
(508, 161)
(508, 162)
(508, 163)
(508, 164)
(508, 165)
(508, 166)
(508, 167)
(508, 168)
(508, 169)
(508, 170)
(508, 171)
(508, 172)
(508, 173)
(508, 174)
(508, 175)
(508, 176)
(508, 177)
(508, 178)
(508, 179)
(508, 180)
(508, 181)
(508, 182)
(508, 183)
(508, 184)
(508, 185)
(508, 186)
(508, 187)
(508, 188)
(508, 189)
(508, 190)
(508, 191)
(508, 192)
(508, 193)
(508, 194)
(508, 195)
(508, 196)
(508, 197)
(508, 198)
(508, 199)
(508, 200)
(508, 201)
(508, 202)
(508, 203)
(508, 204)
(508, 205)
(508, 206)
(508, 207)
(508, 208)
(508, 209)
(508, 210)
(508, 211)
(508, 212)
(508, 213)
(508, 214)
(508, 215)
(508, 216)
(508, 217)
(508, 218)
(508, 219)
(508, 220)
(508, 223)
(508, 224)
(508, 225)
(508, 237)
(508, 238)
(508, 239)
(508, 240)
(508, 241)
(508, 242)
(508, 243)
(508, 244)
(508, 245)
(508, 246)
(508, 247)
(508, 248)
(508, 249)
(508, 250)
(508, 251)
(508, 252)
(508, 253)
(508, 254)
(508, 255)
(508, 256)
(508, 257)
(508, 258)
(508, 259)
(508, 260)
(508, 261)
(508, 262)
(508, 263)
(508, 264)
(508, 265)
(508, 266)
(508, 267)
(508, 268)
(508, 269)
(508, 270)
(508, 271)
(508, 272)
(508, 273)
(508, 274)
(508, 275)
(508, 276)
(508, 277)
(508, 278)
(508, 279)
(508, 280)
(508, 281)
(508, 282)
(508, 283)
(508, 284)
(508, 285)
(508, 286)
(508, 287)
(508, 288)
(508, 289)
(508, 290)
(508, 291)
(508, 292)
(507, 293)
(507, 294)
(507, 295)
(507, 296)
(507, 297)
(507, 298)
(507, 299)
(507, 300)
(507, 301)
(507, 302)
(507, 303)
(507, 304)
(507, 305)
(507, 306)
(507, 307)
(507, 308)
(507, 309)
(508, 310)
(508, 311)
(508, 314)
(508, 315)
(508, 316)
(508, 317)
(508, 318)
(508, 319)
(508, 320)
(508, 321)
(508, 325)
(508, 326)
(508, 327)
(508, 328)
(508, 329)
(507, 330)
(507, 331)
(507, 332)
(507, 333)
(507, 334)
(507, 335)
(507, 336)
(507, 337)
(507, 338)
(507, 339)
(507, 340)
(507, 341)
(507, 342)
(507, 343)
(507, 344)
(507, 345)
(508, 346)
(508, 347)
(508, 348)
(507, 349)
(507, 350)
(507, 351)
(507, 352)
(508, 353)
(508, 354)
(508, 355)
(508, 356)
(508, 357)
(507, 358)
(507, 359)
(507, 360)
(507, 361)
(507, 362)
(507, 363)
(507, 364)
(507, 365)
(507, 366)
(507, 367)
(507, 368)
(507, 369)
(507, 370)
(507, 371)
(507, 372)
(507, 373)
(507, 374)
(507, 375)
(507, 376)
(507, 377)
(507, 378)
(507, 379)
(507, 380)
(507, 381)
(507, 382)
(507, 383)
(507, 384)
(507, 385)
(507, 386)
(507, 387)
(507, 388)
(507, 389)
(507, 390)
(507, 391)
(507, 392)
(507, 393)
(507, 394)
(507, 395)
(507, 396)
(507, 397)
(507, 398)
(507, 399)
(507, 400)
(507, 401)
(507, 402)
(508, 403)
(508, 406)
(508, 407)
(508, 408)
(508, 409)
(508, 410)
(508, 411)
(508, 412)
(508, 413)
(508, 414)
(508, 415)
(508, 416)
(508, 417)
(508, 418)
(508, 419)
(508, 420)
(508, 421)
(507, 422)
(507, 423)
(507, 424)
(507, 425)
(507, 426)
(507, 427)
(507, 428)
(507, 429)
(507, 430)
(507, 431)
(507, 432)
(507, 433)
(507, 434)
(507, 435)
(508, 436)
(508, 437)
(508, 438)
(508, 439)
(508, 440)
(507, 441)
(507, 442)
(507, 443)
(508, 444)
(508, 445)
(508, 446)
(508, 447)
(508, 448)
(508, 449)
(508, 450)
(507, 451)
(507, 452)
(507, 453)
(507, 454)
(507, 455)
(507, 456)
(507, 457)
(507, 458)
(507, 459)
(507, 460)
(507, 461)
(507, 462)
(507, 463)
(508, 464)
(508, 465)
(508, 466)
(508, 467)
(507, 468)
(507, 469)
(507, 470)
(507, 471)
(507, 472)
(508, 473)
(507, 474)
(507, 475)
(507, 476)
(507, 477)
(507, 478)
(507, 479)
(507, 480)
(507, 481)
(507, 482)
(507, 483)
(507, 484)
(507, 485)
(507, 486)
(507, 487)
(507, 488)
(507, 489)
(507, 490)
(507, 491)
(507, 492)
(507, 493)
(508, 494)
(508, 495)
(508, 498)
(508, 499)
(508, 500)
(508, 502)
(508, 503)
(508, 507)
(508, 508)
(508, 509)
(508, 510)
(508, 511)
(508, 512)
(508, 513)
(507, 514)
(507, 515)
(507, 516)
(507, 517)
(507, 518)
(507, 519)
(507, 520)
(507, 521)
(507, 522)
(507, 523)
(507, 524)
(507, 525)
(507, 526)
(507, 527)
(507, 528)
(508, 529)
(508, 530)
(508, 531)
(508, 532)
(507, 533)
(507, 534)
(507, 535)
(507, 536)
(507, 537)
(507, 538)
(507, 539)
(507, 540)
(507, 541)
(507, 542)
(507, 543)
(507, 544)
(507, 545)
(507, 546)
(507, 547)
(507, 548)
(507, 549)
(507, 550)
(507, 551)
(507, 552)
(507, 553)
(507, 554)
(507, 555)
(507, 556)
(507, 557)
(507, 558)
(507, 559)
(507, 560)
(507, 561)
(507, 562)
(507, 563)
(507, 564)
(507, 565)
(507, 566)
(507, 567)
(507, 568)
(507, 569)
(507, 570)
(507, 571)
(507, 572)
(507, 573)
(507, 574)
(507, 575)
(507, 576)
(507, 577)
(507, 578)
(507, 579)
(507, 580)
(507, 581)
(507, 582)
(507, 583)
(507, 584)
(507, 585)
(507, 586)
(508, 587)
(508, 589)
(508, 590)
(508, 591)
(508, 592)
(508, 593)
(508, 594)
(508, 595)
(508, 596)
(508, 597)
(508, 598)
(508, 599)
(508, 600)
(508, 601)
(508, 602)
(508, 603)
(507, 604)
(507, 605)
(507, 606)
(507, 607)
(507, 608)
(507, 609)
(507, 610)
(507, 611)
(507, 612)
(507, 613)
(507, 614)
(507, 615)
(507, 616)
(507, 617)
(507, 618)
(507, 619)
(507, 620)
(507, 621)
(507, 622)
(507, 623)
(507, 624)
(507, 625)
(507, 626)
(507, 627)
(507, 628)
(507, 629)
(507, 630)
(507, 631)
(507, 632)
(507, 633)
(507, 634)
(507, 635)
(507, 636)
(507, 637)
(507, 638)
(507, 639)
(507, 640)
(507, 641)
(507, 642)
(507, 643)
(507, 644)
(507, 645)
(507, 646)
(507, 647)
(507, 648)
(507, 649)
(507, 650)
(507, 651)
(507, 652)
(507, 653)
(507, 654)
(507, 655)
(507, 656)
(507, 657)
(507, 658)
(507, 659)
(507, 660)
(507, 661)
(507, 662)
(507, 663)
(507, 664)
(507, 665)
(507, 666)
(507, 667)
(507, 668)
(507, 669)
(507, 670)
(507, 671)
(507, 672)
(507, 673)
(507, 674)
(507, 675)
(507, 676)
(507, 677)
(507, 678)
(508, 679)
(509, 680)
(508, 681)
(508, 682)
(508, 683)
(508, 684)
(508, 685)
(508, 686)
(508, 687)
(508, 688)
(508, 689)
(508, 690)
(508, 691)
(508, 692)
(508, 693)
(508, 694)
(508, 695)
(508, 696)
(507, 697)
(507, 698)
(507, 699)
(507, 700)
(507, 701)
(507, 702)
(507, 703)
(507, 704)
(507, 705)
(507, 706)
(507, 707)
(507, 708)
(507, 709)
(507, 710)
(507, 711)
(507, 712)
(508, 713)
(508, 714)
(508, 715)
(508, 716)
(508, 717)
(507, 718)
(507, 719)
(508, 720)
(507, 721)
(507, 722)
(507, 723)
(507, 724)
(507, 725)
(507, 726)
(507, 727)
(507, 728)
(507, 729)
(507, 730)
(507, 731)
(507, 732)
(507, 733)
(507, 734)
(507, 735)
(507, 736)
(507, 737)
(508, 738)
(508, 739)
(508, 740)
(508, 741)
(507, 742)
(507, 743)
(508, 744)
(508, 745)
(508, 746)
(507, 747)
(507, 748)
(507, 749)
(508, 750)
(508, 751)
(508, 752)
(507, 753)
(507, 754)
(507, 755)
(507, 756)
(507, 757)
(507, 758)
(507, 759)
(507, 760)
(507, 761)
(507, 762)
(507, 763)
(507, 764)
(507, 765)
(507, 766)
(507, 767)
(507, 768)
(507, 769)
(508, 770)
(508, 771)
(508, 773)
(508, 774)
(508, 775)
(508, 776)
(508, 777)
(508, 778)
(508, 779)
(508, 780)
(508, 781)
(508, 782)
(508, 783)
(508, 784)
(507, 785)
(507, 786)
(507, 787)
(507, 788)
(507, 789)
(507, 790)
(507, 791)
(507, 792)
(507, 793)
(507, 794)
(507, 795)
(507, 796)
(507, 797)
(507, 798)
(507, 799)
(507, 800)
(507, 801)
(507, 802)
(507, 803)
(507, 804)
(507, 805)
(507, 806)
(507, 807)
(507, 808)
(507, 809)
(507, 810)
(507, 811)
(507, 812)
(507, 813)
(507, 814)
(507, 815)
(507, 816)
(507, 817)
(507, 818)
(507, 819)
(507, 820)
(507, 821)
(507, 822)
(507, 823)
(507, 824)
(507, 825)
(507, 826)
(507, 827)
(507, 828)
(507, 829)
(507, 830)
(507, 831)
(507, 832)
(507, 833)
(507, 834)
(507, 835)
(507, 836)
(507, 837)
(507, 838)
(507, 839)
(507, 840)
(507, 841)
(507, 842)
(507, 843)
(507, 844)
(507, 845)
(507, 846)
(507, 847)
(507, 848)
(507, 849)
(507, 850)
(507, 851)
(507, 852)
(507, 853)
(507, 854)
(507, 855)
(507, 856)
(507, 857)
(507, 858)
(507, 859)
(507, 860)
(507, 861)
(507, 862)
(507, 863)
(508, 865)
(508, 866)
(507, 867)
(508, 868)
(508, 869)
(508, 870)
(508, 871)
(508, 872)
(508, 873)
(508, 874)
(508, 875)
(507, 876)
(507, 877)
(507, 878)
(507, 879)
(507, 880)
(507, 881)
(507, 882)
(507, 883)
(508, 884)
(508, 885)
(507, 886)
(507, 887)
(507, 888)
(507, 889)
(507, 890)
(507, 891)
(507, 892)
(507, 893)
(507, 894)
(507, 895)
(507, 896)
(507, 897)
(507, 898)
(507, 899)
(507, 900)
(507, 901)
(507, 902)
(507, 903)
(507, 904)
(507, 905)
(507, 906)
(507, 907)
(507, 908)
(507, 909)
(507, 910)
(508, 911)
(508, 912)
(508, 913)
(508, 914)
(508, 915)
(507, 916)
(507, 917)
(507, 918)
(507, 919)
(507, 920)
(507, 921)
(507, 922)
(507, 923)
(507, 924)
(507, 925)
(507, 926)
(507, 927)
(507, 928)
(507, 929)
(507, 930)
(507, 931)
(507, 932)
(507, 933)
(507, 934)
(507, 935)
(507, 936)
(507, 937)
(507, 938)
(507, 939)
(507, 940)
(507, 941)
(507, 942)
(507, 943)
(507, 944)
(507, 945)
(507, 946)
(505, 947)
(506, 948)
(506, 949)
(505, 950)
(505, 951)
(507, 952)
(507, 953)
(507, 954)
(505, 957)
(505, 958)
(505, 959)
(507, 960)
(509, 961)
(509, 962)
(509, 963)
(509, 964)
(507, 965)
(507, 966)
(507, 967)
(507, 968)
(507, 969)
(507, 970)
(507, 971)
(507, 972)
(507, 973)
(507, 974)
(507, 975)
(507, 976)
(507, 977)
(507, 978)
(507, 979)
(507, 980)
(507, 981)
(507, 982)
(507, 983)
(507, 984)
(507, 985)
(507, 986)
(507, 987)
(507, 988)
(507, 989)
(507, 990)
(507, 991)
(507, 992)
(507, 993)
(507, 994)
(507, 995)
(507, 996)
(507, 997)
(507, 998)
(507, 999)
(507, 1000)
(507, 1001)
(507, 1002)
(507, 1003)
(508, 1004)
(507, 1005)
(507, 1006)
(507, 1007)
(508, 1008)
(507, 1009)
(507, 1010)
(507, 1011)
(507, 1012)
(507, 1013)
(507, 1014)
(507, 1015)
(507, 1016)
(507, 1017)
(507, 1018)
(507, 1019)
(507, 1020)
(507, 1021)
(507, 1022)
(507, 1023)
(507, 1024)
(507, 1025)
(507, 1026)
(507, 1027)
(507, 1028)
(507, 1029)
(507, 1030)
(507, 1031)
(507, 1032)
(507, 1033)
(507, 1034)
(507, 1035)
(507, 1036)
(507, 1037)
(507, 1038)
(507, 1039)
(507, 1040)
(507, 1041)
(507, 1042)
(507, 1043)
(507, 1044)
(507, 1045)
(507, 1046)
(508, 1047)
(508, 1048)
(507, 1049)
(507, 1050)
(507, 1051)
(507, 1052)
(507, 1053)
(507, 1054)
(507, 1055)
(507, 1056)
(507, 1057)
(507, 1058)
(507, 1059)
(507, 1060)
(507, 1061)
(507, 1062)
(507, 1063)
(507, 1064)
(508, 1065)
(508, 1066)
(507, 1067)
(507, 1068)
(507, 1069)
(507, 1070)
(507, 1071)
(507, 1072)
(508, 1073)
(507, 1074)
(507, 1075)
(507, 1076)
(507, 1077)
(507, 1078)
(507, 1079)
(507, 1080)
(507, 1081)
(507, 1082)
(507, 1083)
(507, 1084)
(507, 1085)
(507, 1086)
(507, 1087)
(507, 1088)
(507, 1089)
(507, 1090)
(507, 1091)
(507, 1092)
(507, 1093)
(507, 1094)
(507, 1095)
(507, 1096)
(507, 1097)
(507, 1098)
(507, 1099)
(507, 1100)
(507, 1101)
(507, 1102)
(507, 1103)
(507, 1104)
(507, 1105)
(507, 1106)
(507, 1107)
(507, 1108)
(507, 1109)
(507, 1110)
(507, 1111)
(507, 1112)
(507, 1113)
(507, 1114)
(507, 1115)
(507, 1116)
(507, 1117)
(507, 1118)
(507, 1119)
(507, 1120)
(507, 1121)
(507, 1122)
(507, 1123)
(507, 1124)
(507, 1125)
(507, 1126)
(507, 1127)
(507, 1128)
(507, 1129)
(507, 1130)
(507, 1131)
(507, 1132)
(507, 1133)
(507, 1134)
(507, 1135)
(507, 1136)
(507, 1137)
(508, 1140)
(507, 1141)
(507, 1142)
(507, 1143)
(508, 1144)
(508, 1145)
(508, 1146)
(508, 1147)
(508, 1148)
(508, 1149)
(507, 1150)
(507, 1151)
(507, 1152)
(507, 1153)
(507, 1154)
(507, 1155)
(507, 1156)
(507, 1157)
(507, 1158)
(507, 1159)
(507, 1160)
(507, 1161)
(507, 1162)
(507, 1163)
(507, 1164)
(507, 1165)
(507, 1166)
(507, 1167)
(507, 1168)
(508, 1169)
(507, 1170)
(507, 1171)
(507, 1172)
(507, 1173)
(507, 1174)
(507, 1175)
(507, 1176)
(507, 1177)
(507, 1178)
(507, 1179)
(507, 1180)
(507, 1181)
(507, 1182)
(507, 1183)
(507, 1184)
(507, 1185)
(507, 1186)
(508, 1187)
(508, 1188)
(508, 1189)
(508, 1190)
(508, 1191)
(507, 1192)
(507, 1193)
(507, 1194)
(507, 1195)
(507, 1196)
(507, 1197)
(507, 1198)
(507, 1199)
(507, 1200)
(507, 1201)
(507, 1202)
(507, 1203)
(507, 1204)
(507, 1205)
(507, 1206)
(507, 1207)
(507, 1208)
(507, 1209)
(507, 1210)
(507, 1211)
(507, 1212)
(507, 1213)
(507, 1214)
(508, 1215)
(508, 1216)
(508, 1217)
(508, 1218)
(508, 1219)
(507, 1220)
(507, 1221)
(508, 1222)
(508, 1223)
(508, 1224)
(507, 1225)
(507, 1226)
(507, 1227)
(507, 1228)
(508, 1229)
(508, 1231)
(507, 1232)
(507, 1233)
(507, 1234)
(507, 1235)
(507, 1236)
(508, 1237)
(508, 1238)
(508, 1239)
(508, 1240)
(508, 1241)
(507, 1242)
(507, 1243)
(507, 1244)
(507, 1245)
(507, 1246)
(507, 1247)
(507, 1248)
(507, 1249)
(507, 1250)
(507, 1251)
(507, 1252)
(507, 1253)
(507, 1254)
(507, 1255)
(507, 1256)
(507, 1257)
(507, 1258)
(507, 1259)
(507, 1260)
(507, 1261)
(507, 1262)
(507, 1263)
(507, 1264)
(507, 1265)
(507, 1266)
(507, 1267)
(507, 1268)
(507, 1269)
(507, 1270)
(507, 1271)
(507, 1272)
(507, 1273)
(507, 1274)
(507, 1275)
(507, 1276)
(507, 1277)
(507, 1278)
(507, 1279)
(507, 1280)
(507, 1281)
(507, 1282)
(507, 1283)
(507, 1284)
(507, 1285)
(507, 1286)
(507, 1287)
(507, 1288)
(507, 1289)
(507, 1290)
(507, 1291)
(507, 1292)
(507, 1293)
(507, 1294)
(507, 1295)
(507, 1296)
(507, 1297)
(507, 1298)
(507, 1299)
(507, 1300)
(507, 1301)
(507, 1302)
(507, 1303)
(507, 1304)
(507, 1305)
(507, 1306)
(507, 1307)
(507, 1308)
(508, 1309)
(508, 1310)
(507, 1311)
(507, 1312)
(507, 1313)
(507, 1314)
(508, 1315)
(508, 1316)
(508, 1317)
(507, 1318)
(507, 1319)
(507, 1320)
(508, 1323)
(508, 1324)
(508, 1325)
(508, 1326)
(508, 1327)
(508, 1328)
(508, 1329)
(508, 1330)
(508, 1331)
(508, 1332)
(508, 1333)
(508, 1334)
(507, 1335)
(507, 1336)
(507, 1337)
(507, 1338)
(507, 1339)
(507, 1340)
(507, 1341)
(507, 1342)
(507, 1343)
(507, 1344)
(507, 1345)
(508, 1346)
(508, 1347)
(508, 1348)
(507, 1349)
(507, 1350)
(507, 1351)
(508, 1352)
(508, 1353)
(507, 1354)
(507, 1355)
(507, 1356)
(507, 1357)
(507, 1358)
(507, 1359)
(507, 1360)
(507, 1361)
(507, 1362)
(507, 1363)
(507, 1364)
(507, 1365)
(507, 1366)
(507, 1367)
(507, 1368)
(508, 1369)
(508, 1370)
(508, 1371)
(508, 1372)
(508, 1373)
(508, 1374)
(508, 1375)
(508, 1376)
(508, 1377)
(508, 1378)
(507, 1379)
(508, 1380)
(508, 1381)
(508, 1382)
(507, 1383)
(507, 1384)
(507, 1385)
(507, 1386)
(507, 1387)
(507, 1388)
(507, 1389)
(507, 1390)
(508, 1391)
(508, 1392)
(508, 1393)
(508, 1394)
(508, 1395)
(508, 1396)
(508, 1397)
(508, 1398)
(508, 1399)
(508, 1400)
(508, 1401)
(508, 1402)
(508, 1403)
(508, 1404)
(508, 1405)
(508, 1406)
(508, 1407)
(508, 1408)
(508, 1409)
(507, 1410)
(507, 1411)
(508, 1414)
(508, 1415)
(507, 1416)
(507, 1417)
(508, 1418)
(508, 1419)
(508, 1420)
(508, 1421)
(507, 1422)
(508, 1423)
(508, 1424)
(508, 1425)
(508, 1426)
(507, 1427)
(507, 1428)
(507, 1429)
(507, 1430)
(507, 1431)
(507, 1432)
(507, 1433)
(508, 1434)
(508, 1435)
(508, 1436)
(508, 1437)
(508, 1438)
(507, 1439)
(507, 1440)
(507, 1441)
(507, 1442)
(507, 1443)
(508, 1444)
(508, 1445)
(507, 1446)
(507, 1447)
(507, 1448)
(507, 1449)
(507, 1450)
(507, 1451)
(507, 1452)
(507, 1453)
(507, 1454)
(507, 1455)
(507, 1456)
(507, 1457)
(507, 1458)
(507, 1459)
(507, 1460)
(507, 1461)
(507, 1462)
(508, 1463)
(508, 1464)
(508, 1465)
(508, 1466)
(508, 1467)
(507, 1468)
(507, 1469)
(507, 1470)
(507, 1471)
(507, 1472)
(507, 1473)
(507, 1474)
(507, 1475)
(507, 1476)
(507, 1477)
(507, 1478)
(507, 1479)
(507, 1480)
(507, 1481)
(507, 1482)
(507, 1483)
(507, 1484)
(508, 1485)
(507, 1486)
(507, 1487)
(507, 1488)
(507, 1489)
(507, 1490)
(508, 1491)
(507, 1492)
(508, 1493)
(508, 1494)
(507, 1495)
(507, 1496)
(507, 1497)
(507, 1498)
(507, 1499)
(505, 1500)
(505, 1501)
(505, 1502)
(505, 1503)
(501, 1504)
(504, 1505)
(508, 1506)
(508, 1507)
(508, 1508)
(508, 1509)
(508, 1510)
(508, 1511)
(508, 1512)
(508, 1513)
(508, 1514)
(508, 1515)
(507, 1516)
(507, 1517)
(507, 1518)
(507, 1519)
(507, 1520)
(507, 1521)
(507, 1522)
(507, 1523)
(507, 1524)
(507, 1525)
(507, 1526)
(508, 1527)
(508, 1528)
(507, 1529)
(507, 1530)
(507, 1531)
(507, 1532)
(507, 1533)
(507, 1534)
(507, 1535)
(507, 1536)
(507, 1537)
(507, 1538)
(507, 1539)
(507, 1540)
(507, 1541)
(507, 1542)
(507, 1543)
(507, 1544)
(507, 1545)
(507, 1546)
(507, 1547)
(507, 1548)
(507, 1549)
(507, 1550)
(507, 1551)
(507, 1552)
(507, 1553)
(507, 1554)
(507, 1555)
(507, 1556)
(507, 1557)
(507, 1558)
(507, 1559)
(507, 1560)
(507, 1561)
(507, 1562)
(507, 1563)
(507, 1564)
(507, 1565)
(507, 1566)
(507, 1567)
(507, 1568)
(507, 1569)
(507, 1570)
(507, 1571)
(507, 1572)
(507, 1573)
(507, 1574)
(507, 1575)
(507, 1576)
(507, 1577)
(507, 1578)
(507, 1579)
(507, 1580)
(507, 1581)
(507, 1582)
(507, 1583)
(507, 1584)
(507, 1585)
(507, 1586)
(508, 1587)
(507, 1588)
(507, 1589)
(507, 1590)
(507, 1591)
(507, 1592)
(507, 1593)
(507, 1594)
(508, 1597)
(507, 1598)
(507, 1599)
(507, 1600)
(507, 1601)
(507, 1602)
(507, 1603)
(507, 1604)
(507, 1605)
(507, 1606)
(507, 1607)
(507, 1608)
(507, 1609)
(507, 1610)
(507, 1611)
(507, 1612)
(507, 1613)
(507, 1614)
(507, 1615)
(507, 1616)
(507, 1617)
(507, 1618)
(507, 1619)
(507, 1620)
(507, 1621)
(507, 1622)
(507, 1623)
(507, 1624)
(507, 1625)
(507, 1626)
(507, 1627)
(507, 1628)
(507, 1629)
(507, 1630)
(507, 1631)
(507, 1632)
(507, 1633)
(507, 1634)
(507, 1635)
(507, 1636)
(507, 1637)
(507, 1638)
(507, 1639)
(507, 1640)
(507, 1641)
(507, 1642)
(507, 1643)
(507, 1644)
(507, 1645)
(507, 1646)
(507, 1647)
(507, 1648)
(507, 1649)
(507, 1650)
(507, 1651)
(507, 1652)
(507, 1653)
(507, 1654)
(507, 1655)
(507, 1656)
(507, 1657)
(507, 1658)
(507, 1659)
(507, 1660)
(507, 1661)
(507, 1662)
(507, 1663)
(507, 1664)
(507, 1665)
(507, 1666)
(507, 1667)
(507, 1668)
(507, 1669)
(507, 1670)
(507, 1671)
(507, 1672)
(507, 1673)
(507, 1674)
(507, 1675)
(507, 1676)
(507, 1677)
(507, 1678)
(507, 1679)
(507, 1680)
(507, 1681)
(507, 1682)
(507, 1683)
(507, 1684)
(507, 1685)
(507, 1686)
(507, 1687)
(507, 1689)
(507, 1690)
(507, 1691)
(507, 1692)
(507, 1693)
(507, 1694)
(507, 1695)
(507, 1696)
(507, 1697)
(507, 1698)
(507, 1699)
(507, 1700)
(507, 1701)
(507, 1702)
(507, 1703)
(507, 1704)
(507, 1705)
(507, 1706)
(507, 1707)
(507, 1708)
(507, 1709)
(507, 1710)
(507, 1711)
(507, 1712)
(507, 1713)
(507, 1714)
(507, 1715)
(507, 1716)
(507, 1717)
(507, 1718)
(507, 1719)
(507, 1720)
(507, 1721)
(507, 1722)
(507, 1723)
(507, 1724)
(507, 1725)
(507, 1726)
(507, 1727)
(507, 1728)
(507, 1729)
(507, 1730)
(507, 1731)
(507, 1732)
(507, 1733)
(507, 1734)
(507, 1735)
(507, 1736)
(507, 1737)
(507, 1738)
(507, 1739)
(507, 1740)
(507, 1741)
(507, 1742)
(507, 1743)
(507, 1744)
(507, 1745)
(507, 1746)
(507, 1747)
(507, 1748)
(507, 1749)
(507, 1750)
(507, 1751)
(507, 1752)
(507, 1753)
(507, 1754)
(507, 1755)
(507, 1756)
(507, 1757)
(507, 1758)
(507, 1759)
(507, 1760)
(507, 1761)
(507, 1762)
(507, 1763)
(507, 1764)
(507, 1765)
(507, 1766)
(507, 1767)
(507, 1768)
(507, 1769)
(507, 1770)
(507, 1771)
(507, 1772)
(507, 1773)
(507, 1774)
(507, 1775)
(507, 1776)
(507, 1777)
(507, 1778)
(507, 1781)
(507, 1782)
(507, 1783)
(507, 1784)
(507, 1785)
(507, 1786)
(507, 1787)
(507, 1788)
(507, 1789)
(507, 1790)
(507, 1791)
(507, 1792)
(507, 1793)
(507, 1794)
(507, 1795)
(507, 1796)
(507, 1797)
(507, 1798)
(507, 1799)
(507, 1800)
(507, 1801)
(507, 1802)
(507, 1803)
(507, 1804)
(507, 1805)
(507, 1806)
(507, 1807)
(507, 1808)
(507, 1809)
(507, 1810)
(507, 1811)
(507, 1812)
(507, 1813)
(507, 1814)
(507, 1815)
(507, 1816)
(507, 1817)
(507, 1818)
(507, 1819)
(507, 1820)
(507, 1821)
(507, 1822)
(507, 1823)
(507, 1824)
(507, 1825)
(507, 1826)
(507, 1827)
(507, 1828)
(507, 1829)
(507, 1830)
(507, 1831)
(507, 1832)
(507, 1833)
(507, 1834)
(507, 1835)
(507, 1836)
(507, 1837)
(507, 1838)
(507, 1839)
(507, 1840)
(507, 1841)
(506, 1842)
(506, 1843)
(507, 1844)
(506, 1845)
(506, 1846)
(506, 1847)
(506, 1848)
(506, 1849)
(506, 1850)
(506, 1851)
(506, 1852)
(506, 1853)
(506, 1854)
(506, 1855)
(507, 1856)
(507, 1857)
(507, 1858)
(507, 1859)
(507, 1860)
(507, 1861)
(507, 1862)
(506, 1863)
(506, 1864)
(506, 1865)
(506, 1866)
(506, 1867)
(507, 1868)
(507, 1871)
(507, 1872)
(507, 1873)
(507, 1874)
(507, 1875)
(507, 1876)
(507, 1877)
(507, 1878)
(507, 1879)
(507, 1880)
(507, 1881)
(507, 1882)
(507, 1883)
(507, 1884)
(506, 1885)
(506, 1886)
(506, 1887)
(507, 1888)
(506, 1889)
(506, 1890)
(506, 1891)
(506, 1892)
(506, 1893)
(506, 1894)
(506, 1895)
(506, 1896)
(506, 1897)
(506, 1898)
(506, 1899)
(506, 1900)
(506, 1901)
(506, 1902)
(506, 1903)
(506, 1904)
(506, 1905)
(506, 1906)
(506, 1907)
(506, 1908)
(506, 1909)
(506, 1910)
(506, 1911)
(506, 1912)
(506, 1913)
(506, 1914)
(506, 1915)
(506, 1916)
(506, 1917)
(506, 1918)
(506, 1919)
(507, 1920)
(507, 1921)
(507, 1922)
(506, 1923)
(506, 1924)
(506, 1925)
(506, 1926)
(506, 1927)
(506, 1928)
(506, 1929)
(506, 1930)
(506, 1931)
(506, 1932)
(506, 1933)
(506, 1934)
(506, 1935)
(506, 1936)
(506, 1937)
(506, 1938)
(506, 1939)
(506, 1940)
(506, 1941)
(506, 1942)
(506, 1943)
(506, 1944)
(506, 1945)
(506, 1946)
(507, 1947)
(507, 1948)
(507, 1949)
(506, 1950)
(506, 1951)
(506, 1952)
(506, 1953)
(506, 1954)
(506, 1955)
(506, 1956)
(506, 1957)
(506, 1958)
(506, 1959)
(506, 1962)
(506, 1963)
(506, 1964)
(506, 1965)
(506, 1966)
(506, 1967)
(506, 1968)
(506, 1969)
(507, 1970)
(506, 1971)
(506, 1972)
(506, 1973)
(506, 1974)
(506, 1975)
(506, 1976)
(506, 1977)
(506, 1978)
(506, 1979)
(506, 1980)
(506, 1981)
(506, 1982)
(506, 1983)
(506, 1984)
(506, 1985)
(506, 1986)
(506, 1987)
(506, 1988)
(506, 1989)
(506, 1990)
(506, 1991)
(506, 1992)
(506, 1993)
(506, 1994)
(506, 1995)
(506, 1996)
(506, 1997)
(506, 1998)
(506, 1999)
(506, 2000)
(506, 2001)
(506, 2002)
(506, 2003)
(506, 2004)
(506, 2005)
(506, 2006)
(506, 2007)
(506, 2008)
(506, 2009)
(506, 2010)
(506, 2011)
(506, 2012)
(506, 2013)
(506, 2014)
(506, 2015)
(506, 2016)
(506, 2017)
(506, 2018)
(506, 2019)
(506, 2020)
(506, 2021)
(506, 2022)
(506, 2023)
(506, 2024)
(506, 2025)
(506, 2026)
(506, 2027)
(506, 2028)
(506, 2029)
(506, 2030)
(506, 2031)
(506, 2032)
(506, 2033)
(506, 2034)
(506, 2035)
(506, 2036)
(506, 2037)
(506, 2038)
(506, 2039)
(506, 2040)
(506, 2041)
(506, 2042)
(506, 2043)
(506, 2044)
(506, 2045)
(506, 2046)
(506, 2047)
(506, 2048)
(506, 2049)
(506, 2050)
(508, 2051)
(512, 2052)
(509, 2053)
(509, 2054)
(506, 2055)
(506, 2056)
(506, 2057)
(506, 2058)
(506, 2059)
(506, 2060)
(506, 2061)
(506, 2062)
(506, 2063)
(506, 2064)
(506, 2065)
(506, 2066)
(506, 2067)
(506, 2068)
(506, 2069)
(506, 2070)
(506, 2071)
(506, 2072)
(506, 2073)
(506, 2074)
(506, 2075)
(506, 2076)
(506, 2077)
(506, 2078)
(506, 2079)
(506, 2080)
(506, 2081)
(506, 2082)
(506, 2083)
(506, 2084)
(506, 2085)
(506, 2086)
(506, 2087)
(506, 2088)
(506, 2089)
(506, 2090)
(506, 2091)
(506, 2092)
(506, 2093)
(506, 2094)
(506, 2095)
(506, 2096)
(506, 2097)
(506, 2098)
(506, 2099)
(506, 2100)
(506, 2101)
(506, 2102)
(506, 2103)
(506, 2104)
(506, 2105)
(506, 2106)
(506, 2107)
(506, 2108)
(506, 2109)
(506, 2110)
(506, 2111)
(506, 2112)
(506, 2113)
(506, 2114)
(506, 2115)
(506, 2116)
(506, 2117)
(506, 2118)
(506, 2119)
(505, 2120)
(505, 2121)
(505, 2122)
(506, 2123)
(506, 2124)
(506, 2125)
(506, 2126)
(506, 2127)
(506, 2128)
(506, 2129)
(506, 2130)
(506, 2131)
(506, 2132)
(506, 2133)
(506, 2134)
(506, 2135)
(506, 2136)
(506, 2137)
(506, 2138)
(506, 2139)
(506, 2140)
(505, 2141)
(505, 2142)
(506, 2143)
(506, 2144)
(506, 2145)
(505, 2146)
(505, 2147)
(506, 2148)
(506, 2149)
(506, 2150)
(506, 2151)
(506, 2152)
(506, 2153)
(505, 2154)
(505, 2155)
(505, 2156)
(505, 2157)
(505, 2158)
(505, 2159)
(505, 2160)
(506, 2161)
(506, 2162)
(506, 2163)
(506, 2164)
(506, 2165)
(506, 2166)
(506, 2167)
(506, 2168)
(506, 2169)
(506, 2170)
(506, 2171)
(506, 2172)
(506, 2173)
(506, 2174)
(506, 2175)
(506, 2176)
(506, 2177)
(506, 2178)
(506, 2179)
(506, 2180)
(506, 2181)
(506, 2182)
(506, 2183)
(505, 2184)
(505, 2185)
(505, 2186)
(505, 2187)
(505, 2188)
(505, 2189)
(506, 2190)
(506, 2191)
(506, 2192)
(506, 2193)
(506, 2194)
(506, 2195)
(506, 2196)
(506, 2197)
(506, 2198)
(506, 2199)
(506, 2200)
(506, 2201)
(505, 2202)
(505, 2203)
(505, 2204)
(505, 2205)
(505, 2206)
(505, 2207)
(505, 2208)
(505, 2209)
(505, 2210)
(505, 2211)
(505, 2212)
(505, 2213)
(505, 2214)
(505, 2215)
(505, 2216)
(505, 2217)
(505, 2218)
(505, 2219)
(505, 2220)
(505, 2221)
(505, 2222)
(505, 2223)
(505, 2224)
(505, 2225)
(505, 2226)
(506, 2227)
(505, 2228)
(505, 2229)
(505, 2230)
(505, 2231)
(505, 2232)
(505, 2233)
(505, 2234)
(506, 2237)
(505, 2238)
(505, 2239)
(507, 2240)
(506, 2241)
(506, 2242)
(506, 2243)
(505, 2244)
(505, 2245)
(505, 2246)
(505, 2247)
(505, 2248)
(505, 2249)
(505, 2250)
(505, 2251)
(505, 2252)
(505, 2253)
(505, 2254)
(505, 2255)
(505, 2256)
(505, 2257)
(505, 2258)
(505, 2259)
(505, 2260)
(505, 2261)
(505, 2262)
(505, 2263)
(505, 2264)
(505, 2265)
(505, 2266)
(505, 2267)
(505, 2268)
(505, 2269)
(505, 2270)
(505, 2271)
(505, 2272)
(505, 2273)
(505, 2274)
(505, 2275)
(505, 2276)
(505, 2277)
(505, 2278)
(505, 2279)
(505, 2280)
(505, 2281)
(505, 2282)
(505, 2283)
(505, 2284)
(505, 2285)
(505, 2286)
(505, 2287)
(505, 2288)
(505, 2289)
(505, 2290)
(505, 2291)
(505, 2292)
(505, 2293)
(505, 2294)
(505, 2295)
(505, 2296)
(505, 2297)
(505, 2298)
(505, 2299)
(505, 2300)
(505, 2301)
(505, 2302)
(505, 2303)
(505, 2304)
(505, 2305)
(505, 2306)
(505, 2307)
(505, 2308)
(505, 2309)
(505, 2310)
(505, 2311)
(505, 2312)
(505, 2313)
(505, 2314)
(505, 2315)
(505, 2316)
(505, 2317)
(505, 2318)
(505, 2319)
(505, 2320)
(505, 2321)
(505, 2322)
