Tam.: (1820, 4760)
(490, 238)
(490, 239)
(490, 240)
(490, 241)
(490, 242)
(490, 243)
(490, 244)
(490, 245)
(490, 246)
(489, 247)
(489, 248)
(489, 249)
(488, 250)
(488, 251)
(488, 252)
(488, 253)
(488, 254)
(487, 255)
(487, 256)
(487, 257)
(486, 258)
(486, 259)
(486, 260)
(486, 261)
(487, 262)
(487, 263)
(487, 264)
(488, 265)
(488, 266)
(488, 267)
(488, 268)
(488, 269)
(488, 270)
(488, 271)
(488, 272)
(488, 273)
(487, 274)
(487, 275)
(487, 276)
(487, 277)
(486, 278)
(486, 279)
(485, 280)
(485, 281)
(485, 282)
(485, 283)
(484, 284)
(484, 285)
(484, 286)
(483, 287)
(483, 288)
(482, 289)
(482, 290)
(481, 291)
(481, 292)
(480, 293)
(480, 294)
(480, 295)
(479, 296)
(479, 297)
(479, 298)
(479, 299)
(478, 300)
(478, 301)
(478, 302)
(478, 303)
(478, 304)
(477, 305)
(477, 306)
(477, 307)
(476, 308)
(476, 309)
(476, 310)
(475, 311)
(475, 312)
(475, 313)
(475, 314)
(475, 315)
(475, 316)
(475, 317)
(475, 318)
(475, 319)
(475, 320)
(475, 321)
(475, 322)
(475, 323)
(475, 324)
(475, 325)
(475, 326)
(475, 327)
(475, 328)
(474, 329)
(474, 330)
(473, 331)
(472, 332)
(471, 333)
(471, 334)
(470, 335)
(470, 336)
(469, 337)
(469, 338)
(468, 339)
(468, 340)
(468, 341)
(468, 342)
(468, 343)
(468, 344)
(468, 345)
(468, 346)
(468, 347)
(467, 348)
(467, 349)
(466, 350)
(466, 351)
(465, 352)
(464, 353)
(462, 354)
(462, 355)
(461, 356)
(460, 357)
(459, 358)
(458, 359)
(457, 360)
(457, 361)
(456, 362)
(455, 363)
(455, 364)
(454, 365)
(454, 366)
(453, 367)
(453, 368)
(453, 369)
(453, 370)
(453, 371)
(453, 372)
(453, 373)
(453, 374)
(453, 375)
(453, 376)
(454, 377)
(454, 378)
(455, 379)
(455, 380)
(456, 381)
(457, 382)
(458, 383)
(460, 384)
(460, 385)
(460, 386)
(461, 387)
(461, 388)
(462, 389)
(462, 390)
(462, 391)
(462, 392)
(461, 393)
(460, 394)
(460, 395)
(460, 396)
(460, 397)
(459, 398)
(459, 399)
(459, 400)
(459, 401)
(458, 402)
(458, 403)
(458, 404)
(458, 405)
(458, 406)
(457, 407)
(457, 408)
(457, 409)
(457, 410)
(456, 411)
(456, 412)
(456, 413)
(456, 414)
(455, 415)
(458, 418)
(458, 419)
(458, 420)
(459, 421)
(459, 422)
(459, 423)
(458, 424)
(458, 425)
(458, 426)
(458, 427)
(458, 428)
(458, 429)
(458, 430)
(458, 431)
(458, 432)
(458, 433)
(457, 434)
(457, 435)
(457, 436)
(457, 437)
(457, 438)
(456, 439)
(456, 440)
(456, 441)
(456, 442)
(456, 443)
(456, 444)
(456, 445)
(456, 446)
(455, 447)
(455, 448)
(455, 449)
(455, 450)
(454, 451)
(454, 452)
(454, 453)
(453, 454)
(452, 455)
(452, 456)
(452, 457)
(451, 458)
(451, 459)
(451, 460)
(451, 461)
(451, 462)
(451, 463)
(451, 464)
(452, 465)
(452, 466)
(452, 467)
(452, 468)
(452, 469)
(453, 470)
(453, 471)
(453, 472)
(453, 473)
(453, 474)
(453, 475)
(453, 476)
(453, 477)
(453, 478)
(452, 479)
(452, 480)
(452, 481)
(451, 482)
(450, 483)
(450, 484)
(450, 485)
(449, 486)
(449, 487)
(448, 488)
(448, 489)
(448, 490)
(447, 491)
(447, 492)
(447, 493)
(447, 494)
(447, 495)
(447, 496)
(447, 497)
(447, 498)
(447, 499)
(447, 500)
(447, 501)
(447, 502)
(447, 503)
(447, 504)
(446, 505)
(446, 506)
(446, 507)
(445, 508)
(445, 509)
(445, 510)
(445, 511)
(444, 512)
(444, 513)
(444, 514)
(444, 515)
(444, 516)
(445, 517)
(445, 518)
(445, 519)
(446, 520)
(446, 521)
(446, 522)
(446, 523)
(446, 524)
(446, 525)
(446, 526)
(447, 527)
(447, 528)
(447, 529)
(447, 530)
(447, 531)
(446, 532)
(446, 533)
(446, 534)
(446, 535)
(446, 536)
(446, 537)
(446, 538)
(445, 539)
(445, 540)
(445, 541)
(445, 542)
(445, 543)
(445, 544)
(445, 545)
(446, 546)
(446, 547)
(446, 548)
(446, 549)
(446, 550)
(446, 551)
(446, 552)
(446, 553)
(446, 554)
(446, 555)
(447, 556)
(447, 557)
(447, 558)
(447, 559)
(447, 560)
(447, 561)
(448, 562)
(448, 563)
(449, 564)
(450, 565)
(451, 566)
(452, 567)
(452, 568)
(452, 569)
(452, 570)
(451, 571)
(451, 572)
(451, 573)
(450, 574)
(450, 575)
(450, 576)
(449, 577)
(448, 578)
(448, 579)
(448, 580)
(447, 581)
(447, 582)
(447, 583)
(447, 584)
(447, 585)
(447, 586)
(447, 587)
(447, 588)
(446, 589)
(446, 590)
(445, 591)
(444, 592)
(444, 593)
(444, 594)
(443, 595)
(443, 596)
(443, 597)
(443, 598)
(442, 601)
(442, 602)
(442, 603)
(442, 604)
(441, 605)
(441, 606)
(441, 607)
(440, 608)
(438, 609)
(438, 610)
(437, 611)
(437, 612)
(437, 613)
(437, 614)
(437, 615)
(438, 616)
(438, 617)
(438, 618)
(439, 619)
(439, 620)
(439, 621)
(440, 622)
(440, 623)
(441, 624)
(441, 625)
(442, 626)
(442, 627)
(443, 628)
(443, 629)
(444, 630)
(444, 631)
(444, 632)
(444, 633)
(444, 634)
(444, 635)
(444, 636)
(444, 637)
(443, 638)
(443, 639)
(443, 640)
(443, 641)
(443, 642)
(443, 643)
(443, 644)
(443, 645)
(443, 646)
(443, 647)
(443, 648)
(443, 649)
(443, 650)
(444, 651)
(444, 652)
(445, 653)
(446, 654)
(447, 655)
(447, 656)
(448, 657)
(448, 658)
(449, 659)
(449, 660)
(449, 661)
(449, 662)
(449, 663)
(449, 664)
(449, 665)
(449, 666)
(449, 667)
(448, 668)
(448, 669)
(447, 670)
(446, 671)
(446, 672)
(446, 673)
(446, 674)
(445, 675)
(445, 676)
(445, 677)
(445, 678)
(445, 679)
(445, 680)
(444, 681)
(444, 682)
(444, 683)
(444, 684)
(444, 685)
(444, 686)
(444, 687)
(444, 688)
(444, 689)
(444, 690)
(443, 691)
(443, 692)
(442, 693)
(442, 694)
(442, 695)
(441, 696)
(440, 697)
(440, 698)
(439, 699)
(438, 700)
(438, 701)
(437, 702)
(436, 703)
(435, 704)
(435, 705)
(434, 706)
(434, 707)
(433, 708)
(433, 709)
(432, 710)
(432, 711)
(431, 712)
(431, 713)
(430, 714)
(430, 715)
(429, 716)
(429, 717)
(429, 718)
(427, 719)
(427, 720)
(427, 721)
(427, 722)
(427, 723)
(426, 724)
(426, 725)
(425, 726)
(425, 727)
(425, 728)
(425, 729)
(425, 730)
(424, 731)
(424, 732)
(424, 733)
(424, 734)
(423, 735)
(423, 736)
(422, 737)
(422, 738)
(422, 739)
(421, 740)
(421, 741)
(421, 742)
(421, 743)
(421, 744)
(421, 745)
(421, 746)
(421, 747)
(421, 748)
(422, 749)
(422, 750)
(422, 751)
(422, 752)
(422, 753)
(422, 754)
(422, 755)
(422, 756)
(422, 757)
(422, 758)
(422, 759)
(422, 760)
(422, 761)
(422, 762)
(422, 763)
(422, 764)
(422, 765)
(422, 766)
(423, 767)
(423, 768)
(423, 769)
(423, 770)
(423, 771)
(423, 772)
(423, 773)
(424, 774)
(424, 775)
(425, 776)
(425, 777)
(426, 778)
(426, 779)
(427, 784)
(427, 785)
(427, 786)
(427, 787)
(427, 788)
(427, 789)
(427, 790)
(427, 791)
(427, 792)
(427, 793)
(427, 794)
(428, 795)
(428, 796)
(429, 797)
(429, 798)
(430, 799)
(431, 800)
(431, 801)
(431, 802)
(431, 803)
(431, 804)
(431, 805)
(430, 806)
(430, 807)
(430, 808)
(430, 809)
(430, 810)
(430, 811)
(429, 812)
(429, 813)
(429, 814)
(429, 815)
(429, 816)
(429, 817)
(429, 818)
(429, 819)
(429, 820)
(429, 821)
(429, 822)
(429, 823)
(429, 824)
(429, 825)
(429, 826)
(429, 827)
(429, 828)
(429, 829)
(428, 830)
(428, 831)
(428, 832)
(428, 833)
(428, 834)
(427, 835)
(427, 836)
(427, 837)
(426, 838)
(426, 839)
(426, 840)
(426, 841)
(427, 842)
(427, 843)
(427, 844)
(428, 845)
(428, 846)
(428, 847)
(428, 848)
(428, 849)
(428, 850)
(428, 851)
(428, 852)
(427, 853)
(427, 854)
(427, 855)
(427, 856)
(426, 857)
(425, 858)
(425, 859)
(425, 860)
(425, 861)
(425, 862)
(426, 863)
(426, 864)
(427, 865)
(428, 866)
(428, 867)
(429, 868)
(430, 869)
(430, 870)
(431, 871)
(431, 872)
(431, 873)
(432, 874)
(432, 875)
(432, 876)
(433, 877)
(433, 878)
(433, 879)
(433, 880)
(434, 881)
(435, 882)
(436, 883)
(437, 884)
(437, 885)
(438, 886)
(439, 887)
(440, 888)
(440, 889)
(440, 890)
(441, 891)
(441, 892)
(442, 893)
(442, 894)
(443, 895)
(443, 896)
(444, 897)
(444, 898)
(445, 899)
(445, 900)
(445, 901)
(445, 902)
(445, 903)
(445, 904)
(445, 905)
(446, 906)
(447, 907)
(448, 908)
(448, 909)
(449, 910)
(449, 911)
(449, 912)
(449, 913)
(448, 914)
(448, 915)
(448, 916)
(449, 917)
(449, 918)
(450, 919)
(450, 920)
(450, 921)
(450, 922)
(450, 923)
(450, 924)
(450, 925)
(450, 926)
(449, 927)
(449, 928)
(449, 929)
(449, 930)
(449, 931)
(449, 932)
(449, 933)
(449, 934)
(448, 935)
(448, 936)
(448, 937)
(448, 938)
(448, 939)
(447, 940)
(447, 941)
(447, 942)
(446, 943)
(446, 944)
(445, 945)
(445, 946)
(444, 947)
(444, 948)
(443, 949)
(443, 950)
(442, 951)
(440, 952)
(440, 953)
(439, 954)
(439, 955)
(438, 956)
(438, 957)
(438, 958)
(438, 959)
(439, 960)
(439, 963)
(439, 964)
(439, 965)
(439, 966)
(439, 967)
(439, 968)
(439, 969)
(440, 970)
(440, 971)
(440, 972)
(441, 973)
(441, 974)
(441, 975)
(442, 976)
(443, 977)
(442, 978)
(442, 979)
(442, 980)
(442, 981)
(442, 982)
(442, 983)
(441, 984)
(442, 985)
(442, 986)
(442, 987)
(442, 988)
(442, 989)
(443, 990)
(443, 991)
(443, 992)
(444, 993)
(444, 994)
(444, 995)
(444, 996)
(444, 997)
(444, 998)
(444, 999)
(444, 1000)
(445, 1001)
(445, 1002)
(445, 1003)
(445, 1004)
(445, 1005)
(445, 1006)
(445, 1007)
(445, 1008)
(444, 1009)
(444, 1010)
(444, 1011)
(443, 1012)
(443, 1013)
(443, 1014)
(443, 1015)
(443, 1016)
(443, 1017)
(443, 1018)
(444, 1019)
(444, 1020)
(443, 1021)
(443, 1022)
(443, 1023)
(443, 1024)
(443, 1025)
(442, 1026)
(442, 1027)
(442, 1028)
(443, 1029)
(443, 1030)
(443, 1031)
(444, 1032)
(444, 1033)
(444, 1034)
(444, 1035)
(444, 1036)
(444, 1037)
(444, 1038)
(444, 1039)
(443, 1040)
(443, 1041)
(443, 1042)
(443, 1043)
(443, 1044)
(443, 1045)
(443, 1046)
(443, 1047)
(443, 1048)
(444, 1049)
(444, 1050)
(444, 1051)
(444, 1052)
(443, 1053)
(443, 1054)
(443, 1055)
(443, 1056)
(443, 1057)
(444, 1058)
(444, 1059)
(444, 1060)
(445, 1061)
(445, 1062)
(446, 1063)
(446, 1064)
(446, 1065)
(446, 1066)
(445, 1067)
(445, 1068)
(444, 1069)
(443, 1070)
(442, 1071)
(442, 1072)
(441, 1073)
(442, 1074)
(442, 1075)
(442, 1076)
(442, 1077)
(443, 1078)
(443, 1079)
(443, 1080)
(443, 1081)
(444, 1082)
(444, 1083)
(444, 1084)
(444, 1085)
(445, 1086)
(445, 1087)
(445, 1088)
(445, 1089)
(445, 1090)
(445, 1091)
(445, 1092)
(445, 1093)
(446, 1094)
(446, 1095)
(446, 1096)
(446, 1097)
(446, 1098)
(447, 1099)
(447, 1100)
(447, 1101)
(447, 1102)
(447, 1103)
(447, 1104)
(447, 1105)
(448, 1106)
(448, 1107)
(448, 1108)
(448, 1109)
(448, 1110)
(448, 1111)
(449, 1112)
(449, 1113)
(449, 1114)
(450, 1115)
(450, 1116)
(450, 1117)
(450, 1118)
(450, 1119)
(450, 1120)
(450, 1121)
(450, 1122)
(450, 1123)
(450, 1124)
(450, 1125)
(451, 1126)
(451, 1127)
(451, 1128)
(451, 1129)
(451, 1130)
(451, 1131)
(451, 1132)
(451, 1133)
(451, 1134)
(451, 1135)
(451, 1136)
(450, 1137)
(450, 1138)
(450, 1139)
(450, 1140)
(450, 1141)
(450, 1142)
(450, 1143)
(450, 1147)
(449, 1148)
(449, 1149)
(449, 1150)
(449, 1151)
(449, 1152)
(449, 1153)
(449, 1154)
(449, 1155)
(448, 1156)
(448, 1157)
(448, 1158)
(448, 1159)
(448, 1160)
(448, 1161)
(448, 1162)
(448, 1163)
(448, 1164)
(448, 1165)
(448, 1166)
(449, 1167)
(449, 1168)
(449, 1169)
(449, 1170)
(449, 1171)
(449, 1172)
(449, 1173)
(449, 1174)
(448, 1175)
(448, 1176)
(448, 1177)
(448, 1178)
(448, 1179)
(448, 1180)
(448, 1181)
(448, 1182)
(448, 1183)
(448, 1184)
(448, 1185)
(448, 1186)
(448, 1187)
(448, 1188)
(448, 1189)
(448, 1190)
(448, 1191)
(449, 1192)
(449, 1193)
(449, 1194)
(449, 1195)
(449, 1196)
(449, 1197)
(449, 1198)
(449, 1199)
(449, 1200)
(449, 1201)
(449, 1202)
(449, 1203)
(449, 1204)
(449, 1205)
(450, 1206)
(450, 1207)
(450, 1208)
(450, 1209)
(451, 1210)
(451, 1211)
(451, 1212)
(451, 1213)
(451, 1214)
(452, 1215)
(453, 1216)
(453, 1217)
(453, 1218)
(453, 1219)
(454, 1220)
(454, 1221)
(454, 1222)
(454, 1223)
(454, 1224)
(454, 1225)
(454, 1226)
(454, 1227)
(454, 1228)
(454, 1229)
(454, 1230)
(454, 1231)
(454, 1232)
(455, 1233)
(455, 1234)
(455, 1235)
(455, 1236)
(455, 1237)
(454, 1238)
(454, 1239)
(454, 1240)
(454, 1241)
(454, 1242)
(454, 1243)
(453, 1244)
(453, 1245)
(453, 1246)
(453, 1247)
(452, 1248)
(452, 1249)
(452, 1250)
(452, 1251)
(453, 1252)
(453, 1253)
(453, 1254)
(453, 1255)
(453, 1256)
(453, 1257)
(453, 1258)
(453, 1259)
(453, 1260)
(453, 1261)
(453, 1262)
(453, 1263)
(453, 1264)
(454, 1265)
(454, 1266)
(455, 1267)
(455, 1268)
(455, 1269)
(456, 1270)
(456, 1271)
(457, 1272)
(457, 1273)
(457, 1274)
(457, 1275)
(457, 1276)
(457, 1277)
(458, 1278)
(458, 1279)
(458, 1280)
(458, 1281)
(458, 1282)
(459, 1283)
(459, 1284)
(459, 1285)
(459, 1286)
(459, 1287)
(459, 1288)
(459, 1289)
(459, 1290)
(459, 1291)
(460, 1292)
(460, 1293)
(461, 1294)
(461, 1295)
(461, 1296)
(461, 1297)
(462, 1298)
(462, 1299)
(462, 1300)
(462, 1301)
(463, 1302)
(463, 1303)
(463, 1304)
(463, 1305)
(463, 1306)
(463, 1307)
(464, 1308)
(464, 1309)
(464, 1310)
(464, 1311)
(465, 1312)
(465, 1313)
(465, 1314)
(465, 1315)
(466, 1316)
(466, 1317)
(466, 1318)
(467, 1319)
(467, 1320)
(468, 1321)
(468, 1322)
(469, 1323)
(469, 1324)
(469, 1325)
(470, 1326)
(470, 1327)
(470, 1328)
(473, 1332)
(472, 1333)
(473, 1334)
(473, 1335)
(472, 1336)
(472, 1337)
(472, 1338)
(472, 1339)
(472, 1340)
(472, 1341)
(472, 1342)
(472, 1343)
(471, 1344)
(471, 1345)
(471, 1346)
(471, 1347)
(471, 1348)
(470, 1349)
(470, 1350)
(469, 1351)
(468, 1352)
(467, 1353)
(467, 1354)
(466, 1355)
(465, 1356)
(465, 1357)
(465, 1358)
(464, 1359)
(464, 1360)
(464, 1361)
(464, 1362)
(464, 1363)
(464, 1364)
(463, 1365)
(463, 1366)
(463, 1367)
(463, 1368)
(462, 1369)
(462, 1370)
(462, 1371)
(462, 1372)
(461, 1373)
(461, 1374)
(460, 1375)
(460, 1376)
(460, 1377)
(459, 1378)
(459, 1379)
(459, 1380)
(459, 1381)
(460, 1382)
(461, 1383)
(457, 1384)
(458, 1385)
(459, 1386)
(459, 1387)
(459, 1388)
(459, 1389)
(459, 1390)
(460, 1391)
(460, 1392)
(460, 1393)
(460, 1394)
(460, 1395)
(460, 1396)
(460, 1397)
(460, 1398)
(460, 1399)
(460, 1400)
(460, 1401)
(460, 1402)
(460, 1403)
(460, 1404)
(461, 1405)
(461, 1406)
(461, 1407)
(461, 1408)
(461, 1409)
(461, 1410)
(462, 1411)
(462, 1412)
(462, 1413)
(462, 1414)
(463, 1415)
(463, 1416)
(464, 1417)
(464, 1418)
(465, 1419)
(465, 1420)
(465, 1421)
(465, 1422)
(465, 1423)
(465, 1424)
(465, 1425)
(465, 1426)
(465, 1427)
(466, 1428)
(466, 1429)
(466, 1430)
(466, 1431)
(466, 1432)
(467, 1433)
(467, 1434)
(467, 1435)
(467, 1436)
(467, 1437)
(468, 1438)
(468, 1439)
(468, 1440)
(468, 1441)
(468, 1442)
(468, 1443)
(468, 1444)
(467, 1445)
(467, 1446)
(467, 1447)
(467, 1448)
(466, 1449)
(466, 1450)
(466, 1451)
(466, 1452)
(466, 1453)
(466, 1454)
(466, 1455)
(466, 1456)
(466, 1457)
(467, 1458)
(467, 1459)
(466, 1460)
(466, 1461)
(466, 1462)
(466, 1463)
(466, 1464)
(467, 1465)
(467, 1466)
(467, 1467)
(467, 1468)
(467, 1469)
(467, 1470)
(467, 1471)
(468, 1472)
(468, 1473)
(468, 1474)
(469, 1475)
(469, 1476)
(469, 1477)
(469, 1478)
(469, 1479)
(469, 1480)
(469, 1481)
(469, 1482)
(469, 1483)
(469, 1484)
(468, 1485)
(468, 1486)
(468, 1487)
(468, 1488)
(468, 1489)
(469, 1490)
(469, 1491)
(469, 1492)
(469, 1493)
(470, 1494)
(470, 1495)
(470, 1496)
(471, 1497)
(471, 1498)
(471, 1499)
(471, 1500)
(471, 1501)
(471, 1502)
(471, 1503)
(471, 1504)
(471, 1505)
(472, 1506)
(472, 1507)
(472, 1508)
(472, 1509)
(472, 1510)
(473, 1514)
(473, 1515)
(473, 1516)
(473, 1517)
(473, 1518)
(473, 1519)
(473, 1520)
(473, 1521)
(473, 1522)
(472, 1523)
(472, 1524)
(472, 1525)
(472, 1526)
(472, 1527)
(472, 1528)
(472, 1529)
(473, 1530)
(473, 1531)
(473, 1532)
(474, 1533)
(474, 1534)
(474, 1535)
(474, 1536)
(474, 1537)
(475, 1538)
(475, 1539)
(476, 1540)
(476, 1541)
(476, 1542)
(476, 1543)
(476, 1544)
(476, 1545)
(476, 1546)
(476, 1547)
(476, 1548)
(476, 1549)
(476, 1550)
(476, 1551)
(476, 1552)
(476, 1553)
(476, 1554)
(476, 1555)
(476, 1556)
(476, 1557)
(476, 1558)
(476, 1559)
(477, 1560)
(477, 1561)
(477, 1562)
(478, 1563)
(478, 1564)
(478, 1565)
(479, 1566)
(479, 1567)
(479, 1568)
(479, 1569)
(480, 1570)
(480, 1571)
(480, 1572)
(480, 1573)
(480, 1574)
(480, 1575)
(480, 1576)
(480, 1577)
(480, 1578)
(480, 1579)
(480, 1580)
(480, 1581)
(480, 1582)
(480, 1583)
(480, 1584)
(480, 1585)
(480, 1586)
(480, 1587)
(480, 1588)
(480, 1589)
(480, 1590)
(480, 1591)
(480, 1592)
(480, 1593)
(480, 1594)
(480, 1595)
(481, 1596)
(481, 1597)
(482, 1598)
(483, 1599)
(483, 1600)
(483, 1601)
(484, 1602)
(485, 1603)
(485, 1604)
(485, 1605)
(486, 1606)
(486, 1607)
(486, 1608)
(486, 1609)
(486, 1610)
(486, 1611)
(486, 1612)
(486, 1613)
(486, 1614)
(486, 1615)
(487, 1616)
(487, 1617)
(487, 1618)
(487, 1619)
(487, 1620)
(487, 1621)
(487, 1622)
(487, 1623)
(487, 1624)
(487, 1625)
(487, 1626)
(487, 1627)
(487, 1628)
(487, 1629)
(487, 1630)
(488, 1631)
(488, 1632)
(488, 1633)
(488, 1634)
(488, 1635)
(488, 1636)
(488, 1637)
(488, 1638)
(488, 1639)
(488, 1640)
(488, 1641)
(488, 1642)
(488, 1643)
(488, 1644)
(488, 1645)
(488, 1646)
(488, 1647)
(488, 1648)
(488, 1649)
(488, 1650)
(488, 1651)
(488, 1652)
(488, 1653)
(488, 1654)
(488, 1655)
(487, 1656)
(487, 1657)
(487, 1658)
(487, 1659)
(486, 1660)
(486, 1661)
(486, 1662)
(486, 1663)
(486, 1664)
(485, 1665)
(485, 1666)
(485, 1667)
(485, 1668)
(485, 1669)
(485, 1670)
(485, 1671)
(486, 1672)
(486, 1673)
(486, 1674)
(487, 1675)
(488, 1676)
(488, 1677)
(489, 1678)
(489, 1679)
(489, 1680)
(490, 1681)
(491, 1682)
(491, 1683)
(492, 1684)
(492, 1685)
(492, 1686)
(493, 1687)
(493, 1688)
(493, 1689)
(493, 1690)
(494, 1691)
(493, 1692)
(493, 1693)
(494, 1694)
(496, 1696)
(496, 1697)
(496, 1698)
(496, 1699)
(496, 1700)
(496, 1701)
(496, 1702)
(497, 1703)
(498, 1704)
(498, 1705)
(498, 1706)
(499, 1707)
(499, 1708)
(499, 1709)
(499, 1710)
(499, 1711)
(499, 1712)
(499, 1713)
(499, 1714)
(499, 1715)
(499, 1716)
(499, 1717)
(499, 1718)
(499, 1719)
(499, 1720)
(499, 1721)
(499, 1722)
(499, 1723)
(499, 1724)
(499, 1725)
(499, 1726)
(498, 1727)
(498, 1728)
(498, 1729)
(498, 1730)
(498, 1731)
(498, 1732)
(498, 1733)
(498, 1734)
(498, 1735)
(498, 1736)
(498, 1737)
(498, 1738)
(497, 1739)
(497, 1740)
(497, 1741)
(496, 1742)
(495, 1743)
(495, 1744)
(495, 1745)
(494, 1746)
(494, 1747)
(494, 1748)
(494, 1749)
(494, 1750)
(494, 1751)
(494, 1752)
(494, 1753)
(494, 1754)
(494, 1755)
(494, 1756)
(494, 1757)
(494, 1758)
(495, 1759)
(495, 1760)
(496, 1761)
(496, 1762)
(496, 1763)
(496, 1764)
(497, 1765)
(497, 1766)
(497, 1767)
(497, 1768)
(498, 1769)
(498, 1770)
(498, 1771)
(498, 1772)
(499, 1773)
(499, 1774)
(499, 1775)
(499, 1776)
(500, 1777)
(500, 1778)
(500, 1779)
(500, 1780)
(501, 1781)
(501, 1782)
(501, 1783)
(502, 1784)
(502, 1785)
(502, 1786)
(502, 1787)
(502, 1788)
(503, 1789)
(503, 1790)
(503, 1791)
(503, 1792)
(504, 1793)
(505, 1794)
(505, 1795)
(505, 1796)
(506, 1797)
(506, 1798)
(506, 1799)
(507, 1800)
(507, 1801)
(507, 1802)
(508, 1803)
(508, 1804)
(508, 1805)
(509, 1806)
(509, 1807)
(509, 1808)
(509, 1809)
(510, 1810)
(510, 1811)
(510, 1812)
(511, 1813)
(511, 1814)
(511, 1815)
(511, 1816)
(511, 1817)
(512, 1818)
(512, 1819)
(512, 1820)
(512, 1821)
(512, 1822)
(513, 1823)
(513, 1824)
(513, 1825)
(513, 1826)
(513, 1827)
(513, 1828)
(513, 1829)
(513, 1830)
(514, 1831)
(514, 1832)
(514, 1833)
(514, 1834)
(514, 1835)
(514, 1836)
(514, 1837)
(514, 1838)
(514, 1839)
(514, 1840)
(514, 1841)
(514, 1842)
(514, 1843)
(514, 1844)
(514, 1845)
(514, 1846)
(514, 1847)
(514, 1848)
(514, 1849)
(514, 1850)
(514, 1851)
(514, 1852)
(514, 1853)
(514, 1854)
(514, 1855)
(513, 1856)
(513, 1857)
(513, 1858)
(513, 1859)
(513, 1860)
(513, 1861)
(512, 1862)
(512, 1863)
(512, 1864)
(512, 1865)
(512, 1866)
(512, 1867)
(512, 1868)
(512, 1869)
(512, 1870)
(511, 1871)
(511, 1872)
(512, 1873)
(512, 1874)
(511, 1875)
(511, 1876)
(512, 1879)
(511, 1880)
(510, 1881)
(510, 1882)
(510, 1883)
(510, 1884)
(510, 1885)
(510, 1886)
(510, 1887)
(510, 1888)
(510, 1889)
(511, 1890)
(511, 1891)
(510, 1892)
(510, 1893)
(510, 1894)
(510, 1895)
(510, 1896)
(510, 1897)
(510, 1898)
(510, 1899)
(510, 1900)
(510, 1901)
(510, 1902)
(510, 1903)
(510, 1904)
(509, 1905)
(509, 1906)
(509, 1907)
(509, 1908)
(509, 1909)
(509, 1910)
(509, 1911)
(509, 1912)
(509, 1913)
(509, 1914)
(509, 1915)
(509, 1916)
(509, 1917)
(509, 1918)
(509, 1919)
(509, 1920)
(508, 1921)
(508, 1922)
(507, 1923)
(507, 1924)
(507, 1925)
(506, 1926)
(506, 1927)
(506, 1928)
(506, 1929)
(505, 1930)
(505, 1931)
(505, 1932)
(504, 1933)
(504, 1934)
(504, 1935)
(504, 1936)
(504, 1937)
(504, 1938)
(503, 1939)
(503, 1940)
(503, 1941)
(503, 1942)
(503, 1943)
(503, 1944)
(503, 1945)
(503, 1946)
(504, 1947)
(504, 1948)
(503, 1949)
(503, 1950)
(503, 1951)
(503, 1952)
(503, 1953)
(503, 1954)
(503, 1955)
(503, 1956)
(503, 1957)
(503, 1958)
(503, 1959)
(503, 1960)
(503, 1961)
(506, 1981)
(506, 1982)
(506, 1983)
(507, 1984)
(507, 1985)
(507, 1986)
(507, 1987)
(508, 1988)
(508, 1989)
(509, 1990)
(509, 1991)
(509, 1992)
(509, 1993)
(510, 1994)
(510, 1995)
(510, 1996)
(510, 1997)
(510, 1998)
(510, 1999)
(510, 2000)
(510, 2001)
(510, 2002)
(509, 2003)
(509, 2004)
(509, 2005)
(509, 2006)
(509, 2007)
(509, 2008)
(509, 2009)
(509, 2010)
(509, 2011)
(509, 2012)
(509, 2013)
(509, 2014)
(509, 2015)
(509, 2016)
(509, 2017)
(509, 2018)
(510, 2019)
(510, 2020)
(510, 2021)
(510, 2022)
(511, 2023)
(511, 2024)
(511, 2025)
(511, 2026)
(511, 2027)
(512, 2028)
(512, 2029)
(512, 2030)
(512, 2031)
(512, 2032)
(512, 2033)
(512, 2034)
(512, 2035)
(512, 2036)
(512, 2037)
(512, 2038)
(512, 2039)
(512, 2040)
(512, 2041)
(513, 2042)
(513, 2043)
(513, 2044)
(513, 2045)
(513, 2046)
(513, 2047)
(513, 2048)
(513, 2049)
(513, 2050)
(513, 2051)
(513, 2052)
(513, 2053)
(513, 2054)
(513, 2055)
(513, 2056)
(513, 2057)
(513, 2058)
(513, 2059)
(513, 2062)
(513, 2063)
(513, 2064)
(513, 2065)
(513, 2066)
(512, 2067)
(512, 2068)
(512, 2069)
(512, 2070)
(512, 2071)
(512, 2072)
(512, 2073)
(511, 2074)
(511, 2075)
(511, 2076)
(512, 2077)
(511, 2078)
(512, 2079)
(512, 2080)
(512, 2081)
(512, 2082)
(513, 2083)
(513, 2084)
(512, 2085)
(512, 2086)
(512, 2087)
(512, 2088)
(512, 2089)
(512, 2090)
(512, 2091)
(511, 2092)
(511, 2093)
(511, 2094)
(511, 2095)
(511, 2096)
(510, 2097)
(510, 2098)
(510, 2099)
(510, 2100)
(510, 2101)
(510, 2102)
(510, 2103)
(510, 2104)
(510, 2105)
(510, 2106)
(510, 2107)
(510, 2108)
(510, 2109)
(510, 2110)
(510, 2111)
(510, 2112)
(510, 2113)
(511, 2114)
(511, 2115)
(511, 2116)
(510, 2117)
(510, 2118)
(510, 2119)
(510, 2120)
(510, 2121)
(510, 2122)
(510, 2123)
(510, 2124)
(509, 2125)
(509, 2126)
(509, 2127)
(509, 2128)
(509, 2129)
(509, 2130)
(508, 2131)
(508, 2132)
(508, 2133)
(507, 2134)
(507, 2135)
(507, 2136)
(507, 2137)
(507, 2138)
(507, 2139)
(507, 2140)
(507, 2141)
(507, 2142)
(507, 2143)
(507, 2144)
(507, 2145)
(507, 2146)
(507, 2147)
(507, 2148)
(507, 2149)
(507, 2150)
(507, 2151)
(507, 2152)
(507, 2153)
(507, 2154)
(507, 2155)
(507, 2156)
(507, 2157)
(507, 2158)
(507, 2159)
(507, 2160)
(507, 2161)
(507, 2162)
(507, 2163)
(507, 2164)
(507, 2165)
(507, 2166)
(508, 2167)
(508, 2168)
(508, 2169)
(508, 2170)
(508, 2171)
(508, 2172)
(508, 2173)
(508, 2174)
(508, 2175)
(508, 2176)
(508, 2177)
(508, 2178)
(508, 2179)
(509, 2180)
(509, 2181)
(510, 2182)
(510, 2183)
(510, 2184)
(511, 2185)
(511, 2186)
(511, 2187)
(511, 2188)
(511, 2189)
(511, 2190)
(511, 2191)
(511, 2192)
(511, 2193)
(512, 2194)
(512, 2195)
(512, 2196)
(511, 2197)
(511, 2198)
(511, 2199)
(511, 2200)
(511, 2201)
(511, 2202)
(511, 2203)
(511, 2204)
(511, 2205)
(511, 2206)
(511, 2207)
(511, 2208)
(512, 2209)
(512, 2210)
(512, 2211)
(512, 2212)
(512, 2213)
(512, 2214)
(512, 2215)
(512, 2216)
(512, 2217)
(512, 2218)
(512, 2219)
(512, 2220)
(511, 2221)
(512, 2222)
(512, 2223)
(511, 2224)
(511, 2225)
(511, 2226)
(511, 2227)
(511, 2228)
(511, 2229)
(511, 2230)
(511, 2231)
(511, 2232)
(511, 2233)
(511, 2234)
(511, 2235)
(510, 2236)
(510, 2237)
(510, 2238)
(511, 2239)
(511, 2240)
(511, 2241)
(510, 2242)
(510, 2243)
(509, 2244)
(509, 2245)
(509, 2246)
(509, 2247)
(509, 2248)
(509, 2249)
(509, 2250)
(509, 2251)
(509, 2252)
(509, 2253)
(509, 2254)
(508, 2255)
(508, 2256)
(508, 2257)
(508, 2258)
(508, 2259)
(508, 2260)
(508, 2261)
(508, 2262)
(508, 2263)
(507, 2264)
(506, 2265)
(506, 2266)
(506, 2267)
(506, 2268)
(505, 2269)
(505, 2270)
(505, 2271)
(505, 2272)
(505, 2273)
(505, 2274)
(505, 2275)
(504, 2276)
(505, 2277)
(505, 2278)
(505, 2279)
(505, 2280)
(505, 2281)
(505, 2282)
(505, 2283)
(505, 2284)
(505, 2285)
(504, 2286)
(504, 2287)
(504, 2288)
(504, 2289)
(504, 2290)
(504, 2291)
(504, 2292)
(504, 2293)
(504, 2294)
(504, 2295)
(504, 2296)
(504, 2297)
(504, 2298)
(504, 2299)
(504, 2300)
(504, 2301)
(504, 2302)
(504, 2303)
(504, 2304)
(504, 2305)
(504, 2306)
(504, 2307)
(504, 2308)
(504, 2309)
(504, 2310)
(504, 2311)
(504, 2312)
(504, 2313)
(504, 2314)
(503, 2315)
(503, 2316)
(503, 2317)
(503, 2318)
(503, 2319)
(503, 2320)
(503, 2321)
(503, 2322)
(503, 2323)
(502, 2324)
(502, 2325)
(502, 2326)
(502, 2327)
(502, 2328)
(502, 2329)
(502, 2330)
(502, 2331)
(502, 2332)
(502, 2333)
(502, 2334)
(502, 2335)
(502, 2336)
(502, 2337)
(502, 2338)
(502, 2339)
(502, 2340)
(502, 2341)
(502, 2342)
(502, 2343)
(502, 2344)
(501, 2345)
(501, 2346)
(501, 2347)
(501, 2348)
(501, 2349)
(501, 2350)
(501, 2351)
(501, 2352)
(501, 2353)
(501, 2354)
(501, 2355)
(501, 2356)
(501, 2357)
(502, 2358)
(502, 2359)
(502, 2360)
(502, 2361)
(502, 2362)
(502, 2363)
(502, 2364)
(502, 2365)
(502, 2366)
(502, 2367)
(502, 2368)
(502, 2369)
(502, 2370)
(503, 2371)
(503, 2372)
(503, 2373)
(504, 2374)
(504, 2375)
(504, 2376)
(504, 2377)
(505, 2378)
(505, 2379)
(505, 2380)
(505, 2381)
(506, 2382)
(506, 2383)
(506, 2384)
(507, 2385)
(507, 2386)
(507, 2387)
(507, 2388)
(508, 2389)
(508, 2390)
(508, 2391)
(508, 2392)
(509, 2393)
(509, 2394)
(509, 2395)
(509, 2396)
(509, 2397)
(509, 2398)
(509, 2399)
(510, 2400)
(510, 2401)
(510, 2402)
(510, 2403)
(511, 2404)
(511, 2405)
(511, 2406)
(511, 2407)
(512, 2408)
(512, 2409)
(512, 2410)
(512, 2411)
(512, 2412)
(512, 2413)
(512, 2414)
(513, 2415)
(513, 2416)
(513, 2417)
(513, 2418)
(513, 2419)
(513, 2420)
(513, 2421)
(513, 2422)
(513, 2423)
(513, 2424)
(513, 2425)
(514, 2426)
(514, 2427)
(514, 2428)
(514, 2429)
(514, 2430)
(514, 2431)
(513, 2432)
(513, 2433)
(513, 2434)
(513, 2435)
(513, 2436)
(513, 2437)
(513, 2438)
(513, 2439)
(513, 2440)
(512, 2441)
(512, 2442)
(512, 2443)
(511, 2444)
(511, 2445)
(510, 2446)
(509, 2447)
(509, 2448)
(509, 2449)
(508, 2450)
(508, 2451)
(508, 2452)
(507, 2453)
(506, 2454)
(506, 2455)
(505, 2456)
(505, 2457)
(505, 2458)
(504, 2459)
(504, 2460)
(504, 2461)
(504, 2462)
(504, 2463)
(503, 2464)
(504, 2465)
(504, 2466)
(504, 2467)
(504, 2468)
(504, 2469)
(504, 2470)
(504, 2471)
(504, 2472)
(504, 2473)
(505, 2474)
(505, 2475)
(505, 2476)
(505, 2477)
(505, 2478)
(505, 2479)
(506, 2480)
(506, 2481)
(507, 2482)
(507, 2483)
(507, 2484)
(507, 2485)
(508, 2486)
(508, 2487)
(508, 2488)
(509, 2489)
(509, 2490)
(509, 2491)
(509, 2492)
(509, 2493)
(509, 2494)
(509, 2495)
(509, 2496)
(510, 2497)
(510, 2498)
(510, 2499)
(510, 2500)
(509, 2501)
(509, 2502)
(509, 2503)
(510, 2504)
(510, 2505)
(510, 2506)
(510, 2507)
(510, 2508)
(510, 2509)
(510, 2510)
(509, 2511)
(509, 2512)
(509, 2513)
(509, 2514)
(509, 2515)
(509, 2516)
(509, 2517)
(509, 2518)
(509, 2519)
(509, 2520)
(509, 2521)
(509, 2522)
(509, 2523)
(509, 2524)
(509, 2525)
(509, 2526)
(510, 2527)
(510, 2528)
(510, 2529)
(510, 2530)
(510, 2531)
(510, 2532)
(510, 2533)
(510, 2534)
(510, 2535)
(510, 2536)
(510, 2537)
(510, 2538)
(510, 2539)
(510, 2540)
(510, 2541)
(510, 2542)
(510, 2543)
(510, 2544)
(511, 2545)
(511, 2546)
(511, 2547)
(511, 2548)
(511, 2549)
(511, 2550)
(511, 2551)
(511, 2552)
(511, 2553)
(511, 2554)
(511, 2555)
(511, 2556)
(511, 2557)
(511, 2558)
(510, 2559)
(510, 2560)
(509, 2561)
(508, 2562)
(507, 2563)
(507, 2564)
(506, 2565)
(505, 2566)
(504, 2567)
(503, 2568)
(502, 2569)
(502, 2570)
(501, 2571)
(500, 2572)
(499, 2573)
(499, 2574)
(498, 2575)
(496, 2576)
(495, 2577)
(494, 2578)
(493, 2579)
(492, 2580)
(492, 2581)
(490, 2582)
(489, 2583)
(488, 2584)
(488, 2585)
(486, 2586)
(485, 2587)
(484, 2588)
(483, 2589)
(482, 2590)
(481, 2591)
(480, 2592)
(480, 2593)
(479, 2594)
(478, 2595)
(477, 2596)
(476, 2597)
(475, 2598)
(475, 2599)
(474, 2600)
(473, 2601)
(473, 2602)
(472, 2603)
(471, 2604)
(471, 2605)
(470, 2606)
(470, 2607)
(469, 2608)
(468, 2609)
(468, 2610)
(467, 2611)
(466, 2612)
(465, 2613)
(465, 2614)
(465, 2615)
(464, 2616)
(464, 2617)
(463, 2618)
(463, 2619)
(463, 2620)
(463, 2621)
(463, 2622)
(463, 2623)
(463, 2624)
(462, 2625)
(462, 2626)
(462, 2627)
(462, 2628)
(461, 2629)
(461, 2630)
(461, 2631)
(461, 2632)
(461, 2633)
(461, 2634)
(461, 2635)
(461, 2636)
(461, 2637)
(461, 2638)
(461, 2639)
(462, 2640)
(462, 2641)
(462, 2642)
(461, 2643)
(461, 2644)
(462, 2645)
(462, 2646)
(462, 2647)
(462, 2648)
(462, 2649)
(463, 2650)
(463, 2651)
(463, 2652)
(463, 2653)
(464, 2654)
(464, 2655)
(464, 2656)
(464, 2657)
(464, 2658)
(465, 2659)
(465, 2660)
(465, 2661)
(465, 2662)
(466, 2663)
(466, 2664)
(466, 2665)
(466, 2666)
(466, 2667)
(466, 2668)
(467, 2669)
(467, 2670)
(467, 2671)
(468, 2672)
(468, 2673)
(468, 2674)
(469, 2675)
(469, 2676)
(470, 2677)
(470, 2678)
(470, 2679)
(471, 2680)
(471, 2681)
(472, 2682)
(473, 2683)
(473, 2684)
(473, 2685)
(474, 2686)
(474, 2687)
(475, 2688)
(475, 2689)
(476, 2690)
(476, 2691)
(477, 2692)
(477, 2693)
(478, 2694)
(478, 2695)
(478, 2696)
(479, 2697)
(479, 2698)
(479, 2699)
(480, 2700)
(480, 2701)
(481, 2702)
(482, 2703)
(483, 2704)
(483, 2705)
(484, 2706)
(484, 2707)
(485, 2708)
(485, 2709)
(486, 2710)
(486, 2711)
(487, 2712)
(487, 2713)
(488, 2714)
(488, 2715)
(488, 2716)
(489, 2717)
(489, 2718)
(490, 2719)
(491, 2720)
(491, 2721)
(491, 2722)
(492, 2723)
(493, 2724)
(493, 2725)
(494, 2726)
(495, 2727)
(495, 2728)
(495, 2729)
(495, 2730)
(495, 2731)
(496, 2732)
(496, 2733)
(496, 2734)
(497, 2735)
(497, 2736)
(497, 2737)
(498, 2738)
(498, 2739)
(499, 2740)
(499, 2741)
(499, 2742)
(500, 2743)
(500, 2744)
(500, 2745)
(501, 2746)
(502, 2747)
(502, 2748)
(502, 2749)
(503, 2750)
(504, 2751)
(504, 2752)
(505, 2753)
(505, 2754)
(506, 2755)
(506, 2756)
(506, 2757)
(507, 2758)
(507, 2759)
(508, 2760)
(508, 2761)
(509, 2762)
(509, 2763)
(509, 2764)
(509, 2765)
(510, 2766)
(510, 2767)
(510, 2768)
(511, 2769)
(511, 2770)
(511, 2771)
(511, 2772)
(512, 2773)
(512, 2774)
(512, 2775)
(513, 2776)
(513, 2777)
(513, 2778)
(513, 2779)
(513, 2780)
(513, 2781)
(513, 2782)
(513, 2783)
(514, 2784)
(514, 2785)
(514, 2786)
(514, 2787)
(514, 2788)
(515, 2789)
(515, 2790)
(515, 2791)
(515, 2792)
(516, 2793)
(516, 2794)
(517, 2795)
(517, 2796)
(517, 2797)
(517, 2798)
(517, 2799)
(517, 2800)
(517, 2801)
(517, 2802)
(517, 2803)
(517, 2804)
(517, 2805)
(517, 2806)
(517, 2807)
(518, 2808)
(518, 2809)
(518, 2810)
(518, 2811)
(518, 2812)
(518, 2813)
(518, 2814)
(518, 2815)
(518, 2816)
(518, 2817)
(518, 2818)
(518, 2819)
(518, 2820)
(518, 2821)
(518, 2822)
(518, 2823)
(518, 2824)
(518, 2825)
(518, 2826)
(518, 2827)
(518, 2828)
(518, 2829)
(518, 2830)
(518, 2831)
(518, 2832)
(518, 2833)
(519, 2834)
(519, 2835)
(519, 2836)
(519, 2837)
(519, 2838)
(519, 2839)
(519, 2840)
(520, 2841)
(520, 2842)
(520, 2843)
(520, 2844)
(520, 2845)
(520, 2846)
(520, 2847)
(520, 2848)
(520, 2849)
(520, 2850)
(521, 2851)
(521, 2852)
(521, 2853)
(521, 2854)
(521, 2855)
(521, 2856)
(521, 2857)
(521, 2858)
(521, 2859)
(520, 2860)
(520, 2861)
(520, 2862)
(520, 2863)
(520, 2864)
(520, 2865)
(520, 2866)
(520, 2867)
(521, 2868)
(521, 2869)
(521, 2870)
(521, 2871)
(521, 2872)
(521, 2873)
(521, 2874)
(521, 2875)
(521, 2876)
(521, 2877)
(522, 2878)
(522, 2879)
(522, 2880)
(522, 2881)
(522, 2882)
(522, 2883)
(522, 2884)
(522, 2885)
(523, 2886)
(523, 2887)
(523, 2888)
(523, 2889)
(523, 2890)
(523, 2891)
(523, 2892)
(523, 2893)
(523, 2894)
(523, 2895)
(524, 2896)
(524, 2897)
(524, 2898)
(524, 2899)
(525, 2900)
(525, 2901)
(525, 2902)
(525, 2903)
(526, 2904)
(527, 2905)
(527, 2906)
(527, 2907)
(528, 2908)
(528, 2909)
(529, 2910)
(529, 2911)
(530, 2912)
(530, 2913)
(530, 2914)
(531, 2915)
(531, 2916)
(531, 2917)
(532, 2918)
(532, 2919)
(532, 2920)
(533, 2921)
(533, 2922)
(533, 2923)
(533, 2924)
(533, 2925)
(534, 2926)
(534, 2927)
(534, 2928)
(534, 2929)
(535, 2930)
(535, 2931)
(535, 2932)
(536, 2933)
(536, 2934)
(536, 2935)
(537, 2936)
(537, 2937)
(537, 2938)
(537, 2939)
(538, 2940)
(538, 2941)
(538, 2942)
(539, 2943)
(539, 2944)
(539, 2945)
(539, 2946)
(539, 2947)
(540, 2948)
(540, 2949)
(540, 2950)
(541, 2951)
(541, 2952)
(541, 2953)
(541, 2954)
(541, 2955)
(541, 2956)
(541, 2957)
(540, 2958)
(540, 2959)
(540, 2960)
(540, 2961)
(540, 2962)
(540, 2963)
(540, 2964)
(540, 2965)
(540, 2966)
(540, 2967)
(540, 2968)
(540, 2969)
(540, 2970)
(539, 2971)
(540, 2972)
(540, 2973)
(539, 2974)
(540, 2975)
(540, 2976)
(540, 2977)
(540, 2978)
(540, 2979)
(540, 2980)
(540, 2981)
(540, 2982)
(540, 2983)
(540, 2984)
(540, 2985)
(540, 2986)
(539, 2987)
(539, 2988)
(540, 2989)
(540, 2990)
(540, 2991)
(540, 2992)
(540, 2993)
(540, 2994)
(540, 2995)
(540, 2996)
(540, 2997)
(540, 2998)
(540, 2999)
(540, 3000)
(540, 3001)
(541, 3002)
(541, 3003)
(541, 3004)
(541, 3005)
(542, 3006)
(542, 3007)
(542, 3008)
(542, 3009)
(542, 3010)
(542, 3011)
(543, 3012)
(543, 3013)
(543, 3014)
(543, 3015)
(543, 3016)
(543, 3017)
(543, 3018)
(544, 3019)
(544, 3020)
(544, 3021)
(544, 3022)
(544, 3023)
(544, 3024)
(545, 3025)
(545, 3026)
(545, 3027)
(545, 3028)
(545, 3029)
(545, 3030)
(545, 3031)
(545, 3032)
(546, 3033)
(546, 3034)
(546, 3035)
(546, 3036)
(546, 3037)
(546, 3038)
(546, 3039)
(546, 3040)
(546, 3041)
(545, 3042)
(545, 3043)
(545, 3044)
(545, 3045)
(544, 3046)
(544, 3047)
(543, 3048)
(543, 3049)
(542, 3050)
(541, 3051)
(541, 3052)
(540, 3053)
(540, 3054)
(539, 3055)
(539, 3056)
(538, 3057)
(538, 3058)
(537, 3059)
(536, 3060)
(536, 3061)
(535, 3062)
(535, 3063)
(535, 3064)
(534, 3065)
(534, 3066)
(534, 3067)
(533, 3068)
(533, 3069)
(533, 3070)
(533, 3071)
(533, 3072)
(533, 3073)
(533, 3074)
(532, 3075)
(532, 3076)
(532, 3077)
(532, 3078)
(532, 3079)
(532, 3080)
(532, 3081)
(532, 3082)
(532, 3083)
(532, 3084)
(532, 3085)
(532, 3086)
(531, 3087)
(531, 3088)
(531, 3089)
(531, 3090)
(531, 3091)
(531, 3092)
(531, 3093)
(531, 3094)
(530, 3095)
(530, 3096)
(530, 3097)
(530, 3098)
(530, 3099)
(530, 3100)
(530, 3101)
(530, 3102)
(530, 3103)
(530, 3104)
(529, 3105)
(529, 3106)
(529, 3107)
(529, 3108)
(529, 3109)
(529, 3110)
(529, 3111)
(529, 3112)
(529, 3113)
(529, 3114)
(529, 3115)
(529, 3116)
(529, 3117)
(529, 3118)
(529, 3119)
(529, 3120)
(530, 3121)
(530, 3122)
(530, 3123)
(530, 3124)
(530, 3125)
(530, 3126)
(530, 3127)
(530, 3128)
(530, 3129)
(530, 3130)
(530, 3131)
(530, 3132)
(530, 3133)
(530, 3134)
(530, 3135)
(531, 3136)
(531, 3137)
(531, 3138)
(531, 3139)
(531, 3140)
(531, 3141)
(531, 3142)
(531, 3143)
(531, 3144)
(531, 3145)
(531, 3146)
(531, 3147)
(531, 3148)
(531, 3149)
(531, 3150)
(531, 3151)
(531, 3152)
(531, 3153)
(531, 3154)
(531, 3155)
(531, 3156)
(531, 3157)
(531, 3158)
(531, 3159)
(531, 3160)
(531, 3161)
(531, 3162)
(531, 3163)
(531, 3164)
(531, 3165)
(531, 3166)
(531, 3167)
(531, 3168)
(531, 3169)
(531, 3170)
(531, 3171)
(531, 3172)
(531, 3173)
(531, 3174)
(531, 3175)
(531, 3176)
(532, 3177)
(532, 3178)
(532, 3179)
(532, 3180)
(532, 3181)
(532, 3182)
(532, 3183)
(532, 3184)
(532, 3185)
(532, 3186)
(532, 3187)
(532, 3188)
(532, 3189)
(532, 3190)
(532, 3191)
(532, 3192)
(532, 3193)
(532, 3194)
(532, 3195)
(532, 3196)
(532, 3197)
(532, 3198)
(533, 3199)
(533, 3200)
(533, 3201)
(533, 3202)
(533, 3203)
(533, 3204)
(533, 3205)
(533, 3206)
(533, 3207)
(533, 3208)
(533, 3209)
(533, 3210)
(533, 3211)
(533, 3212)
(533, 3213)
(533, 3214)
(533, 3215)
(533, 3216)
(533, 3217)
(533, 3218)
(533, 3219)
(533, 3220)
(533, 3221)
(533, 3222)
(533, 3223)
(533, 3224)
(533, 3225)
(533, 3226)
(533, 3227)
(533, 3228)
(533, 3229)
(534, 3230)
(534, 3231)
(534, 3232)
(534, 3233)
(534, 3234)
(534, 3235)
(534, 3236)
(534, 3237)
(534, 3238)
(534, 3239)
(534, 3240)
(534, 3241)
(534, 3242)
(534, 3243)
(534, 3244)
(534, 3245)
(534, 3246)
(534, 3247)
(534, 3248)
(534, 3249)
(534, 3250)
(533, 3251)
(533, 3252)
(534, 3253)
(534, 3254)
(534, 3255)
(534, 3256)
(534, 3257)
(534, 3258)
(534, 3259)
(534, 3260)
(533, 3261)
(533, 3262)
(533, 3263)
(533, 3264)
(533, 3265)
(533, 3266)
(533, 3267)
(533, 3268)
(533, 3269)
(533, 3270)
(533, 3271)
(533, 3272)
(533, 3273)
(533, 3274)
(533, 3275)
(532, 3276)
(532, 3277)
(532, 3278)
(532, 3279)
(532, 3280)
(532, 3281)
(532, 3282)
(532, 3283)
(532, 3284)
(531, 3285)
(531, 3286)
(531, 3287)
(531, 3288)
(531, 3289)
(531, 3290)
(531, 3291)
(530, 3292)
(530, 3293)
(530, 3294)
(530, 3295)
(530, 3296)
(530, 3297)
(530, 3298)
(530, 3299)
(529, 3300)
(529, 3301)
(529, 3302)
(529, 3303)
(529, 3304)
(528, 3305)
(528, 3306)
(528, 3307)
(528, 3308)
(528, 3309)
(528, 3310)
(528, 3311)
(528, 3312)
(528, 3313)
(528, 3314)
(528, 3315)
(528, 3316)
(528, 3317)
(528, 3318)
(528, 3319)
(527, 3320)
(527, 3321)
(527, 3322)
(527, 3323)
(527, 3324)
(526, 3325)
(526, 3326)
(526, 3327)
(525, 3328)
(525, 3329)
(525, 3330)
(525, 3331)
(525, 3332)
(525, 3333)
(525, 3334)
(524, 3335)
(524, 3336)
(524, 3337)
(524, 3338)
(524, 3339)
(523, 3340)
(523, 3341)
(523, 3342)
(523, 3343)
(523, 3344)
(522, 3345)
(522, 3346)
(522, 3347)
(522, 3348)
(522, 3349)
(522, 3350)
(522, 3351)
(522, 3352)
(522, 3353)
(522, 3354)
(522, 3355)
(522, 3356)
(522, 3357)
(522, 3358)
(522, 3359)
(522, 3360)
(523, 3361)
(523, 3362)
(523, 3363)
(523, 3364)
(523, 3365)
(523, 3366)
(523, 3367)
(523, 3368)
(523, 3369)
(523, 3370)
(523, 3371)
(523, 3372)
(523, 3373)
(524, 3374)
(524, 3375)
(524, 3376)
(524, 3377)
(524, 3378)
(523, 3379)
(523, 3380)
(523, 3381)
(523, 3382)
(523, 3383)
(523, 3384)
(523, 3385)
(523, 3386)
(523, 3387)
(522, 3388)
(522, 3389)
(522, 3390)
(522, 3391)
(521, 3392)
(521, 3393)
(521, 3394)
(521, 3395)
(521, 3396)
(521, 3397)
(521, 3398)
(521, 3399)
(521, 3400)
(520, 3401)
(520, 3402)
(520, 3403)
(520, 3404)
(520, 3405)
(520, 3406)
(520, 3407)
(521, 3408)
(521, 3409)
(521, 3410)
(521, 3411)
(521, 3412)
(521, 3413)
(521, 3414)
(521, 3415)
(521, 3416)
(521, 3417)
(521, 3418)
(521, 3419)
(521, 3420)
(521, 3421)
(521, 3422)
(521, 3423)
(521, 3424)
(522, 3425)
(522, 3426)
(522, 3427)
(522, 3428)
(523, 3429)
(522, 3430)
(523, 3431)
(523, 3432)
(523, 3433)
(523, 3434)
(523, 3435)
(523, 3436)
(523, 3437)
(524, 3438)
(524, 3439)
(524, 3440)
(524, 3441)
(524, 3442)
(525, 3443)
(525, 3444)
(525, 3445)
(525, 3446)
(525, 3447)
(525, 3448)
(525, 3449)
(525, 3450)
(526, 3451)
(526, 3452)
(526, 3453)
(526, 3454)
(526, 3455)
(526, 3456)
(526, 3457)
(526, 3458)
(526, 3459)
(526, 3460)
(525, 3461)
(525, 3462)
(525, 3463)
(525, 3464)
(525, 3465)
(525, 3466)
(525, 3467)
(524, 3468)
(524, 3469)
(524, 3470)
(524, 3471)
(524, 3472)
(524, 3473)
(524, 3474)
(524, 3475)
(524, 3476)
(524, 3477)
(524, 3478)
(524, 3479)
(524, 3480)
(524, 3481)
(524, 3482)
(524, 3483)
(524, 3484)
(524, 3485)
(524, 3486)
(524, 3487)
(524, 3488)
(524, 3489)
(524, 3490)
(525, 3491)
(525, 3492)
(525, 3493)
(525, 3494)
(525, 3495)
(526, 3496)
(526, 3497)
(526, 3498)
(526, 3499)
(527, 3500)
(527, 3501)
(527, 3502)
(527, 3503)
(527, 3504)
(526, 3505)
(526, 3506)
(526, 3507)
(526, 3508)
(526, 3509)
(526, 3510)
(526, 3511)
(526, 3512)
(526, 3513)
(526, 3514)
(527, 3515)
(527, 3516)
(527, 3517)
(527, 3518)
(528, 3519)
(528, 3520)
(528, 3521)
(529, 3522)
(529, 3523)
(528, 3524)
(529, 3525)
(529, 3526)
(528, 3527)
(529, 3528)
(529, 3529)
(529, 3530)
(529, 3531)
(529, 3532)
(529, 3533)
(529, 3534)
(529, 3535)
(529, 3536)
(529, 3537)
(529, 3538)
(529, 3539)
(529, 3540)
(529, 3541)
(529, 3542)
(529, 3543)
(529, 3544)
(529, 3545)
(529, 3546)
(529, 3547)
(529, 3548)
(529, 3549)
(529, 3550)
(529, 3551)
(528, 3552)
(528, 3553)
(528, 3554)
(528, 3555)
(528, 3556)
(528, 3557)
(528, 3558)
(527, 3559)
(527, 3560)
(527, 3561)
(527, 3562)
(527, 3563)
(526, 3564)
(526, 3565)
(526, 3566)
(525, 3567)
(525, 3568)
(525, 3569)
(525, 3570)
(525, 3571)
(525, 3572)
(524, 3573)
(524, 3574)
(524, 3575)
(524, 3576)
(524, 3577)
(524, 3578)
(524, 3579)
(524, 3580)
(524, 3581)
(524, 3582)
(524, 3583)
(524, 3584)
(524, 3585)
(524, 3586)
(524, 3587)
(524, 3588)
(524, 3589)
(524, 3590)
(524, 3591)
(524, 3592)
(524, 3593)
(524, 3594)
(524, 3595)
(524, 3596)
(524, 3597)
(524, 3598)
(524, 3599)
(524, 3600)
(524, 3601)
(524, 3602)
(524, 3603)
(524, 3604)
(524, 3605)
(524, 3606)
(524, 3607)
(524, 3608)
(524, 3609)
(524, 3610)
(524, 3611)
(524, 3612)
(524, 3613)
(524, 3614)
(524, 3615)
(524, 3616)
(524, 3617)
(524, 3618)
(524, 3619)
(524, 3620)
(524, 3621)
(523, 3622)
(523, 3623)
(523, 3624)
(523, 3625)
(523, 3626)
(523, 3627)
(523, 3628)
(523, 3629)
(523, 3630)
(523, 3631)
(523, 3632)
(523, 3633)
(523, 3634)
(523, 3635)
(523, 3636)
(523, 3637)
(523, 3638)
(523, 3639)
(523, 3640)
(523, 3641)
(523, 3642)
(523, 3643)
(523, 3644)
(523, 3645)
(523, 3646)
(523, 3647)
(523, 3648)
(523, 3649)
(523, 3650)
(523, 3651)
(523, 3652)
(523, 3653)
(523, 3654)
(523, 3655)
(523, 3656)
(523, 3657)
(523, 3658)
(523, 3659)
(523, 3660)
(523, 3661)
(522, 3662)
(522, 3663)
(522, 3664)
(522, 3665)
(522, 3666)
(522, 3667)
(522, 3668)
(522, 3669)
(522, 3670)
(522, 3671)
(522, 3672)
(522, 3673)
(522, 3674)
(522, 3675)
(522, 3676)
(522, 3677)
(522, 3678)
(522, 3679)
(522, 3680)
(522, 3681)
(521, 3682)
(521, 3683)
(521, 3684)
(521, 3685)
(521, 3686)
(521, 3687)
(521, 3688)
(521, 3689)
(521, 3690)
(520, 3691)
(520, 3692)
(520, 3693)
(520, 3694)
(520, 3695)
(520, 3696)
(520, 3697)
(520, 3698)
(520, 3699)
(520, 3700)
(520, 3701)
(520, 3702)
(520, 3703)
(520, 3704)
(520, 3705)
(520, 3706)
(520, 3707)
(521, 3708)
(521, 3709)
(521, 3710)
(521, 3711)
(521, 3712)
(521, 3713)
(521, 3714)
(521, 3715)
(521, 3716)
(521, 3717)
(521, 3718)
(521, 3719)
(522, 3720)
(521, 3721)
(521, 3722)
(521, 3723)
(521, 3724)
(522, 3725)
(522, 3726)
(522, 3727)
(521, 3728)
(521, 3729)
(521, 3730)
(521, 3731)
(522, 3732)
(522, 3733)
(522, 3734)
(522, 3735)
(522, 3736)
(523, 3737)
(523, 3738)
(524, 3739)
(524, 3740)
(523, 3741)
(523, 3742)
(524, 3743)
(524, 3744)
(524, 3745)
(524, 3746)
(524, 3747)
(524, 3748)
(524, 3749)
(524, 3750)
(524, 3751)
(524, 3752)
(524, 3753)
(524, 3754)
(525, 3755)
(525, 3756)
(525, 3757)
(525, 3758)
(525, 3759)
(525, 3760)
(524, 3761)
(524, 3762)
(524, 3763)
(524, 3764)
(524, 3765)
(524, 3766)
(524, 3767)
(524, 3768)
(524, 3769)
(524, 3770)
(524, 3771)
(524, 3772)
(524, 3773)
(524, 3774)
(523, 3775)
(523, 3776)
(523, 3777)
(523, 3778)
(523, 3779)
(523, 3780)
(523, 3781)
(523, 3782)
(523, 3783)
(523, 3784)
(523, 3785)
(524, 3786)
(524, 3787)
(524, 3788)
(524, 3789)
(524, 3790)
(524, 3791)
(524, 3792)
(524, 3793)
(524, 3794)
(524, 3795)
(525, 3796)
(525, 3797)
(525, 3798)
(525, 3799)
(526, 3800)
(526, 3801)
(526, 3802)
(526, 3803)
(527, 3804)
(527, 3805)
(527, 3806)
(527, 3807)
(527, 3808)
(527, 3809)
(527, 3810)
(527, 3811)
(528, 3812)
(528, 3813)
(528, 3814)
(528, 3815)
(528, 3816)
(528, 3817)
(528, 3818)
(528, 3819)
(529, 3820)
(529, 3821)
(529, 3822)
(529, 3823)
(529, 3824)
(529, 3825)
(529, 3826)
(529, 3827)
(529, 3828)
(529, 3829)
(529, 3830)
(529, 3831)
(529, 3832)
(529, 3833)
(529, 3834)
(529, 3835)
(529, 3836)
(529, 3837)
(529, 3838)
(529, 3839)
(529, 3840)
(529, 3841)
(529, 3842)
(529, 3843)
(529, 3844)
(529, 3845)
(529, 3846)
(529, 3847)
(529, 3848)
(529, 3849)
(529, 3850)
(529, 3851)
(529, 3852)
(529, 3853)
(529, 3854)
(529, 3855)
(529, 3856)
(529, 3857)
(529, 3858)
(529, 3859)
(529, 3860)
(529, 3861)
(529, 3862)
(529, 3863)
(529, 3864)
(529, 3865)
(529, 3866)
(529, 3867)
(528, 3868)
(528, 3869)
(528, 3870)
(529, 3871)
(529, 3872)
(529, 3873)
(529, 3874)
(529, 3875)
(529, 3876)
(529, 3877)
(529, 3878)
(529, 3879)
(528, 3880)
(528, 3881)
(528, 3882)
(528, 3883)
(528, 3884)
(528, 3885)
(529, 3886)
(528, 3887)
(528, 3888)
(528, 3889)
(528, 3890)
(527, 3891)
(528, 3892)
(527, 3893)
(527, 3894)
(527, 3895)
(527, 3896)
(527, 3897)
(526, 3898)
(526, 3899)
(526, 3900)
(526, 3901)
(526, 3902)
(525, 3903)
(525, 3904)
(525, 3905)
(525, 3906)
(525, 3907)
(524, 3908)
(524, 3909)
(524, 3910)
(524, 3911)
(524, 3912)
(524, 3913)
(524, 3914)
(524, 3915)
(524, 3916)
(524, 3917)
(523, 3918)
(523, 3919)
(523, 3920)
(523, 3921)
(523, 3922)
(523, 3923)
(523, 3924)
(523, 3925)
(523, 3926)
(523, 3927)
(523, 3928)
(523, 3929)
(523, 3930)
(523, 3931)
(523, 3932)
(523, 3933)
(523, 3934)
(523, 3935)
(523, 3936)
(523, 3937)
(523, 3938)
(523, 3939)
(523, 3940)
(523, 3941)
(523, 3942)
(523, 3943)
(523, 3944)
(523, 3945)
(523, 3946)
(523, 3947)
(522, 3948)
(522, 3949)
(522, 3950)
(522, 3951)
(522, 3952)
(522, 3953)
(521, 3954)
(521, 3955)
(521, 3956)
(521, 3957)
(521, 3958)
(521, 3959)
(521, 3960)
(521, 3961)
(521, 3962)
(521, 3963)
(521, 3964)
(521, 3965)
(521, 3966)
(521, 3967)
(522, 3968)
(522, 3969)
(522, 3970)
(522, 3971)
(522, 3972)
(522, 3973)
(521, 3974)
(521, 3975)
(521, 3976)
(520, 3977)
(519, 3978)
(519, 3979)
(519, 3980)
(518, 3981)
(518, 3982)
(518, 3983)
(517, 3984)
(517, 3985)
(517, 3986)
(517, 3987)
(517, 3988)
(517, 3989)
(517, 3990)
(517, 3991)
(517, 3992)
(517, 3993)
(517, 3994)
(516, 3995)
(516, 3996)
(517, 3997)
(517, 3998)
(517, 3999)
(517, 4000)
(517, 4001)
(517, 4002)
(517, 4003)
(517, 4004)
(517, 4005)
(517, 4006)
(517, 4007)
(517, 4008)
(517, 4009)
(517, 4010)
(517, 4011)
(517, 4012)
(517, 4013)
(517, 4014)
(517, 4015)
(517, 4016)
(517, 4017)
(517, 4018)
(517, 4019)
(517, 4020)
(517, 4021)
(517, 4022)
(517, 4023)
(517, 4024)
(517, 4025)
(517, 4026)
(518, 4027)
(518, 4028)
(518, 4029)
(518, 4030)
(518, 4031)
(518, 4032)
(518, 4033)
(518, 4034)
(518, 4035)
(518, 4036)
(518, 4037)
(519, 4038)
(519, 4039)
(519, 4040)
(519, 4041)
(519, 4042)
(519, 4043)
(519, 4044)
(520, 4045)
(520, 4046)
(520, 4047)
(520, 4048)
(520, 4049)
(520, 4050)
(519, 4051)
(519, 4052)
(519, 4053)
(519, 4054)
(519, 4055)
(520, 4056)
(520, 4057)
(520, 4058)
(520, 4059)
(520, 4060)
(520, 4061)
(520, 4062)
(520, 4063)
(520, 4064)
(521, 4065)
(521, 4066)
(521, 4067)
(521, 4068)
(521, 4069)
(521, 4070)
(521, 4071)
(523, 4072)
(524, 4073)
(523, 4074)
(524, 4075)
(524, 4076)
(524, 4077)
(524, 4078)
(524, 4079)
(524, 4080)
(525, 4081)
(525, 4082)
(525, 4083)
(525, 4084)
(525, 4085)
(525, 4086)
(525, 4087)
(525, 4088)
(525, 4089)
(525, 4090)
(525, 4091)
(525, 4092)
(526, 4093)
(526, 4094)
(526, 4095)
(526, 4096)
(526, 4097)
(526, 4098)
(525, 4099)
(525, 4100)
(525, 4101)
(525, 4102)
(525, 4103)
(525, 4104)
(525, 4105)
(524, 4106)
(524, 4107)
(524, 4108)
(525, 4109)
(525, 4110)
(525, 4111)
(525, 4112)
(526, 4113)
(526, 4114)
(526, 4115)
(526, 4116)
(526, 4117)
(526, 4118)
(526, 4119)
(526, 4120)
(527, 4121)
(527, 4122)
(527, 4123)
(527, 4124)
(527, 4125)
(527, 4126)
(527, 4127)
(527, 4128)
(527, 4129)
(527, 4130)
(527, 4131)
(527, 4132)
(527, 4133)
(527, 4134)
(527, 4135)
(527, 4136)
(527, 4137)
(527, 4138)
(528, 4139)
(528, 4140)
(528, 4141)
(528, 4142)
(528, 4143)
(528, 4144)
(528, 4145)
(528, 4146)
(528, 4147)
(528, 4148)
(528, 4149)
(528, 4150)
(527, 4151)
(527, 4152)
(527, 4153)
(528, 4154)
(527, 4155)
(527, 4156)
(527, 4157)
(527, 4158)
(527, 4159)
(527, 4160)
(526, 4161)
(526, 4162)
(526, 4163)
(525, 4164)
(525, 4165)
(525, 4166)
(524, 4167)
(524, 4168)
(524, 4169)
(524, 4170)
(524, 4171)
(524, 4172)
(524, 4173)
(525, 4174)
(525, 4175)
(524, 4176)
(524, 4177)
(524, 4178)
(524, 4179)
(524, 4180)
(524, 4181)
(523, 4182)
(523, 4183)
(523, 4184)
(523, 4185)
(523, 4186)
(523, 4187)
(523, 4188)
(523, 4189)
(523, 4190)
(523, 4191)
(523, 4192)
(523, 4193)
(523, 4194)
(523, 4195)
(524, 4196)
(524, 4197)
(524, 4198)
(524, 4199)
(524, 4200)
(524, 4201)
(524, 4202)
(524, 4203)
(524, 4204)
(524, 4205)
(524, 4206)
(523, 4207)
(523, 4208)
(523, 4209)
(523, 4210)
(523, 4211)
(523, 4212)
(523, 4213)
(523, 4214)
(523, 4215)
(523, 4216)
(523, 4217)
(523, 4218)
(523, 4219)
(523, 4220)
(522, 4221)
(522, 4222)
(522, 4223)
(522, 4224)
(522, 4225)
(521, 4226)
(521, 4227)
(521, 4228)
(521, 4229)
(520, 4230)
(520, 4231)
(519, 4232)
(519, 4233)
(518, 4234)
(518, 4235)
(517, 4236)
(517, 4237)
(516, 4238)
(516, 4239)
(515, 4240)
(515, 4241)
(513, 4242)
(513, 4243)
(512, 4244)
(511, 4245)
(511, 4246)
(511, 4247)
(511, 4248)
(510, 4249)
(510, 4250)
(509, 4251)
(508, 4252)
(508, 4253)
(508, 4254)
(508, 4255)
(508, 4256)
(508, 4257)
(508, 4258)
(508, 4259)
(508, 4260)
(508, 4261)
(507, 4262)
(507, 4263)
(507, 4264)
(507, 4265)
(507, 4266)
(507, 4267)
(507, 4268)
(507, 4269)
(507, 4270)
(507, 4271)
(506, 4272)
(506, 4273)
(506, 4274)
(506, 4275)
(505, 4276)
(505, 4277)
(505, 4278)
(505, 4279)
(505, 4280)
(504, 4281)
(504, 4282)
(504, 4283)
(504, 4284)
(503, 4285)
(503, 4286)
(503, 4287)
(503, 4288)
(503, 4289)
(504, 4290)
(504, 4291)
(503, 4292)
(503, 4293)
(503, 4294)
(503, 4295)
(503, 4296)
(503, 4297)
(503, 4298)
(504, 4299)
(504, 4300)
(504, 4301)
(504, 4302)
(504, 4303)
(504, 4304)
(504, 4305)
(504, 4306)
(504, 4307)
(503, 4308)
(503, 4309)
(503, 4310)
(503, 4311)
(503, 4312)
(503, 4313)
(502, 4314)
(502, 4315)
(502, 4316)
(502, 4317)
(502, 4318)
(502, 4319)
(502, 4320)
(502, 4321)
(502, 4322)
(502, 4323)
(502, 4324)
(502, 4325)
(502, 4326)
(502, 4327)
(502, 4328)
(502, 4329)
(502, 4330)
(502, 4331)
(502, 4332)
(502, 4333)
(502, 4334)
(503, 4335)
(503, 4336)
(503, 4337)
(504, 4338)
(504, 4339)
(504, 4340)
(505, 4341)
(505, 4342)
(505, 4343)
(505, 4344)
(505, 4345)
(505, 4346)
(505, 4347)
(505, 4348)
(505, 4349)
(505, 4350)
(505, 4351)
(505, 4352)
(504, 4353)
(504, 4354)
(504, 4355)
(504, 4356)
(504, 4357)
(504, 4358)
(504, 4359)
(504, 4360)
(504, 4361)
(504, 4362)
(504, 4363)
(503, 4364)
(503, 4365)
(503, 4366)
(503, 4367)
(503, 4368)
(503, 4369)
(503, 4370)
(503, 4371)
(503, 4372)
(503, 4373)
(503, 4374)
(503, 4375)
(503, 4376)
(503, 4377)
(503, 4378)
(504, 4379)
(504, 4380)
(504, 4381)
(504, 4382)
(504, 4383)
(504, 4384)
(505, 4385)
(505, 4386)
(505, 4387)
(505, 4388)
(506, 4389)
(506, 4390)
(506, 4391)
(506, 4392)
(506, 4393)
(506, 4394)
(506, 4395)
(507, 4396)
(507, 4397)
(507, 4398)
(507, 4399)
(508, 4400)
(508, 4401)
(508, 4402)
(508, 4403)
(509, 4404)
(509, 4405)
(509, 4406)
(510, 4407)
(510, 4408)
(510, 4409)
(510, 4410)
(509, 4411)
(509, 4412)
(509, 4413)
(510, 4414)
(510, 4415)
(509, 4416)
(509, 4417)
(509, 4418)
(509, 4419)
(508, 4420)
(508, 4421)
(508, 4422)
(508, 4423)
(507, 4424)
(507, 4425)
(507, 4426)
(506, 4427)
(506, 4428)
(506, 4429)
(506, 4430)
(505, 4431)
(505, 4432)
(505, 4433)
(505, 4434)
(504, 4435)
(503, 4436)
(502, 4437)
(502, 4438)
(502, 4439)
(502, 4440)
(501, 4441)
(501, 4442)
(501, 4443)
(501, 4444)
(501, 4445)
(501, 4446)
(501, 4447)
(502, 4448)
(502, 4449)
(502, 4450)
(503, 4451)
(503, 4452)
(503, 4453)
(503, 4454)
(503, 4455)
(502, 4456)
(502, 4457)
(502, 4458)
(501, 4459)
(501, 4460)
(501, 4461)
(500, 4462)
(500, 4463)
(500, 4464)
(500, 4465)
(499, 4466)
(499, 4467)
(499, 4468)
(498, 4469)
(498, 4470)
(497, 4471)
(497, 4472)
(497, 4473)
(496, 4474)
(496, 4475)
(495, 4476)
(494, 4477)
(494, 4478)
(494, 4479)
(493, 4480)
(493, 4481)
(493, 4482)
(492, 4483)
(492, 4484)
(492, 4485)
(492, 4486)
(492, 4487)
(491, 4488)
(491, 4489)
(491, 4490)
(491, 4491)
(491, 4492)
(491, 4493)
(491, 4494)
(491, 4495)
(492, 4496)
(493, 4497)
(494, 4498)
(494, 4499)
(494, 4500)
(495, 4501)
(495, 4502)
(495, 4503)
(496, 4504)
(495, 4505)
(495, 4506)
(494, 4507)
(494, 4508)
(493, 4509)
(493, 4510)
(492, 4511)
(491, 4512)
(491, 4513)
(490, 4514)
(490, 4515)
(490, 4516)
(491, 4517)
(491, 4518)
(491, 4519)
(491, 4520)
(491, 4521)
(491, 4522)
(491, 4523)
(491, 4524)
(491, 4525)
(492, 4526)
(492, 4527)
(492, 4528)
(492, 4529)
(492, 4530)
(492, 4531)
(493, 4532)
(493, 4533)
(493, 4534)
(493, 4535)
(493, 4536)
(493, 4537)
(493, 4538)
(493, 4539)
(494, 4540)
(494, 4541)
(494, 4542)
(494, 4543)
(494, 4544)
(494, 4545)
(494, 4546)
(494, 4547)
(494, 4548)
(494, 4549)
(494, 4550)
(494, 4551)
(493, 4552)
(493, 4553)
(493, 4554)
(493, 4555)
(493, 4556)
(493, 4557)
(493, 4558)
(493, 4559)
(493, 4560)
(493, 4561)
(493, 4562)
(493, 4563)
(493, 4564)
(492, 4565)
(492, 4566)
(492, 4567)
(492, 4568)
(492, 4569)
(492, 4570)
(492, 4571)
(492, 4572)
(492, 4573)
(492, 4574)
(492, 4575)
(492, 4576)
(492, 4577)
(492, 4578)
(492, 4579)
(492, 4580)
(492, 4581)
(492, 4582)
(493, 4583)
(493, 4584)
(493, 4585)
(494, 4586)
(494, 4587)
(494, 4588)
(494, 4589)
(494, 4590)
(494, 4591)
(494, 4592)
(494, 4593)
(494, 4594)
(494, 4595)
(494, 4596)
(495, 4597)
(495, 4598)
(495, 4599)
(495, 4600)
(494, 4601)
(494, 4602)
(494, 4603)
(494, 4604)
(494, 4605)
(494, 4606)
(493, 4607)
(493, 4608)
(493, 4609)
(493, 4610)
(493, 4611)
(493, 4612)
(493, 4613)
(493, 4614)
(492, 4615)
(493, 4616)
(492, 4617)
