Tam.: (1820, 4760)
(1413, 241)
(1413, 242)
(1413, 243)
(1412, 244)
(1412, 245)
(1412, 246)
(1412, 247)
(1412, 248)
(1412, 249)
(1412, 250)
(1412, 251)
(1413, 252)
(1413, 253)
(1413, 254)
(1413, 255)
(1413, 256)
(1413, 257)
(1413, 258)
(1413, 259)
(1414, 260)
(1414, 261)
(1414, 262)
(1414, 263)
(1414, 264)
(1414, 265)
(1414, 266)
(1414, 267)
(1415, 268)
(1415, 269)
(1415, 270)
(1415, 271)
(1415, 272)
(1414, 273)
(1414, 274)
(1414, 275)
(1414, 276)
(1415, 277)
(1415, 278)
(1415, 279)
(1415, 280)
(1415, 281)
(1415, 282)
(1415, 283)
(1415, 284)
(1414, 285)
(1414, 286)
(1415, 287)
(1415, 288)
(1415, 289)
(1415, 290)
(1414, 291)
(1415, 292)
(1415, 293)
(1415, 294)
(1415, 295)
(1415, 296)
(1415, 297)
(1415, 298)
(1415, 299)
(1415, 300)
(1415, 301)
(1414, 302)
(1414, 303)
(1414, 304)
(1414, 305)
(1414, 306)
(1412, 307)
(1412, 308)
(1412, 309)
(1413, 310)
(1412, 318)
(1412, 319)
(1412, 320)
(1413, 321)
(1412, 322)
(1412, 323)
(1413, 324)
(1413, 325)
(1413, 326)
(1413, 327)
(1413, 328)
(1413, 329)
(1413, 330)
(1413, 331)
(1413, 332)
(1413, 333)
(1413, 334)
(1413, 335)
(1413, 336)
(1413, 337)
(1413, 338)
(1413, 339)
(1413, 340)
(1411, 341)
(1412, 342)
(1413, 343)
(1413, 344)
(1413, 345)
(1413, 346)
(1413, 347)
(1413, 348)
(1413, 349)
(1413, 350)
(1413, 351)
(1414, 352)
(1414, 353)
(1414, 354)
(1414, 355)
(1412, 356)
(1414, 357)
(1414, 358)
(1414, 359)
(1415, 360)
(1415, 361)
(1414, 362)
(1414, 363)
(1414, 364)
(1415, 365)
(1414, 366)
(1415, 367)
(1415, 368)
(1415, 369)
(1415, 370)
(1415, 371)
(1415, 372)
(1415, 373)
(1415, 374)
(1415, 375)
(1415, 376)
(1415, 377)
(1415, 378)
(1415, 379)
(1415, 380)
(1415, 381)
(1415, 382)
(1415, 383)
(1415, 384)
(1415, 385)
(1415, 386)
(1415, 387)
(1415, 388)
(1415, 389)
(1415, 390)
(1415, 391)
(1415, 392)
(1415, 393)
(1415, 394)
(1415, 395)
(1415, 396)
(1415, 397)
(1415, 398)
(1415, 399)
(1415, 400)
(1415, 401)
(1415, 402)
(1415, 403)
(1415, 404)
(1415, 405)
(1415, 406)
(1415, 407)
(1415, 408)
(1415, 409)
(1415, 410)
(1415, 411)
(1415, 412)
(1415, 413)
(1415, 414)
(1415, 415)
(1414, 416)
(1413, 417)
(1414, 421)
(1415, 422)
(1415, 423)
(1415, 424)
(1415, 425)
(1414, 426)
(1414, 427)
(1414, 428)
(1414, 429)
(1414, 430)
(1414, 431)
(1413, 432)
(1414, 433)
(1414, 434)
(1414, 435)
(1414, 436)
(1414, 437)
(1414, 438)
(1414, 439)
(1415, 440)
(1415, 441)
(1414, 442)
(1414, 443)
(1414, 444)
(1414, 445)
(1415, 446)
(1415, 447)
(1415, 448)
(1415, 449)
(1415, 450)
(1415, 451)
(1415, 452)
(1415, 453)
(1415, 454)
(1415, 455)
(1415, 456)
(1415, 457)
(1415, 458)
(1415, 459)
(1415, 460)
(1415, 461)
(1415, 462)
(1415, 463)
(1415, 464)
(1415, 465)
(1415, 466)
(1415, 467)
(1415, 468)
(1415, 469)
(1415, 470)
(1416, 471)
(1416, 472)
(1416, 473)
(1416, 474)
(1416, 475)
(1416, 476)
(1416, 477)
(1415, 478)
(1415, 479)
(1416, 480)
(1416, 481)
(1415, 482)
(1416, 483)
(1416, 484)
(1416, 485)
(1416, 486)
(1416, 487)
(1416, 488)
(1416, 489)
(1415, 490)
(1415, 491)
(1415, 492)
(1416, 493)
(1416, 494)
(1415, 495)
(1415, 496)
(1415, 497)
(1415, 498)
(1415, 499)
(1415, 500)
(1415, 501)
(1415, 502)
(1415, 503)
(1415, 504)
(1415, 505)
(1415, 506)
(1415, 507)
(1415, 508)
(1415, 509)
(1415, 510)
(1415, 511)
(1415, 512)
(1415, 513)
(1415, 514)
(1415, 515)
(1415, 516)
(1415, 517)
(1415, 518)
(1415, 519)
(1415, 520)
(1415, 521)
(1415, 522)
(1415, 523)
(1415, 524)
(1415, 525)
(1415, 526)
(1415, 527)
(1415, 528)
(1415, 529)
(1415, 530)
(1415, 531)
(1416, 532)
(1416, 533)
(1416, 534)
(1415, 535)
(1415, 536)
(1415, 537)
(1415, 538)
(1415, 539)
(1415, 540)
(1415, 541)
(1415, 542)
(1415, 543)
(1415, 544)
(1415, 545)
(1415, 546)
(1415, 547)
(1415, 548)
(1415, 549)
(1415, 550)
(1415, 551)
(1415, 552)
(1415, 553)
(1415, 554)
(1415, 555)
(1415, 556)
(1415, 557)
(1415, 558)
(1415, 559)
(1415, 560)
(1415, 561)
(1415, 562)
(1415, 563)
(1415, 564)
(1415, 565)
(1415, 566)
(1415, 567)
(1415, 568)
(1415, 569)
(1415, 570)
(1415, 571)
(1415, 572)
(1415, 573)
(1415, 574)
(1415, 575)
(1415, 576)
(1415, 577)
(1415, 578)
(1415, 579)
(1415, 580)
(1415, 581)
(1415, 582)
(1415, 583)
(1415, 584)
(1415, 585)
(1415, 586)
(1415, 587)
(1415, 588)
(1415, 589)
(1415, 590)
(1415, 591)
(1415, 592)
(1415, 593)
(1415, 594)
(1415, 595)
(1415, 596)
(1415, 597)
(1415, 598)
(1415, 599)
(1415, 600)
(1414, 607)
(1414, 608)
(1414, 609)
(1414, 610)
(1414, 611)
(1413, 612)
(1413, 613)
(1413, 614)
(1413, 615)
(1413, 616)
(1413, 617)
(1413, 618)
(1413, 619)
(1413, 620)
(1413, 621)
(1414, 622)
(1414, 623)
(1414, 624)
(1413, 625)
(1413, 626)
(1413, 627)
(1413, 628)
(1413, 629)
(1414, 630)
(1414, 631)
(1414, 632)
(1415, 633)
(1415, 634)
(1415, 635)
(1415, 636)
(1415, 637)
(1415, 638)
(1415, 639)
(1415, 640)
(1415, 641)
(1415, 642)
(1415, 643)
(1415, 644)
(1415, 645)
(1415, 646)
(1415, 647)
(1415, 648)
(1415, 649)
(1415, 650)
(1415, 651)
(1415, 652)
(1415, 653)
(1415, 654)
(1415, 655)
(1415, 656)
(1415, 657)
(1415, 658)
(1415, 659)
(1415, 660)
(1415, 661)
(1416, 662)
(1416, 663)
(1415, 664)
(1416, 665)
(1416, 666)
(1416, 667)
(1416, 668)
(1415, 669)
(1415, 670)
(1415, 671)
(1415, 672)
(1415, 673)
(1415, 674)
(1415, 675)
(1415, 676)
(1415, 677)
(1415, 678)
(1415, 679)
(1415, 680)
(1415, 681)
(1415, 682)
(1415, 683)
(1415, 684)
(1415, 685)
(1415, 686)
(1415, 687)
(1415, 688)
(1415, 689)
(1415, 690)
(1415, 691)
(1415, 692)
(1415, 693)
(1415, 694)
(1415, 695)
(1415, 696)
(1415, 697)
(1415, 698)
(1416, 699)
(1416, 700)
(1416, 701)
(1416, 702)
(1416, 703)
(1416, 704)
(1415, 705)
(1415, 706)
(1415, 707)
(1415, 708)
(1415, 709)
(1415, 710)
(1415, 711)
(1416, 712)
(1416, 713)
(1416, 714)
(1416, 715)
(1415, 716)
(1415, 717)
(1416, 718)
(1415, 719)
(1415, 720)
(1415, 721)
(1415, 722)
(1415, 723)
(1415, 724)
(1415, 725)
(1415, 726)
(1415, 727)
(1415, 728)
(1415, 729)
(1415, 730)
(1415, 731)
(1415, 732)
(1415, 733)
(1415, 734)
(1415, 735)
(1415, 736)
(1415, 737)
(1415, 738)
(1415, 739)
(1415, 740)
(1415, 741)
(1415, 742)
(1415, 743)
(1415, 744)
(1415, 745)
(1415, 746)
(1415, 747)
(1415, 748)
(1415, 749)
(1415, 750)
(1415, 751)
(1415, 752)
(1415, 753)
(1415, 754)
(1415, 755)
(1415, 756)
(1415, 757)
(1415, 758)
(1415, 759)
(1415, 760)
(1415, 761)
(1415, 762)
(1415, 763)
(1415, 764)
(1415, 765)
(1415, 766)
(1415, 767)
(1416, 768)
(1416, 769)
(1416, 770)
(1416, 771)
(1416, 772)
(1416, 773)
(1416, 774)
(1416, 775)
(1416, 776)
(1416, 777)
(1415, 778)
(1415, 779)
(1415, 780)
(1415, 781)
(1415, 782)
(1414, 783)
(1414, 789)
(1413, 790)
(1413, 791)
(1413, 792)
(1413, 793)
(1413, 802)
(1414, 803)
(1413, 804)
(1413, 805)
(1413, 806)
(1414, 807)
(1413, 808)
(1414, 809)
(1414, 810)
(1414, 811)
(1414, 812)
(1414, 813)
(1415, 814)
(1415, 815)
(1416, 816)
(1416, 817)
(1416, 818)
(1416, 819)
(1416, 820)
(1416, 821)
(1416, 822)
(1416, 823)
(1416, 824)
(1416, 825)
(1416, 826)
(1416, 827)
(1416, 828)
(1416, 829)
(1416, 830)
(1416, 831)
(1416, 832)
(1416, 833)
(1416, 834)
(1416, 835)
(1416, 836)
(1416, 837)
(1416, 838)
(1416, 839)
(1416, 840)
(1416, 841)
(1416, 842)
(1416, 843)
(1416, 844)
(1416, 845)
(1416, 846)
(1416, 847)
(1416, 848)
(1416, 849)
(1416, 850)
(1416, 851)
(1416, 852)
(1416, 853)
(1416, 854)
(1416, 855)
(1416, 856)
(1416, 857)
(1416, 858)
(1416, 859)
(1416, 860)
(1416, 861)
(1416, 862)
(1416, 863)
(1416, 864)
(1416, 865)
(1416, 866)
(1416, 867)
(1416, 868)
(1416, 869)
(1416, 870)
(1416, 871)
(1416, 872)
(1416, 873)
(1416, 874)
(1416, 875)
(1416, 876)
(1416, 877)
(1416, 878)
(1416, 879)
(1417, 880)
(1417, 881)
(1417, 882)
(1417, 883)
(1416, 884)
(1416, 885)
(1416, 886)
(1416, 887)
(1416, 888)
(1416, 889)
(1416, 890)
(1416, 891)
(1416, 892)
(1416, 893)
(1417, 894)
(1417, 895)
(1416, 896)
(1416, 897)
(1417, 898)
(1416, 899)
(1416, 900)
(1416, 901)
(1416, 902)
(1416, 903)
(1416, 904)
(1416, 905)
(1416, 906)
(1416, 907)
(1416, 908)
(1416, 909)
(1416, 910)
(1416, 911)
(1416, 912)
(1416, 913)
(1416, 914)
(1416, 915)
(1417, 916)
(1417, 917)
(1417, 918)
(1416, 919)
(1416, 920)
(1416, 921)
(1416, 922)
(1416, 923)
(1416, 924)
(1416, 925)
(1416, 926)
(1416, 927)
(1416, 928)
(1417, 929)
(1417, 930)
(1417, 931)
(1417, 932)
(1417, 933)
(1417, 934)
(1417, 935)
(1417, 936)
(1417, 937)
(1417, 938)
(1417, 939)
(1417, 940)
(1417, 941)
(1417, 942)
(1417, 943)
(1417, 944)
(1417, 945)
(1417, 946)
(1417, 947)
(1417, 948)
(1417, 949)
(1417, 950)
(1417, 951)
(1417, 952)
(1417, 953)
(1417, 954)
(1417, 955)
(1417, 956)
(1417, 957)
(1417, 958)
(1417, 959)
(1417, 960)
(1417, 961)
(1417, 962)
(1416, 963)
(1415, 964)
(1417, 969)
(1417, 970)
(1417, 971)
(1417, 972)
(1417, 973)
(1417, 974)
(1416, 975)
(1416, 976)
(1416, 977)
(1415, 978)
(1416, 979)
(1416, 980)
(1416, 981)
(1416, 982)
(1416, 983)
(1416, 984)
(1416, 985)
(1416, 986)
(1416, 987)
(1416, 988)
(1416, 989)
(1416, 990)
(1416, 991)
(1416, 992)
(1416, 993)
(1416, 994)
(1416, 995)
(1417, 996)
(1417, 997)
(1417, 998)
(1417, 999)
(1417, 1000)
(1417, 1001)
(1417, 1002)
(1417, 1003)
(1417, 1004)
(1417, 1005)
(1417, 1006)
(1417, 1007)
(1417, 1008)
(1417, 1009)
(1417, 1010)
(1417, 1011)
(1417, 1012)
(1417, 1013)
(1417, 1014)
(1417, 1015)
(1417, 1016)
(1417, 1017)
(1417, 1018)
(1417, 1019)
(1417, 1020)
(1417, 1021)
(1417, 1022)
(1417, 1023)
(1417, 1024)
(1417, 1025)
(1417, 1026)
(1417, 1027)
(1417, 1028)
(1417, 1029)
(1417, 1030)
(1417, 1031)
(1417, 1032)
(1417, 1033)
(1417, 1034)
(1417, 1035)
(1417, 1036)
(1417, 1037)
(1417, 1038)
(1417, 1039)
(1417, 1040)
(1417, 1041)
(1417, 1042)
(1418, 1043)
(1418, 1044)
(1417, 1045)
(1417, 1046)
(1417, 1047)
(1417, 1048)
(1417, 1049)
(1417, 1050)
(1417, 1051)
(1417, 1052)
(1417, 1053)
(1417, 1054)
(1417, 1055)
(1417, 1056)
(1417, 1057)
(1418, 1058)
(1418, 1059)
(1418, 1060)
(1418, 1061)
(1418, 1062)
(1418, 1063)
(1418, 1064)
(1418, 1065)
(1418, 1066)
(1418, 1067)
(1418, 1068)
(1418, 1069)
(1418, 1070)
(1418, 1071)
(1418, 1072)
(1418, 1073)
(1417, 1074)
(1417, 1075)
(1417, 1076)
(1418, 1077)
(1418, 1078)
(1417, 1079)
(1417, 1080)
(1417, 1081)
(1417, 1082)
(1417, 1083)
(1417, 1084)
(1417, 1085)
(1417, 1086)
(1417, 1087)
(1417, 1088)
(1418, 1089)
(1418, 1090)
(1418, 1091)
(1418, 1092)
(1418, 1093)
(1418, 1094)
(1418, 1095)
(1418, 1096)
(1418, 1097)
(1418, 1098)
(1418, 1099)
(1418, 1100)
(1417, 1101)
(1417, 1102)
(1417, 1103)
(1417, 1104)
(1417, 1105)
(1417, 1106)
(1417, 1107)
(1418, 1108)
(1417, 1109)
(1417, 1110)
(1417, 1111)
(1418, 1112)
(1417, 1113)
(1417, 1114)
(1417, 1115)
(1417, 1116)
(1417, 1117)
(1418, 1118)
(1418, 1119)
(1418, 1120)
(1418, 1121)
(1418, 1122)
(1418, 1123)
(1418, 1124)
(1418, 1125)
(1418, 1126)
(1418, 1127)
(1418, 1128)
(1418, 1129)
(1418, 1130)
(1418, 1131)
(1418, 1132)
(1418, 1133)
(1418, 1134)
(1418, 1135)
(1418, 1136)
(1418, 1137)
(1418, 1138)
(1418, 1139)
(1418, 1140)
(1418, 1141)
(1418, 1142)
(1417, 1143)
(1417, 1144)
(1417, 1145)
(1416, 1146)
(1416, 1151)
(1417, 1152)
(1417, 1153)
(1417, 1154)
(1417, 1155)
(1417, 1156)
(1417, 1157)
(1417, 1158)
(1417, 1159)
(1417, 1160)
(1417, 1161)
(1417, 1162)
(1416, 1163)
(1416, 1164)
(1416, 1165)
(1416, 1166)
(1416, 1167)
(1416, 1168)
(1416, 1169)
(1416, 1170)
(1417, 1171)
(1416, 1172)
(1416, 1173)
(1417, 1174)
(1417, 1175)
(1417, 1176)
(1417, 1177)
(1417, 1178)
(1418, 1179)
(1418, 1180)
(1418, 1181)
(1418, 1182)
(1418, 1183)
(1418, 1184)
(1418, 1185)
(1418, 1186)
(1418, 1187)
(1418, 1188)
(1418, 1189)
(1418, 1190)
(1418, 1191)
(1418, 1192)
(1418, 1193)
(1418, 1194)
(1418, 1195)
(1418, 1196)
(1418, 1197)
(1418, 1198)
(1418, 1199)
(1418, 1200)
(1418, 1201)
(1418, 1202)
(1418, 1203)
(1418, 1204)
(1418, 1205)
(1418, 1206)
(1418, 1207)
(1418, 1208)
(1418, 1209)
(1418, 1210)
(1418, 1211)
(1418, 1212)
(1418, 1213)
(1418, 1214)
(1418, 1215)
(1418, 1216)
(1418, 1217)
(1418, 1218)
(1418, 1219)
(1418, 1220)
(1418, 1221)
(1418, 1222)
(1418, 1223)
(1418, 1224)
(1418, 1225)
(1418, 1226)
(1418, 1227)
(1418, 1228)
(1418, 1229)
(1418, 1230)
(1418, 1231)
(1418, 1232)
(1418, 1233)
(1418, 1234)
(1418, 1235)
(1418, 1236)
(1418, 1237)
(1418, 1238)
(1418, 1239)
(1418, 1240)
(1418, 1241)
(1418, 1242)
(1418, 1243)
(1418, 1244)
(1418, 1245)
(1418, 1246)
(1418, 1247)
(1418, 1248)
(1418, 1249)
(1418, 1250)
(1418, 1251)
(1418, 1252)
(1418, 1253)
(1418, 1254)
(1418, 1255)
(1418, 1256)
(1418, 1257)
(1418, 1258)
(1418, 1259)
(1418, 1260)
(1418, 1261)
(1418, 1262)
(1418, 1263)
(1418, 1264)
(1418, 1265)
(1418, 1266)
(1418, 1267)
(1418, 1268)
(1418, 1269)
(1418, 1270)
(1418, 1271)
(1418, 1272)
(1418, 1273)
(1418, 1274)
(1418, 1275)
(1418, 1276)
(1418, 1277)
(1418, 1278)
(1418, 1279)
(1418, 1280)
(1418, 1281)
(1418, 1282)
(1418, 1283)
(1418, 1284)
(1418, 1285)
(1418, 1286)
(1418, 1287)
(1418, 1288)
(1418, 1289)
(1418, 1290)
(1418, 1291)
(1418, 1292)
(1418, 1293)
(1418, 1294)
(1418, 1295)
(1418, 1296)
(1418, 1297)
(1418, 1298)
(1418, 1299)
(1418, 1300)
(1418, 1301)
(1418, 1302)
(1418, 1303)
(1418, 1304)
(1418, 1305)
(1418, 1306)
(1418, 1307)
(1418, 1308)
(1418, 1309)
(1418, 1310)
(1418, 1311)
(1418, 1312)
(1418, 1313)
(1418, 1314)
(1418, 1315)
(1418, 1316)
(1418, 1317)
(1418, 1318)
(1418, 1319)
(1418, 1320)
(1418, 1321)
(1418, 1322)
(1418, 1323)
(1418, 1324)
(1418, 1325)
(1418, 1326)
(1418, 1327)
(1417, 1328)
(1417, 1329)
(1416, 1330)
(1416, 1334)
(1417, 1335)
(1417, 1336)
(1417, 1337)
(1417, 1338)
(1417, 1339)
(1417, 1340)
(1417, 1341)
(1417, 1342)
(1417, 1343)
(1416, 1344)
(1417, 1345)
(1416, 1346)
(1417, 1347)
(1417, 1348)
(1417, 1349)
(1417, 1350)
(1417, 1351)
(1417, 1352)
(1417, 1353)
(1417, 1354)
(1417, 1355)
(1417, 1356)
(1417, 1357)
(1417, 1358)
(1417, 1359)
(1417, 1360)
(1417, 1361)
(1417, 1362)
(1417, 1363)
(1418, 1364)
(1418, 1365)
(1418, 1366)
(1418, 1367)
(1418, 1368)
(1418, 1369)
(1418, 1370)
(1418, 1371)
(1418, 1372)
(1418, 1373)
(1418, 1374)
(1418, 1375)
(1418, 1376)
(1418, 1377)
(1418, 1378)
(1417, 1379)
(1418, 1380)
(1418, 1381)
(1418, 1382)
(1418, 1383)
(1418, 1384)
(1418, 1385)
(1417, 1386)
(1417, 1387)
(1417, 1388)
(1417, 1389)
(1417, 1390)
(1417, 1391)
(1418, 1392)
(1418, 1393)
(1418, 1394)
(1418, 1395)
(1417, 1396)
(1417, 1397)
(1417, 1398)
(1417, 1399)
(1417, 1400)
(1417, 1401)
(1417, 1402)
(1417, 1403)
(1417, 1404)
(1417, 1405)
(1417, 1406)
(1417, 1407)
(1417, 1408)
(1418, 1409)
(1418, 1410)
(1418, 1411)
(1417, 1412)
(1417, 1413)
(1417, 1414)
(1417, 1415)
(1417, 1416)
(1417, 1417)
(1417, 1418)
(1417, 1419)
(1417, 1420)
(1417, 1421)
(1417, 1422)
(1417, 1423)
(1417, 1424)
(1418, 1425)
(1417, 1426)
(1417, 1427)
(1417, 1428)
(1417, 1429)
(1417, 1430)
(1417, 1431)
(1417, 1432)
(1417, 1433)
(1417, 1434)
(1417, 1435)
(1417, 1436)
(1417, 1437)
(1418, 1438)
(1418, 1439)
(1417, 1440)
(1417, 1441)
(1417, 1442)
(1417, 1443)
(1417, 1444)
(1417, 1445)
(1417, 1446)
(1417, 1447)
(1417, 1448)
(1417, 1449)
(1417, 1450)
(1417, 1451)
(1417, 1452)
(1417, 1453)
(1417, 1454)
(1417, 1455)
(1417, 1456)
(1417, 1457)
(1417, 1458)
(1417, 1459)
(1417, 1460)
(1417, 1461)
(1417, 1462)
(1417, 1463)
(1417, 1464)
(1417, 1465)
(1417, 1466)
(1418, 1467)
(1418, 1468)
(1418, 1469)
(1417, 1470)
(1417, 1471)
(1417, 1472)
(1417, 1473)
(1417, 1474)
(1416, 1475)
(1417, 1476)
(1417, 1477)
(1417, 1478)
(1417, 1479)
(1417, 1480)
(1417, 1481)
(1417, 1482)
(1417, 1483)
(1417, 1484)
(1417, 1485)
(1417, 1486)
(1417, 1487)
(1417, 1488)
(1417, 1489)
(1417, 1490)
(1417, 1491)
(1417, 1492)
(1417, 1493)
(1417, 1494)
(1417, 1495)
(1417, 1496)
(1417, 1497)
(1417, 1498)
(1417, 1499)
(1417, 1500)
(1417, 1501)
(1417, 1502)
(1417, 1503)
(1417, 1504)
(1417, 1505)
(1417, 1506)
(1417, 1507)
(1417, 1508)
(1417, 1509)
(1417, 1510)
(1417, 1511)
(1417, 1512)
(1416, 1513)
(1415, 1518)
(1416, 1519)
(1416, 1520)
(1416, 1521)
(1416, 1522)
(1417, 1523)
(1417, 1524)
(1417, 1525)
(1417, 1526)
(1416, 1527)
(1416, 1528)
(1416, 1529)
(1417, 1530)
(1417, 1531)
(1417, 1532)
(1416, 1533)
(1416, 1534)
(1416, 1535)
(1417, 1536)
(1416, 1537)
(1416, 1538)
(1416, 1539)
(1416, 1540)
(1416, 1541)
(1416, 1542)
(1416, 1543)
(1416, 1544)
(1416, 1545)
(1416, 1546)
(1417, 1547)
(1417, 1548)
(1417, 1549)
(1417, 1550)
(1417, 1551)
(1417, 1552)
(1417, 1553)
(1417, 1554)
(1417, 1555)
(1417, 1556)
(1417, 1557)
(1417, 1558)
(1417, 1559)
(1417, 1560)
(1417, 1561)
(1417, 1562)
(1417, 1563)
(1417, 1564)
(1417, 1565)
(1417, 1566)
(1417, 1567)
(1417, 1568)
(1417, 1569)
(1417, 1570)
(1417, 1571)
(1417, 1572)
(1417, 1573)
(1417, 1574)
(1417, 1575)
(1417, 1576)
(1417, 1577)
(1417, 1578)
(1417, 1579)
(1417, 1580)
(1417, 1581)
(1417, 1582)
(1417, 1583)
(1417, 1584)
(1417, 1585)
(1417, 1586)
(1417, 1587)
(1417, 1588)
(1417, 1589)
(1417, 1590)
(1417, 1591)
(1417, 1592)
(1417, 1593)
(1416, 1594)
(1417, 1595)
(1417, 1596)
(1417, 1597)
(1417, 1598)
(1417, 1599)
(1417, 1600)
(1417, 1601)
(1417, 1602)
(1417, 1603)
(1417, 1604)
(1417, 1605)
(1417, 1606)
(1417, 1607)
(1417, 1608)
(1417, 1609)
(1417, 1610)
(1417, 1611)
(1417, 1612)
(1417, 1613)
(1417, 1614)
(1417, 1615)
(1417, 1616)
(1417, 1617)
(1417, 1618)
(1417, 1619)
(1417, 1620)
(1417, 1621)
(1417, 1622)
(1417, 1623)
(1417, 1624)
(1417, 1625)
(1417, 1626)
(1417, 1627)
(1417, 1628)
(1417, 1629)
(1417, 1630)
(1417, 1631)
(1417, 1632)
(1417, 1633)
(1417, 1634)
(1417, 1635)
(1417, 1636)
(1417, 1637)
(1417, 1638)
(1417, 1639)
(1417, 1640)
(1417, 1641)
(1417, 1642)
(1416, 1643)
(1416, 1644)
(1416, 1645)
(1416, 1646)
(1416, 1647)
(1417, 1648)
(1417, 1649)
(1417, 1650)
(1417, 1651)
(1417, 1652)
(1417, 1653)
(1417, 1654)
(1417, 1655)
(1417, 1656)
(1417, 1657)
(1417, 1658)
(1417, 1659)
(1417, 1660)
(1417, 1661)
(1417, 1662)
(1417, 1663)
(1417, 1664)
(1417, 1665)
(1417, 1666)
(1417, 1667)
(1417, 1668)
(1417, 1669)
(1417, 1670)
(1417, 1671)
(1417, 1672)
(1417, 1673)
(1417, 1674)
(1417, 1675)
(1417, 1676)
(1417, 1677)
(1417, 1678)
(1417, 1679)
(1417, 1680)
(1417, 1681)
(1417, 1682)
(1417, 1683)
(1417, 1684)
(1417, 1685)
(1417, 1686)
(1417, 1687)
(1417, 1688)
(1417, 1689)
(1417, 1690)
(1417, 1691)
(1417, 1692)
(1417, 1693)
(1417, 1694)
(1416, 1695)
(1415, 1696)
(1415, 1699)
(1416, 1700)
(1416, 1701)
(1417, 1702)
(1416, 1703)
(1416, 1704)
(1417, 1705)
(1416, 1706)
(1416, 1707)
(1416, 1708)
(1415, 1709)
(1414, 1710)
(1414, 1711)
(1414, 1712)
(1414, 1713)
(1416, 1714)
(1416, 1715)
(1416, 1716)
(1416, 1717)
(1416, 1718)
(1416, 1719)
(1416, 1720)
(1416, 1721)
(1416, 1722)
(1416, 1723)
(1417, 1724)
(1417, 1725)
(1416, 1726)
(1416, 1727)
(1416, 1728)
(1416, 1729)
(1417, 1730)
(1417, 1731)
(1417, 1732)
(1417, 1733)
(1417, 1734)
(1417, 1735)
(1417, 1736)
(1417, 1737)
(1417, 1738)
(1417, 1739)
(1417, 1740)
(1417, 1741)
(1417, 1742)
(1417, 1743)
(1417, 1744)
(1417, 1745)
(1417, 1746)
(1417, 1747)
(1417, 1748)
(1417, 1749)
(1417, 1750)
(1417, 1751)
(1417, 1752)
(1417, 1753)
(1417, 1754)
(1417, 1755)
(1417, 1756)
(1417, 1757)
(1417, 1758)
(1417, 1759)
(1417, 1760)
(1417, 1761)
(1417, 1762)
(1417, 1763)
(1417, 1764)
(1417, 1765)
(1417, 1766)
(1417, 1767)
(1417, 1768)
(1417, 1769)
(1417, 1770)
(1417, 1771)
(1417, 1772)
(1417, 1773)
(1417, 1774)
(1417, 1775)
(1417, 1776)
(1417, 1777)
(1417, 1778)
(1417, 1779)
(1417, 1780)
(1417, 1781)
(1417, 1782)
(1417, 1783)
(1417, 1784)
(1417, 1785)
(1417, 1786)
(1417, 1787)
(1417, 1788)
(1417, 1789)
(1417, 1790)
(1417, 1791)
(1417, 1792)
(1417, 1793)
(1417, 1794)
(1417, 1795)
(1417, 1796)
(1417, 1797)
(1417, 1798)
(1417, 1799)
(1417, 1800)
(1417, 1801)
(1417, 1802)
(1417, 1803)
(1417, 1804)
(1417, 1805)
(1417, 1806)
(1417, 1807)
(1417, 1808)
(1417, 1809)
(1417, 1810)
(1417, 1811)
(1417, 1812)
(1417, 1813)
(1417, 1814)
(1417, 1815)
(1417, 1816)
(1417, 1817)
(1417, 1818)
(1417, 1819)
(1417, 1820)
(1417, 1821)
(1417, 1822)
(1417, 1823)
(1417, 1824)
(1417, 1825)
(1417, 1826)
(1417, 1827)
(1417, 1828)
(1417, 1829)
(1417, 1830)
(1417, 1831)
(1417, 1832)
(1417, 1833)
(1417, 1834)
(1417, 1835)
(1417, 1836)
(1417, 1837)
(1417, 1838)
(1417, 1839)
(1417, 1840)
(1417, 1841)
(1417, 1842)
(1417, 1843)
(1417, 1844)
(1417, 1845)
(1417, 1846)
(1417, 1847)
(1417, 1848)
(1417, 1849)
(1417, 1850)
(1417, 1851)
(1417, 1852)
(1417, 1853)
(1417, 1854)
(1417, 1855)
(1417, 1856)
(1417, 1857)
(1417, 1858)
(1417, 1859)
(1417, 1860)
(1417, 1861)
(1417, 1862)
(1417, 1863)
(1417, 1864)
(1417, 1865)
(1417, 1866)
(1417, 1867)
(1417, 1868)
(1417, 1869)
(1417, 1870)
(1417, 1871)
(1417, 1872)
(1417, 1873)
(1417, 1874)
(1417, 1875)
(1417, 1876)
(1418, 1877)
(1418, 1878)
(1417, 1879)
(1415, 1882)
(1416, 1883)
(1417, 1884)
(1417, 1885)
(1416, 1886)
(1416, 1887)
(1417, 1888)
(1417, 1889)
(1416, 1890)
(1416, 1891)
(1416, 1892)
(1416, 1893)
(1416, 1894)
(1416, 1895)
(1416, 1896)
(1415, 1897)
(1415, 1898)
(1416, 1899)
(1416, 1900)
(1416, 1901)
(1416, 1902)
(1416, 1903)
(1416, 1904)
(1416, 1905)
(1416, 1906)
(1416, 1907)
(1416, 1908)
(1416, 1909)
(1417, 1910)
(1416, 1911)
(1416, 1912)
(1417, 1913)
(1417, 1914)
(1417, 1915)
(1417, 1916)
(1417, 1917)
(1417, 1918)
(1417, 1919)
(1417, 1920)
(1417, 1921)
(1417, 1922)
(1417, 1923)
(1417, 1924)
(1417, 1925)
(1417, 1926)
(1417, 1927)
(1417, 1928)
(1417, 1929)
(1417, 1930)
(1417, 1931)
(1417, 1932)
(1417, 1933)
(1416, 1934)
(1416, 1935)
(1417, 1936)
(1417, 1937)
(1417, 1938)
(1417, 1939)
(1417, 1940)
(1417, 1941)
(1417, 1942)
(1417, 1943)
(1417, 1944)
(1417, 1945)
(1417, 1946)
(1417, 1947)
(1417, 1948)
(1417, 1949)
(1417, 1950)
(1417, 1951)
(1417, 1952)
(1417, 1953)
(1417, 1954)
(1417, 1955)
(1417, 1956)
(1417, 1957)
(1417, 1958)
(1417, 1959)
(1417, 1960)
(1417, 1961)
(1417, 1962)
(1417, 1963)
(1417, 1964)
(1417, 1965)
(1417, 1966)
(1417, 1967)
(1417, 1968)
(1417, 1969)
(1417, 1970)
(1417, 1971)
(1417, 1972)
(1417, 1973)
(1417, 1974)
(1417, 1975)
(1417, 1976)
(1417, 1977)
(1417, 1978)
(1417, 1979)
(1418, 1980)
(1418, 1981)
(1418, 1982)
(1418, 1983)
(1417, 1984)
(1417, 1985)
(1417, 1986)
(1417, 1987)
(1417, 1988)
(1417, 1989)
(1417, 1990)
(1417, 1991)
(1417, 1992)
(1417, 1993)
(1417, 1994)
(1417, 1995)
(1417, 1996)
(1417, 1997)
(1417, 1998)
(1417, 1999)
(1417, 2000)
(1417, 2001)
(1417, 2002)
(1417, 2003)
(1417, 2004)
(1417, 2005)
(1417, 2006)
(1417, 2007)
(1417, 2008)
(1417, 2009)
(1417, 2010)
(1417, 2011)
(1417, 2012)
(1417, 2013)
(1417, 2014)
(1417, 2015)
(1417, 2016)
(1417, 2017)
(1417, 2018)
(1417, 2019)
(1417, 2020)
(1417, 2021)
(1417, 2022)
(1417, 2023)
(1417, 2024)
(1417, 2025)
(1417, 2026)
(1417, 2027)
(1417, 2028)
(1417, 2029)
(1417, 2030)
(1417, 2031)
(1417, 2032)
(1417, 2033)
(1417, 2034)
(1417, 2035)
(1417, 2036)
(1417, 2037)
(1417, 2038)
(1417, 2039)
(1417, 2040)
(1417, 2041)
(1417, 2042)
(1417, 2043)
(1417, 2044)
(1417, 2045)
(1417, 2046)
(1417, 2047)
(1417, 2048)
(1417, 2049)
(1417, 2050)
(1417, 2051)
(1417, 2052)
(1417, 2053)
(1417, 2054)
(1417, 2055)
(1417, 2056)
(1417, 2057)
(1417, 2058)
(1417, 2059)
(1417, 2060)
(1416, 2061)
(1416, 2062)
(1415, 2063)
(1416, 2066)
(1417, 2067)
(1416, 2068)
(1416, 2069)
(1416, 2070)
(1416, 2071)
(1416, 2072)
(1416, 2073)
(1416, 2074)
(1416, 2075)
(1416, 2076)
(1416, 2077)
(1416, 2078)
(1416, 2079)
(1416, 2080)
(1416, 2081)
(1416, 2082)
(1416, 2083)
(1416, 2084)
(1416, 2085)
(1416, 2086)
(1416, 2087)
(1416, 2088)
(1416, 2089)
(1416, 2090)
(1416, 2091)
(1417, 2092)
(1417, 2093)
(1416, 2094)
(1416, 2095)
(1417, 2096)
(1417, 2097)
(1417, 2098)
(1417, 2099)
(1417, 2100)
(1417, 2101)
(1417, 2102)
(1417, 2103)
(1417, 2104)
(1417, 2105)
(1417, 2106)
(1417, 2107)
(1417, 2108)
(1417, 2109)
(1417, 2110)
(1417, 2111)
(1417, 2112)
(1417, 2113)
(1417, 2114)
(1417, 2115)
(1417, 2116)
(1417, 2117)
(1417, 2118)
(1417, 2119)
(1417, 2120)
(1417, 2121)
(1417, 2122)
(1417, 2123)
(1417, 2124)
(1417, 2125)
(1417, 2126)
(1417, 2127)
(1417, 2128)
(1417, 2129)
(1417, 2130)
(1417, 2131)
(1417, 2132)
(1417, 2133)
(1417, 2134)
(1417, 2135)
(1417, 2136)
(1417, 2137)
(1417, 2138)
(1417, 2139)
(1417, 2140)
(1417, 2141)
(1417, 2142)
(1417, 2143)
(1417, 2144)
(1417, 2145)
(1417, 2146)
(1417, 2147)
(1417, 2148)
(1417, 2149)
(1417, 2150)
(1417, 2151)
(1417, 2152)
(1417, 2153)
(1417, 2154)
(1417, 2155)
(1417, 2156)
(1417, 2157)
(1417, 2158)
(1417, 2159)
(1417, 2160)
(1417, 2161)
(1417, 2162)
(1417, 2163)
(1417, 2164)
(1417, 2165)
(1417, 2166)
(1417, 2167)
(1417, 2168)
(1417, 2169)
(1417, 2170)
(1417, 2171)
(1417, 2172)
(1417, 2173)
(1417, 2174)
(1417, 2175)
(1417, 2176)
(1417, 2177)
(1417, 2178)
(1417, 2179)
(1417, 2180)
(1417, 2181)
(1417, 2182)
(1417, 2183)
(1417, 2184)
(1417, 2185)
(1417, 2186)
(1417, 2187)
(1417, 2188)
(1417, 2189)
(1417, 2190)
(1417, 2191)
(1417, 2192)
(1417, 2193)
(1417, 2194)
(1417, 2195)
(1417, 2196)
(1417, 2197)
(1417, 2198)
(1417, 2199)
(1417, 2200)
(1417, 2201)
(1417, 2202)
(1417, 2203)
(1417, 2204)
(1417, 2205)
(1417, 2206)
(1417, 2207)
(1417, 2208)
(1417, 2209)
(1417, 2210)
(1417, 2211)
(1417, 2212)
(1417, 2213)
(1417, 2214)
(1417, 2215)
(1417, 2216)
(1417, 2217)
(1417, 2218)
(1417, 2219)
(1417, 2220)
(1417, 2221)
(1417, 2222)
(1417, 2223)
(1417, 2224)
(1417, 2225)
(1417, 2226)
(1417, 2227)
(1417, 2228)
(1417, 2229)
(1417, 2230)
(1417, 2231)
(1417, 2232)
(1417, 2233)
(1417, 2234)
(1417, 2235)
(1417, 2236)
(1417, 2237)
(1417, 2238)
(1417, 2239)
(1417, 2240)
(1417, 2241)
(1417, 2242)
(1417, 2243)
(1417, 2244)
(1417, 2245)
(1415, 2246)
(1415, 2249)
(1416, 2250)
(1417, 2251)
(1416, 2252)
(1417, 2253)
(1417, 2254)
(1417, 2255)
(1417, 2256)
(1417, 2257)
(1417, 2258)
(1417, 2259)
(1417, 2260)
(1417, 2261)
(1417, 2262)
(1417, 2263)
(1417, 2264)
(1417, 2265)
(1416, 2266)
(1416, 2267)
(1416, 2268)
(1416, 2269)
(1417, 2270)
(1417, 2271)
(1417, 2272)
(1416, 2273)
(1413, 2274)
(1416, 2275)
(1417, 2276)
(1417, 2277)
(1417, 2278)
(1417, 2279)
(1417, 2280)
(1417, 2281)
(1417, 2282)
(1417, 2283)
(1417, 2284)
(1417, 2285)
(1417, 2286)
(1417, 2287)
(1417, 2288)
(1417, 2289)
(1417, 2290)
(1417, 2291)
(1417, 2292)
(1417, 2293)
(1417, 2294)
(1417, 2295)
(1417, 2296)
(1417, 2297)
(1417, 2298)
(1417, 2299)
(1417, 2300)
(1417, 2301)
(1417, 2302)
(1417, 2303)
(1417, 2304)
(1417, 2305)
(1417, 2306)
(1417, 2307)
(1417, 2308)
(1417, 2309)
(1417, 2310)
(1417, 2311)
(1417, 2312)
(1417, 2313)
(1417, 2314)
(1417, 2315)
(1417, 2316)
(1417, 2317)
(1417, 2318)
(1417, 2319)
(1417, 2320)
(1417, 2321)
(1417, 2322)
(1417, 2323)
(1417, 2324)
(1417, 2325)
(1417, 2326)
(1417, 2327)
(1417, 2328)
(1417, 2329)
(1417, 2330)
(1417, 2331)
(1417, 2332)
(1417, 2333)
(1417, 2334)
(1417, 2335)
(1417, 2336)
(1417, 2337)
(1417, 2338)
(1417, 2339)
(1417, 2340)
(1417, 2341)
(1417, 2342)
(1417, 2343)
(1417, 2344)
(1417, 2345)
(1417, 2346)
(1417, 2347)
(1417, 2348)
(1417, 2349)
(1417, 2350)
(1417, 2351)
(1417, 2352)
(1417, 2353)
(1417, 2354)
(1417, 2355)
(1417, 2356)
(1417, 2357)
(1417, 2358)
(1417, 2359)
(1417, 2360)
(1417, 2361)
(1417, 2362)
(1417, 2363)
(1417, 2364)
(1417, 2365)
(1417, 2366)
(1417, 2367)
(1417, 2368)
(1417, 2369)
(1417, 2370)
(1417, 2371)
(1417, 2372)
(1417, 2373)
(1417, 2374)
(1417, 2375)
(1417, 2376)
(1417, 2377)
(1417, 2378)
(1417, 2379)
(1417, 2380)
(1417, 2381)
(1417, 2382)
(1417, 2383)
(1417, 2384)
(1417, 2385)
(1417, 2386)
(1417, 2387)
(1417, 2388)
(1417, 2389)
(1417, 2390)
(1417, 2391)
(1417, 2392)
(1417, 2393)
(1417, 2394)
(1417, 2395)
(1417, 2396)
(1417, 2397)
(1417, 2398)
(1417, 2399)
(1417, 2400)
(1417, 2401)
(1417, 2402)
(1417, 2403)
(1417, 2404)
(1417, 2405)
(1417, 2406)
(1417, 2407)
(1417, 2408)
(1417, 2409)
(1417, 2410)
(1417, 2411)
(1417, 2412)
(1417, 2413)
(1417, 2414)
(1417, 2415)
(1417, 2416)
(1417, 2417)
(1417, 2418)
(1417, 2419)
(1417, 2420)
(1417, 2421)
(1417, 2422)
(1417, 2423)
(1417, 2424)
(1417, 2425)
(1417, 2426)
(1417, 2427)
(1417, 2428)
(1417, 2429)
(1414, 2431)
(1415, 2432)
(1417, 2433)
(1417, 2434)
(1417, 2435)
(1417, 2436)
(1417, 2437)
(1417, 2438)
(1417, 2439)
(1417, 2440)
(1417, 2441)
(1417, 2442)
(1417, 2443)
(1417, 2444)
(1417, 2445)
(1417, 2446)
(1417, 2447)
(1417, 2448)
(1417, 2449)
(1417, 2450)
(1417, 2451)
(1417, 2452)
(1417, 2453)
(1417, 2454)
(1417, 2455)
(1417, 2456)
(1417, 2457)
(1416, 2458)
(1416, 2459)
(1417, 2460)
(1417, 2461)
(1417, 2462)
(1417, 2463)
(1417, 2464)
(1417, 2465)
(1417, 2466)
(1417, 2467)
(1417, 2468)
(1417, 2469)
(1417, 2470)
(1417, 2471)
(1417, 2472)
(1417, 2473)
(1417, 2474)
(1417, 2475)
(1417, 2476)
(1417, 2477)
(1417, 2478)
(1417, 2479)
(1417, 2480)
(1417, 2481)
(1417, 2482)
(1417, 2483)
(1417, 2484)
(1417, 2485)
(1417, 2486)
(1417, 2487)
(1417, 2488)
(1417, 2489)
(1417, 2490)
(1417, 2491)
(1417, 2492)
(1417, 2493)
(1417, 2494)
(1417, 2495)
(1417, 2496)
(1417, 2497)
(1417, 2498)
(1417, 2499)
(1417, 2500)
(1417, 2501)
(1417, 2502)
(1417, 2503)
(1417, 2504)
(1417, 2505)
(1417, 2506)
(1417, 2507)
(1417, 2508)
(1417, 2509)
(1417, 2510)
(1417, 2511)
(1417, 2512)
(1417, 2513)
(1418, 2514)
(1418, 2515)
(1417, 2516)
(1417, 2517)
(1417, 2518)
(1417, 2519)
(1417, 2520)
(1417, 2521)
(1418, 2522)
(1418, 2523)
(1417, 2524)
(1417, 2525)
(1417, 2526)
(1417, 2527)
(1417, 2528)
(1417, 2529)
(1417, 2530)
(1417, 2531)
(1417, 2532)
(1417, 2533)
(1417, 2534)
(1417, 2535)
(1417, 2536)
(1417, 2537)
(1417, 2538)
(1417, 2539)
(1417, 2540)
(1417, 2541)
(1417, 2542)
(1417, 2543)
(1417, 2544)
(1417, 2545)
(1417, 2546)
(1417, 2547)
(1417, 2548)
(1417, 2549)
(1417, 2550)
(1417, 2551)
(1417, 2552)
(1417, 2553)
(1417, 2554)
(1417, 2555)
(1417, 2556)
(1417, 2557)
(1417, 2558)
(1417, 2559)
(1417, 2560)
(1417, 2561)
(1417, 2562)
(1417, 2563)
(1417, 2564)
(1417, 2565)
(1417, 2566)
(1417, 2567)
(1417, 2568)
(1417, 2569)
(1417, 2570)
(1417, 2571)
(1417, 2572)
(1417, 2573)
(1417, 2574)
(1417, 2575)
(1417, 2576)
(1417, 2577)
(1418, 2578)
(1418, 2579)
(1418, 2580)
(1418, 2581)
(1417, 2582)
(1417, 2583)
(1417, 2584)
(1417, 2585)
(1418, 2586)
(1418, 2587)
(1418, 2588)
(1418, 2589)
(1418, 2590)
(1418, 2591)
(1418, 2592)
(1418, 2593)
(1418, 2594)
(1418, 2595)
(1418, 2596)
(1418, 2597)
(1418, 2598)
(1418, 2599)
(1418, 2600)
(1418, 2601)
(1418, 2602)
(1418, 2603)
(1418, 2604)
(1418, 2605)
(1418, 2606)
(1418, 2607)
(1418, 2608)
(1417, 2609)
(1417, 2610)
(1417, 2611)
(1417, 2612)
(1417, 2613)
(1417, 2614)
(1418, 2615)
(1418, 2616)
(1418, 2617)
(1418, 2618)
(1418, 2619)
(1418, 2620)
(1418, 2621)
(1418, 2622)
(1418, 2623)
(1418, 2624)
(1418, 2625)
(1418, 2626)
(1418, 2627)
(1418, 2628)
(1418, 2629)
(1418, 2630)
(1418, 2631)
(1417, 2632)
(1417, 2633)
(1418, 2634)
(1417, 2635)
(1417, 2636)
(1417, 2637)
(1417, 2638)
(1418, 2639)
(1418, 2640)
(1418, 2641)
(1418, 2642)
(1418, 2643)
(1418, 2644)
(1418, 2645)
(1417, 2646)
(1417, 2647)
(1417, 2648)
(1418, 2649)
(1418, 2650)
(1418, 2651)
(1418, 2652)
(1418, 2653)
(1418, 2654)
(1418, 2655)
(1418, 2656)
(1418, 2657)
(1417, 2658)
(1418, 2659)
(1418, 2660)
(1418, 2661)
(1418, 2662)
(1418, 2663)
(1418, 2664)
(1418, 2665)
(1418, 2666)
(1418, 2667)
(1418, 2668)
(1418, 2669)
(1418, 2670)
(1418, 2671)
(1418, 2672)
(1418, 2673)
(1418, 2674)
(1417, 2675)
(1418, 2676)
(1418, 2677)
(1418, 2678)
(1418, 2679)
(1418, 2680)
(1418, 2681)
(1418, 2682)
(1418, 2683)
(1418, 2684)
(1418, 2685)
(1418, 2686)
(1418, 2687)
(1418, 2688)
(1418, 2689)
(1418, 2690)
(1418, 2691)
(1418, 2692)
(1418, 2693)
(1418, 2694)
(1418, 2695)
(1418, 2696)
(1418, 2697)
(1418, 2698)
(1418, 2699)
(1418, 2700)
(1418, 2701)
(1418, 2702)
(1418, 2703)
(1418, 2704)
(1418, 2705)
(1418, 2706)
(1418, 2707)
(1418, 2708)
(1418, 2709)
(1418, 2710)
(1418, 2711)
(1418, 2712)
(1418, 2713)
(1418, 2714)
(1418, 2715)
(1418, 2716)
(1418, 2717)
(1418, 2718)
(1418, 2719)
(1418, 2720)
(1418, 2721)
(1418, 2722)
(1418, 2723)
(1418, 2724)
(1418, 2725)
(1418, 2726)
(1418, 2727)
(1418, 2728)
(1418, 2729)
(1418, 2730)
(1418, 2731)
(1418, 2732)
(1418, 2733)
(1418, 2734)
(1417, 2735)
(1417, 2736)
(1417, 2737)
(1418, 2738)
(1418, 2739)
(1418, 2740)
(1418, 2741)
(1418, 2742)
(1418, 2743)
(1418, 2744)
(1418, 2745)
(1418, 2746)
(1418, 2747)
(1418, 2748)
(1418, 2749)
(1418, 2750)
(1418, 2751)
(1418, 2752)
(1418, 2753)
(1418, 2754)
(1418, 2755)
(1418, 2756)
(1418, 2757)
(1418, 2758)
(1418, 2759)
(1418, 2760)
(1418, 2761)
(1418, 2762)
(1418, 2763)
(1418, 2764)
(1418, 2765)
(1418, 2766)
(1418, 2767)
(1418, 2768)
(1418, 2769)
(1418, 2770)
(1418, 2771)
(1418, 2772)
(1418, 2773)
(1418, 2774)
(1418, 2775)
(1418, 2776)
(1418, 2777)
(1418, 2778)
(1418, 2779)
(1418, 2780)
(1418, 2781)
(1418, 2782)
(1418, 2783)
(1418, 2784)
(1418, 2785)
(1418, 2786)
(1418, 2787)
(1418, 2788)
(1418, 2789)
(1418, 2790)
(1418, 2791)
(1418, 2792)
(1418, 2793)
(1418, 2794)
(1418, 2795)
(1418, 2796)
(1417, 2797)
(1417, 2798)
(1418, 2799)
(1418, 2800)
(1418, 2801)
(1418, 2802)
(1418, 2803)
(1418, 2804)
(1418, 2805)
(1417, 2806)
(1417, 2807)
(1417, 2808)
(1417, 2809)
(1417, 2810)
(1417, 2811)
(1417, 2812)
(1417, 2813)
(1418, 2814)
(1418, 2815)
(1418, 2816)
(1418, 2817)
(1418, 2818)
(1418, 2819)
(1418, 2820)
(1417, 2821)
(1417, 2822)
(1417, 2823)
(1417, 2824)
(1417, 2825)
(1417, 2826)
(1418, 2827)
(1418, 2828)
(1418, 2829)
(1418, 2830)
(1417, 2831)
(1418, 2832)
(1418, 2833)
(1418, 2834)
(1418, 2835)
(1418, 2836)
(1418, 2837)
(1418, 2838)
(1418, 2839)
(1418, 2840)
(1418, 2841)
(1418, 2842)
(1418, 2843)
(1417, 2844)
(1417, 2845)
(1417, 2846)
(1417, 2847)
(1417, 2848)
(1417, 2849)
(1417, 2850)
(1417, 2851)
(1417, 2852)
(1418, 2853)
(1418, 2854)
(1418, 2855)
(1418, 2856)
(1417, 2857)
(1417, 2858)
(1418, 2859)
(1418, 2860)
(1418, 2861)
(1417, 2862)
(1417, 2863)
(1418, 2864)
(1418, 2865)
(1418, 2866)
(1418, 2867)
(1418, 2868)
(1418, 2869)
(1418, 2870)
(1418, 2871)
(1418, 2872)
(1418, 2873)
(1418, 2874)
(1418, 2875)
(1418, 2876)
(1418, 2877)
(1418, 2878)
(1418, 2879)
(1418, 2880)
(1418, 2881)
(1417, 2882)
(1417, 2883)
(1417, 2884)
(1417, 2885)
(1418, 2886)
(1418, 2887)
(1418, 2888)
(1417, 2889)
(1417, 2890)
(1417, 2891)
(1417, 2892)
(1417, 2893)
(1417, 2894)
(1417, 2895)
(1417, 2896)
(1417, 2897)
(1417, 2898)
(1417, 2899)
(1417, 2900)
(1417, 2901)
(1417, 2902)
(1417, 2903)
(1417, 2904)
(1417, 2905)
(1417, 2906)
(1417, 2907)
(1417, 2908)
(1417, 2909)
(1417, 2910)
(1417, 2911)
(1417, 2912)
(1417, 2913)
(1417, 2914)
(1417, 2915)
(1417, 2916)
(1417, 2917)
(1417, 2918)
(1417, 2919)
(1417, 2920)
(1417, 2921)
(1417, 2922)
(1417, 2923)
(1417, 2924)
(1417, 2925)
(1417, 2926)
(1417, 2927)
(1417, 2928)
(1417, 2929)
(1417, 2930)
(1417, 2931)
(1417, 2932)
(1417, 2933)
(1417, 2934)
(1417, 2935)
(1417, 2936)
(1417, 2937)
(1417, 2938)
(1417, 2939)
(1417, 2940)
(1417, 2941)
(1417, 2942)
(1417, 2943)
(1417, 2944)
(1417, 2945)
(1417, 2946)
(1417, 2947)
(1417, 2948)
(1417, 2949)
(1417, 2950)
(1417, 2951)
(1417, 2952)
(1417, 2953)
(1417, 2954)
(1417, 2955)
(1417, 2956)
(1417, 2957)
(1417, 2958)
(1417, 2959)
(1417, 2960)
(1417, 2961)
(1417, 2962)
(1417, 2963)
(1417, 2964)
(1417, 2965)
(1417, 2966)
(1417, 2967)
(1417, 2968)
(1417, 2969)
(1417, 2970)
(1417, 2971)
(1417, 2972)
(1417, 2973)
(1417, 2974)
(1417, 2975)
(1417, 2976)
(1416, 2977)
(1413, 2978)
(1416, 2979)
(1417, 2980)
(1417, 2981)
(1417, 2982)
(1417, 2983)
(1417, 2984)
(1417, 2985)
(1417, 2986)
(1417, 2987)
(1417, 2988)
(1417, 2989)
(1417, 2990)
(1417, 2991)
(1417, 2992)
(1417, 2993)
(1417, 2994)
(1417, 2995)
(1417, 2996)
(1417, 2997)
(1417, 2998)
(1418, 2999)
(1417, 3000)
(1417, 3001)
(1417, 3002)
(1417, 3003)
(1417, 3004)
(1417, 3005)
(1417, 3006)
(1417, 3007)
(1417, 3008)
(1418, 3009)
(1417, 3010)
(1417, 3011)
(1417, 3012)
(1417, 3013)
(1417, 3014)
(1417, 3015)
(1417, 3016)
(1417, 3017)
(1417, 3018)
(1417, 3019)
(1417, 3020)
(1417, 3021)
(1417, 3022)
(1417, 3023)
(1417, 3024)
(1417, 3025)
(1417, 3026)
(1417, 3027)
(1417, 3028)
(1417, 3029)
(1417, 3030)
(1417, 3031)
(1417, 3032)
(1417, 3033)
(1417, 3034)
(1417, 3035)
(1417, 3036)
(1417, 3037)
(1417, 3038)
(1417, 3039)
(1417, 3040)
(1417, 3041)
(1417, 3042)
(1417, 3043)
(1417, 3044)
(1417, 3045)
(1417, 3046)
(1417, 3047)
(1417, 3048)
(1417, 3049)
(1417, 3050)
(1417, 3051)
(1417, 3052)
(1417, 3053)
(1417, 3054)
(1417, 3055)
(1417, 3056)
(1417, 3057)
(1417, 3058)
(1417, 3059)
(1417, 3060)
(1417, 3061)
(1417, 3062)
(1417, 3063)
(1417, 3064)
(1417, 3065)
(1417, 3066)
(1417, 3067)
(1417, 3068)
(1417, 3069)
(1417, 3070)
(1417, 3071)
(1417, 3072)
(1417, 3073)
(1417, 3074)
(1417, 3075)
(1417, 3076)
(1417, 3077)
(1417, 3078)
(1417, 3079)
(1417, 3080)
(1417, 3081)
(1417, 3082)
(1417, 3083)
(1417, 3084)
(1417, 3085)
(1417, 3086)
(1417, 3087)
(1417, 3088)
(1417, 3089)
(1417, 3090)
(1417, 3091)
(1417, 3092)
(1417, 3093)
(1417, 3094)
(1417, 3095)
(1417, 3096)
(1417, 3097)
(1417, 3098)
(1417, 3099)
(1417, 3100)
(1417, 3101)
(1417, 3102)
(1417, 3103)
(1417, 3104)
(1417, 3105)
(1417, 3106)
(1417, 3107)
(1417, 3108)
(1417, 3109)
(1417, 3110)
(1417, 3111)
(1417, 3112)
(1417, 3113)
(1417, 3114)
(1417, 3115)
(1417, 3116)
(1417, 3117)
(1417, 3118)
(1417, 3119)
(1417, 3120)
(1417, 3121)
(1417, 3122)
(1417, 3123)
(1417, 3124)
(1417, 3125)
(1417, 3126)
(1417, 3127)
(1417, 3128)
(1417, 3129)
(1417, 3130)
(1417, 3131)
(1417, 3132)
(1417, 3133)
(1417, 3134)
(1417, 3135)
(1417, 3136)
(1417, 3137)
(1417, 3138)
(1417, 3139)
(1417, 3140)
(1417, 3141)
(1417, 3142)
(1417, 3143)
(1417, 3144)
(1417, 3145)
(1417, 3146)
(1417, 3147)
(1417, 3148)
(1417, 3149)
(1417, 3150)
(1417, 3151)
(1417, 3152)
(1417, 3153)
(1417, 3154)
(1417, 3155)
(1417, 3156)
(1417, 3157)
(1417, 3158)
(1417, 3159)
(1417, 3160)
(1417, 3161)
(1416, 3163)
(1417, 3164)
(1417, 3165)
(1417, 3166)
(1417, 3167)
(1417, 3168)
(1416, 3169)
(1417, 3170)
(1417, 3171)
(1417, 3172)
(1417, 3173)
(1417, 3174)
(1417, 3175)
(1416, 3176)
(1416, 3177)
(1416, 3178)
(1417, 3179)
(1417, 3180)
(1417, 3181)
(1417, 3182)
(1417, 3183)
(1417, 3184)
(1417, 3185)
(1417, 3186)
(1416, 3187)
(1416, 3188)
(1416, 3189)
(1416, 3190)
(1417, 3191)
(1417, 3192)
(1417, 3193)
(1417, 3194)
(1417, 3195)
(1417, 3196)
(1417, 3197)
(1417, 3198)
(1417, 3199)
(1417, 3200)
(1417, 3201)
(1417, 3202)
(1417, 3203)
(1417, 3204)
(1417, 3205)
(1417, 3206)
(1417, 3207)
(1417, 3208)
(1417, 3209)
(1417, 3210)
(1417, 3211)
(1417, 3212)
(1417, 3213)
(1417, 3214)
(1417, 3215)
(1417, 3216)
(1417, 3217)
(1417, 3218)
(1417, 3219)
(1417, 3220)
(1417, 3221)
(1417, 3222)
(1417, 3223)
(1417, 3224)
(1417, 3225)
(1417, 3226)
(1417, 3227)
(1417, 3228)
(1417, 3229)
(1417, 3230)
(1417, 3231)
(1417, 3232)
(1417, 3233)
(1417, 3234)
(1417, 3235)
(1417, 3236)
(1417, 3237)
(1417, 3238)
(1417, 3239)
(1417, 3240)
(1417, 3241)
(1417, 3242)
(1417, 3243)
(1417, 3244)
(1417, 3245)
(1417, 3246)
(1417, 3247)
(1417, 3248)
(1417, 3249)
(1417, 3250)
(1417, 3251)
(1417, 3252)
(1417, 3253)
(1417, 3254)
(1417, 3255)
(1417, 3256)
(1417, 3257)
(1417, 3258)
(1417, 3259)
(1417, 3260)
(1417, 3261)
(1417, 3262)
(1417, 3263)
(1417, 3264)
(1417, 3265)
(1417, 3266)
(1417, 3267)
(1417, 3268)
(1417, 3269)
(1417, 3270)
(1417, 3271)
(1417, 3272)
(1417, 3273)
(1417, 3274)
(1417, 3275)
(1417, 3276)
(1417, 3277)
(1417, 3278)
(1417, 3279)
(1417, 3280)
(1417, 3281)
(1417, 3282)
(1417, 3283)
(1417, 3284)
(1417, 3285)
(1417, 3286)
(1417, 3287)
(1417, 3288)
(1417, 3289)
(1417, 3290)
(1417, 3291)
(1417, 3292)
(1417, 3293)
(1417, 3294)
(1417, 3295)
(1417, 3296)
(1417, 3297)
(1417, 3298)
(1417, 3299)
(1417, 3300)
(1417, 3301)
(1417, 3302)
(1417, 3303)
(1417, 3304)
(1417, 3305)
(1417, 3306)
(1417, 3307)
(1417, 3308)
(1417, 3309)
(1417, 3310)
(1417, 3311)
(1417, 3312)
(1417, 3313)
(1417, 3314)
(1417, 3315)
(1417, 3316)
(1417, 3317)
(1417, 3318)
(1417, 3319)
(1417, 3320)
(1417, 3321)
(1417, 3322)
(1417, 3323)
(1417, 3324)
(1417, 3325)
(1417, 3326)
(1417, 3327)
(1417, 3328)
(1417, 3329)
(1417, 3330)
(1417, 3331)
(1417, 3332)
(1417, 3333)
(1417, 3334)
(1417, 3335)
(1417, 3336)
(1417, 3337)
(1417, 3338)
(1417, 3339)
(1417, 3340)
(1417, 3341)
(1416, 3342)
(1416, 3343)
(1416, 3344)
(1413, 3345)
(1415, 3347)
(1416, 3348)
(1417, 3349)
(1417, 3350)
(1417, 3351)
(1416, 3352)
(1416, 3353)
(1417, 3354)
(1417, 3355)
(1417, 3356)
(1417, 3357)
(1417, 3358)
(1417, 3359)
(1416, 3360)
(1416, 3361)
(1416, 3362)
(1416, 3363)
(1416, 3364)
(1416, 3365)
(1417, 3366)
(1417, 3367)
(1416, 3368)
(1416, 3369)
(1416, 3370)
(1416, 3371)
(1416, 3372)
(1415, 3373)
(1416, 3374)
(1416, 3375)
(1416, 3376)
(1416, 3377)
(1417, 3378)
(1417, 3379)
(1417, 3380)
(1417, 3381)
(1417, 3382)
(1417, 3383)
(1417, 3384)
(1417, 3385)
(1417, 3386)
(1417, 3387)
(1417, 3388)
(1417, 3389)
(1417, 3390)
(1417, 3391)
(1417, 3392)
(1417, 3393)
(1417, 3394)
(1417, 3395)
(1417, 3396)
(1417, 3397)
(1417, 3398)
(1417, 3399)
(1417, 3400)
(1417, 3401)
(1417, 3402)
(1417, 3403)
(1417, 3404)
(1417, 3405)
(1417, 3406)
(1417, 3407)
(1417, 3408)
(1417, 3409)
(1417, 3410)
(1417, 3411)
(1417, 3412)
(1417, 3413)
(1417, 3414)
(1417, 3415)
(1417, 3416)
(1417, 3417)
(1417, 3418)
(1417, 3419)
(1417, 3420)
(1417, 3421)
(1417, 3422)
(1417, 3423)
(1417, 3424)
(1417, 3425)
(1417, 3426)
(1417, 3427)
(1417, 3428)
(1417, 3429)
(1417, 3430)
(1417, 3431)
(1417, 3432)
(1417, 3433)
(1417, 3434)
(1417, 3435)
(1417, 3436)
(1417, 3437)
(1417, 3438)
(1417, 3439)
(1417, 3440)
(1417, 3441)
(1417, 3442)
(1417, 3443)
(1417, 3444)
(1417, 3445)
(1417, 3446)
(1417, 3447)
(1417, 3448)
(1417, 3449)
(1417, 3450)
(1417, 3451)
(1417, 3452)
(1417, 3453)
(1417, 3454)
(1417, 3455)
(1417, 3456)
(1417, 3457)
(1417, 3458)
(1417, 3459)
(1417, 3460)
(1417, 3461)
(1417, 3462)
(1417, 3463)
(1417, 3464)
(1417, 3465)
(1417, 3466)
(1417, 3467)
(1417, 3468)
(1417, 3469)
(1417, 3470)
(1417, 3471)
(1417, 3472)
(1417, 3473)
(1417, 3474)
(1417, 3475)
(1417, 3476)
(1417, 3477)
(1417, 3478)
(1417, 3479)
(1417, 3480)
(1417, 3481)
(1417, 3482)
(1417, 3483)
(1417, 3484)
(1417, 3485)
(1417, 3486)
(1417, 3487)
(1417, 3488)
(1417, 3489)
(1417, 3490)
(1417, 3491)
(1417, 3492)
(1417, 3493)
(1417, 3494)
(1417, 3495)
(1417, 3496)
(1417, 3497)
(1417, 3498)
(1417, 3499)
(1417, 3500)
(1417, 3501)
(1417, 3502)
(1417, 3503)
(1417, 3504)
(1417, 3505)
(1418, 3506)
(1417, 3507)
(1417, 3508)
(1417, 3509)
(1417, 3510)
(1417, 3511)
(1417, 3512)
(1417, 3513)
(1417, 3514)
(1417, 3515)
(1417, 3516)
(1417, 3517)
(1417, 3518)
(1417, 3519)
(1417, 3520)
(1418, 3521)
(1418, 3522)
(1418, 3523)
(1417, 3524)
(1417, 3525)
(1417, 3526)
(1417, 3527)
(1416, 3528)
(1417, 3532)
(1417, 3533)
(1417, 3534)
(1417, 3535)
(1417, 3536)
(1417, 3537)
(1417, 3538)
(1416, 3539)
(1416, 3540)
(1417, 3541)
(1417, 3542)
(1417, 3543)
(1417, 3544)
(1417, 3545)
(1417, 3546)
(1416, 3547)
(1416, 3548)
(1417, 3549)
(1417, 3550)
(1417, 3551)
(1417, 3552)
(1416, 3553)
(1417, 3554)
(1417, 3555)
(1417, 3556)
(1417, 3557)
(1417, 3558)
(1416, 3559)
(1417, 3560)
(1417, 3561)
(1417, 3562)
(1417, 3563)
(1417, 3564)
(1417, 3565)
(1417, 3566)
(1417, 3567)
(1416, 3568)
(1418, 3569)
(1418, 3570)
(1417, 3571)
(1418, 3572)
(1418, 3573)
(1418, 3574)
(1417, 3575)
(1417, 3576)
(1417, 3577)
(1418, 3578)
(1418, 3579)
(1417, 3580)
(1417, 3581)
(1418, 3582)
(1417, 3583)
(1417, 3584)
(1417, 3585)
(1417, 3586)
(1417, 3587)
(1417, 3588)
(1417, 3589)
(1417, 3590)
(1417, 3591)
(1417, 3592)
(1417, 3593)
(1417, 3594)
(1417, 3595)
(1417, 3596)
(1417, 3597)
(1417, 3598)
(1417, 3599)
(1417, 3600)
(1417, 3601)
(1417, 3602)
(1417, 3603)
(1417, 3604)
(1417, 3605)
(1417, 3606)
(1417, 3607)
(1417, 3608)
(1417, 3609)
(1417, 3610)
(1417, 3611)
(1417, 3612)
(1417, 3613)
(1417, 3614)
(1418, 3615)
(1418, 3616)
(1418, 3617)
(1418, 3618)
(1417, 3619)
(1417, 3620)
(1417, 3621)
(1417, 3622)
(1417, 3623)
(1417, 3624)
(1417, 3625)
(1417, 3626)
(1418, 3627)
(1418, 3628)
(1418, 3629)
(1417, 3630)
(1417, 3631)
(1417, 3632)
(1417, 3633)
(1417, 3634)
(1417, 3635)
(1417, 3636)
(1417, 3637)
(1417, 3638)
(1417, 3639)
(1417, 3640)
(1417, 3641)
(1417, 3642)
(1417, 3643)
(1417, 3644)
(1417, 3645)
(1418, 3646)
(1418, 3647)
(1417, 3648)
(1417, 3649)
(1417, 3650)
(1417, 3651)
(1417, 3652)
(1417, 3653)
(1417, 3654)
(1417, 3655)
(1417, 3656)
(1417, 3657)
(1417, 3658)
(1417, 3659)
(1417, 3660)
(1417, 3661)
(1417, 3662)
(1417, 3663)
(1417, 3664)
(1417, 3665)
(1417, 3666)
(1417, 3667)
(1417, 3668)
(1417, 3669)
(1417, 3670)
(1417, 3671)
(1417, 3672)
(1417, 3673)
(1417, 3674)
(1417, 3675)
(1417, 3676)
(1417, 3677)
(1417, 3678)
(1417, 3679)
(1417, 3680)
(1417, 3681)
(1417, 3682)
(1417, 3683)
(1417, 3684)
(1417, 3685)
(1417, 3686)
(1417, 3687)
(1417, 3688)
(1417, 3689)
(1417, 3690)
(1417, 3691)
(1417, 3692)
(1417, 3693)
(1417, 3694)
(1417, 3695)
(1417, 3696)
(1417, 3697)
(1417, 3698)
(1417, 3699)
(1417, 3700)
(1417, 3701)
(1417, 3702)
(1417, 3703)
(1417, 3704)
(1417, 3705)
(1417, 3706)
(1417, 3707)
(1417, 3708)
(1417, 3709)
(1416, 3710)
(1414, 3711)
(1414, 3712)
(1415, 3713)
(1416, 3714)
(1416, 3715)
(1416, 3716)
(1416, 3717)
(1416, 3718)
(1416, 3719)
(1416, 3720)
(1416, 3721)
(1416, 3722)
(1416, 3723)
(1415, 3724)
(1415, 3725)
(1416, 3726)
(1416, 3727)
(1416, 3728)
(1416, 3729)
(1416, 3730)
(1416, 3731)
(1416, 3732)
(1416, 3733)
(1416, 3734)
(1416, 3735)
(1416, 3736)
(1416, 3737)
(1416, 3738)
(1416, 3739)
(1416, 3740)
(1416, 3741)
(1416, 3742)
(1416, 3743)
(1416, 3744)
(1417, 3745)
(1417, 3746)
(1417, 3747)
(1417, 3748)
(1417, 3749)
(1417, 3750)
(1417, 3751)
(1417, 3752)
(1417, 3753)
(1417, 3754)
(1417, 3755)
(1417, 3756)
(1417, 3757)
(1417, 3758)
(1417, 3759)
(1417, 3760)
(1417, 3761)
(1417, 3762)
(1417, 3763)
(1417, 3764)
(1417, 3765)
(1417, 3766)
(1417, 3767)
(1417, 3768)
(1417, 3769)
(1417, 3770)
(1417, 3771)
(1417, 3772)
(1417, 3773)
(1417, 3774)
(1417, 3775)
(1416, 3776)
(1416, 3777)
(1416, 3778)
(1417, 3779)
(1417, 3780)
(1417, 3781)
(1417, 3782)
(1417, 3783)
(1417, 3784)
(1417, 3785)
(1417, 3786)
(1417, 3787)
(1417, 3788)
(1417, 3789)
(1417, 3790)
(1417, 3791)
(1417, 3792)
(1417, 3793)
(1417, 3794)
(1417, 3795)
(1417, 3796)
(1417, 3797)
(1417, 3798)
(1417, 3799)
(1417, 3800)
(1417, 3801)
(1417, 3802)
(1417, 3803)
(1417, 3804)
(1417, 3805)
(1417, 3806)
(1417, 3807)
(1417, 3808)
(1417, 3809)
(1417, 3810)
(1417, 3811)
(1417, 3812)
(1417, 3813)
(1417, 3814)
(1417, 3815)
(1417, 3816)
(1417, 3817)
(1417, 3818)
(1417, 3819)
(1417, 3820)
(1417, 3821)
(1416, 3822)
(1417, 3823)
(1417, 3824)
(1417, 3825)
(1417, 3826)
(1417, 3827)
(1417, 3828)
(1417, 3829)
(1417, 3830)
(1417, 3831)
(1417, 3832)
(1417, 3833)
(1417, 3834)
(1417, 3835)
(1417, 3836)
(1417, 3837)
(1417, 3838)
(1417, 3839)
(1417, 3840)
(1417, 3841)
(1417, 3842)
(1417, 3843)
(1416, 3844)
(1417, 3845)
(1417, 3846)
(1417, 3847)
(1417, 3848)
(1417, 3849)
(1417, 3850)
(1417, 3851)
(1417, 3852)
(1417, 3853)
(1417, 3854)
(1417, 3855)
(1416, 3856)
(1417, 3857)
(1417, 3858)
(1417, 3859)
(1417, 3860)
(1417, 3861)
(1417, 3862)
(1417, 3863)
(1417, 3864)
(1417, 3865)
(1417, 3866)
(1417, 3867)
(1417, 3868)
(1417, 3869)
(1417, 3870)
(1417, 3871)
(1417, 3872)
(1417, 3873)
(1417, 3874)
(1417, 3875)
(1417, 3876)
(1417, 3877)
(1417, 3878)
(1417, 3879)
(1417, 3880)
(1417, 3881)
(1417, 3882)
(1417, 3883)
(1417, 3884)
(1417, 3885)
(1417, 3886)
(1417, 3887)
(1416, 3888)
(1416, 3889)
(1416, 3890)
(1415, 3891)
(1415, 3892)
(1415, 3893)
(1416, 3894)
(1416, 3895)
(1416, 3896)
(1416, 3897)
(1416, 3898)
(1416, 3899)
(1416, 3900)
(1416, 3901)
(1416, 3902)
(1416, 3903)
(1416, 3904)
(1416, 3905)
(1416, 3906)
(1416, 3907)
(1416, 3908)
(1416, 3909)
(1416, 3910)
(1416, 3911)
(1416, 3912)
(1416, 3913)
(1416, 3914)
(1416, 3915)
(1416, 3916)
(1416, 3917)
(1416, 3918)
(1416, 3919)
(1416, 3920)
(1416, 3921)
(1416, 3922)
(1416, 3923)
(1417, 3924)
(1417, 3925)
(1417, 3926)
(1417, 3927)
(1417, 3928)
(1417, 3929)
(1417, 3930)
(1417, 3931)
(1417, 3932)
(1417, 3933)
(1417, 3934)
(1417, 3935)
(1417, 3936)
(1417, 3937)
(1417, 3938)
(1417, 3939)
(1417, 3940)
(1416, 3941)
(1416, 3942)
(1416, 3943)
(1417, 3944)
(1417, 3945)
(1417, 3946)
(1416, 3947)
(1416, 3948)
(1416, 3949)
(1417, 3950)
(1417, 3951)
(1417, 3952)
(1417, 3953)
(1417, 3954)
(1417, 3955)
(1417, 3956)
(1417, 3957)
(1417, 3958)
(1417, 3959)
(1417, 3960)
(1417, 3961)
(1417, 3962)
(1417, 3963)
(1417, 3964)
(1417, 3965)
(1417, 3966)
(1417, 3967)
(1416, 3968)
(1416, 3969)
(1416, 3970)
(1416, 3971)
(1416, 3972)
(1417, 3973)
(1417, 3974)
(1417, 3975)
(1417, 3976)
(1417, 3977)
(1417, 3978)
(1417, 3979)
(1417, 3980)
(1416, 3981)
(1416, 3982)
(1416, 3983)
(1416, 3984)
(1416, 3985)
(1416, 3986)
(1416, 3987)
(1416, 3988)
(1416, 3989)
(1416, 3990)
(1416, 3991)
(1416, 3992)
(1416, 3993)
(1416, 3994)
(1416, 3995)
(1416, 3996)
(1416, 3997)
(1416, 3998)
(1416, 3999)
(1416, 4000)
(1416, 4001)
(1416, 4002)
(1416, 4003)
(1416, 4004)
(1416, 4005)
(1416, 4006)
(1416, 4007)
(1416, 4008)
(1416, 4009)
(1416, 4010)
(1416, 4011)
(1416, 4012)
(1416, 4013)
(1416, 4014)
(1416, 4015)
(1416, 4016)
(1416, 4017)
(1416, 4018)
(1416, 4019)
(1416, 4020)
(1416, 4021)
(1416, 4022)
(1416, 4023)
(1416, 4024)
(1416, 4025)
(1416, 4026)
(1416, 4027)
(1416, 4028)
(1416, 4029)
(1416, 4030)
(1416, 4031)
(1416, 4032)
(1416, 4033)
(1416, 4034)
(1416, 4035)
(1416, 4036)
(1416, 4037)
(1416, 4038)
(1416, 4039)
(1416, 4040)
(1416, 4041)
(1416, 4042)
(1416, 4043)
(1416, 4044)
(1416, 4045)
(1416, 4046)
(1416, 4047)
(1416, 4048)
(1416, 4049)
(1416, 4050)
(1416, 4051)
(1416, 4052)
(1416, 4053)
(1416, 4054)
(1416, 4055)
(1416, 4056)
(1416, 4057)
(1416, 4058)
(1416, 4059)
(1416, 4060)
(1416, 4061)
(1416, 4062)
(1416, 4063)
(1416, 4064)
(1416, 4065)
(1416, 4066)
(1416, 4067)
(1416, 4068)
(1416, 4069)
(1416, 4070)
(1416, 4071)
(1416, 4072)
(1415, 4073)
(1413, 4074)
(1415, 4075)
(1416, 4076)
(1416, 4077)
(1416, 4078)
(1416, 4079)
(1416, 4080)
(1416, 4081)
(1416, 4082)
(1416, 4083)
(1416, 4084)
(1416, 4085)
(1416, 4086)
(1416, 4087)
(1416, 4088)
(1416, 4089)
(1416, 4090)
(1416, 4091)
(1416, 4092)
(1416, 4093)
(1416, 4094)
(1416, 4095)
(1416, 4096)
(1416, 4097)
(1416, 4098)
(1416, 4099)
(1416, 4100)
(1416, 4101)
(1416, 4102)
(1416, 4103)
(1416, 4104)
(1416, 4105)
(1416, 4106)
(1416, 4107)
(1416, 4108)
(1416, 4109)
(1417, 4110)
(1417, 4111)
(1416, 4112)
(1416, 4113)
(1416, 4114)
(1416, 4115)
(1416, 4116)
(1416, 4117)
(1416, 4118)
(1416, 4119)
(1416, 4120)
(1417, 4121)
(1416, 4122)
(1416, 4123)
(1416, 4124)
(1416, 4125)
(1416, 4126)
(1416, 4127)
(1416, 4128)
(1416, 4129)
(1416, 4130)
(1416, 4131)
(1416, 4132)
(1417, 4133)
(1417, 4134)
(1417, 4135)
(1416, 4136)
(1417, 4137)
(1416, 4138)
(1416, 4139)
(1416, 4140)
(1416, 4141)
(1417, 4142)
(1416, 4143)
(1416, 4144)
(1417, 4145)
(1417, 4146)
(1417, 4147)
(1416, 4148)
(1416, 4149)
(1416, 4150)
(1416, 4151)
(1416, 4152)
(1416, 4153)
(1417, 4154)
(1417, 4155)
(1417, 4156)
(1416, 4157)
(1416, 4158)
(1416, 4159)
(1416, 4160)
(1416, 4161)
(1417, 4162)
(1417, 4163)
(1417, 4164)
(1417, 4165)
(1416, 4166)
(1417, 4167)
(1417, 4168)
(1416, 4169)
(1416, 4170)
(1416, 4171)
(1416, 4172)
(1416, 4173)
(1416, 4174)
(1416, 4175)
(1416, 4176)
(1416, 4177)
(1416, 4178)
(1415, 4179)
(1416, 4180)
(1416, 4181)
(1417, 4182)
(1417, 4183)
(1417, 4184)
(1416, 4185)
(1416, 4186)
(1416, 4187)
(1417, 4188)
(1417, 4189)
(1417, 4190)
(1417, 4191)
(1417, 4192)
(1417, 4193)
(1417, 4194)
(1416, 4195)
(1416, 4196)
(1416, 4197)
(1416, 4198)
(1417, 4199)
(1417, 4200)
(1417, 4201)
(1416, 4202)
(1416, 4203)
(1417, 4204)
(1417, 4205)
(1417, 4206)
(1417, 4207)
(1417, 4208)
(1417, 4209)
(1417, 4210)
(1417, 4211)
(1417, 4212)
(1417, 4213)
(1417, 4214)
(1417, 4215)
(1417, 4216)
(1417, 4217)
(1417, 4218)
(1417, 4219)
(1417, 4220)
(1417, 4221)
(1417, 4222)
(1417, 4223)
(1417, 4224)
(1417, 4225)
(1417, 4226)
(1417, 4227)
(1416, 4228)
(1416, 4229)
(1416, 4230)
(1416, 4231)
(1416, 4232)
(1416, 4233)
(1416, 4234)
(1416, 4235)
(1416, 4236)
(1416, 4237)
(1417, 4238)
(1416, 4239)
(1416, 4240)
(1417, 4241)
(1417, 4242)
(1417, 4243)
(1417, 4244)
(1417, 4245)
(1417, 4246)
(1416, 4247)
(1417, 4248)
(1417, 4249)
(1417, 4250)
(1416, 4251)
(1417, 4252)
(1417, 4253)
(1417, 4254)
(1417, 4255)
(1417, 4256)
(1416, 4257)
(1415, 4258)
(1415, 4259)
(1416, 4260)
(1416, 4261)
(1416, 4262)
(1416, 4263)
(1416, 4264)
(1416, 4265)
(1416, 4266)
(1416, 4267)
(1416, 4268)
(1416, 4269)
(1416, 4270)
(1416, 4271)
(1416, 4272)
(1416, 4273)
(1416, 4274)
(1416, 4275)
(1416, 4276)
(1416, 4277)
(1416, 4278)
(1416, 4279)
(1416, 4280)
(1416, 4281)
(1416, 4282)
(1416, 4283)
(1416, 4284)
(1416, 4285)
(1416, 4286)
(1416, 4287)
(1416, 4288)
(1416, 4289)
(1417, 4290)
(1417, 4291)
(1417, 4292)
(1416, 4293)
(1416, 4294)
(1416, 4295)
(1417, 4296)
(1416, 4297)
(1416, 4298)
(1417, 4299)
(1417, 4300)
(1417, 4301)
(1417, 4302)
(1417, 4303)
(1417, 4304)
(1416, 4305)
(1416, 4306)
(1416, 4307)
(1416, 4308)
(1416, 4309)
(1417, 4310)
(1417, 4311)
(1417, 4312)
(1417, 4313)
(1417, 4314)
(1416, 4315)
(1416, 4316)
(1416, 4317)
(1416, 4318)
(1416, 4319)
(1416, 4320)
(1416, 4321)
(1416, 4322)
(1417, 4323)
(1417, 4324)
(1417, 4325)
(1417, 4326)
(1417, 4327)
(1417, 4328)
(1417, 4329)
(1417, 4330)
(1417, 4331)
(1417, 4332)
(1416, 4333)
(1416, 4334)
(1416, 4335)
(1416, 4336)
(1416, 4337)
(1416, 4338)
(1416, 4339)
(1417, 4340)
(1417, 4341)
(1416, 4342)
(1416, 4343)
(1416, 4344)
(1417, 4345)
(1417, 4346)
(1417, 4347)
(1417, 4348)
(1416, 4349)
(1416, 4350)
(1416, 4351)
(1416, 4352)
(1416, 4353)
(1417, 4354)
(1417, 4355)
(1417, 4356)
(1416, 4357)
(1416, 4358)
(1416, 4359)
(1416, 4360)
(1417, 4361)
(1417, 4362)
(1417, 4363)
(1416, 4364)
(1416, 4365)
(1417, 4366)
(1417, 4367)
(1417, 4368)
(1416, 4369)
(1416, 4370)
(1416, 4371)
(1416, 4372)
(1417, 4373)
(1417, 4374)
(1417, 4375)
(1417, 4376)
(1417, 4377)
(1417, 4378)
(1417, 4379)
(1417, 4380)
(1416, 4381)
(1416, 4382)
(1416, 4383)
(1416, 4384)
(1417, 4385)
(1417, 4386)
(1417, 4387)
(1416, 4388)
(1416, 4389)
(1416, 4390)
(1416, 4391)
(1416, 4392)
(1416, 4393)
(1416, 4394)
(1416, 4395)
(1416, 4396)
(1416, 4397)
(1416, 4398)
(1416, 4399)
(1416, 4400)
(1416, 4401)
(1416, 4402)
(1416, 4403)
(1416, 4404)
(1416, 4405)
(1416, 4406)
(1416, 4407)
(1416, 4408)
(1416, 4409)
(1416, 4410)
(1416, 4411)
(1416, 4412)
(1416, 4413)
(1416, 4414)
(1416, 4415)
(1416, 4416)
(1416, 4417)
(1416, 4418)
(1416, 4419)
(1416, 4420)
(1416, 4421)
(1416, 4422)
(1416, 4423)
(1416, 4424)
(1416, 4425)
(1416, 4426)
(1416, 4427)
(1416, 4428)
(1416, 4429)
(1416, 4430)
(1416, 4431)
(1416, 4432)
(1416, 4433)
(1416, 4434)
(1416, 4435)
(1416, 4436)
(1416, 4437)
(1416, 4438)
(1415, 4439)
(1414, 4442)
(1415, 4443)
(1416, 4444)
(1416, 4445)
(1416, 4446)
(1416, 4447)
(1416, 4448)
(1416, 4449)
(1416, 4450)
(1416, 4451)
(1416, 4452)
(1416, 4453)
(1416, 4454)
(1416, 4455)
(1416, 4456)
(1415, 4457)
(1415, 4458)
(1415, 4459)
(1415, 4460)
(1415, 4461)
(1415, 4462)
(1415, 4463)
(1415, 4464)
(1415, 4465)
(1416, 4466)
(1416, 4467)
(1416, 4468)
(1416, 4469)
(1415, 4470)
(1415, 4471)
(1416, 4472)
(1416, 4473)
(1416, 4474)
(1416, 4475)
(1415, 4476)
(1415, 4477)
(1415, 4478)
(1415, 4479)
(1415, 4480)
(1415, 4481)
(1415, 4482)
(1415, 4483)
(1415, 4484)
(1415, 4485)
(1415, 4486)
(1415, 4487)
(1415, 4488)
(1415, 4489)
(1415, 4490)
(1415, 4491)
(1415, 4492)
(1415, 4493)
(1415, 4494)
(1415, 4495)
(1415, 4496)
(1415, 4497)
(1415, 4498)
(1415, 4499)
(1415, 4500)
(1415, 4501)
(1415, 4502)
(1415, 4503)
(1415, 4504)
(1415, 4505)
(1415, 4506)
(1415, 4507)
(1415, 4508)
(1415, 4509)
(1415, 4510)
(1415, 4511)
(1415, 4512)
(1415, 4513)
(1415, 4514)
(1415, 4515)
(1415, 4516)
(1416, 4517)
(1416, 4518)
(1416, 4519)
(1415, 4520)
(1415, 4521)
(1415, 4522)
(1415, 4523)
(1415, 4524)
(1415, 4525)
(1415, 4526)
(1415, 4527)
(1415, 4528)
(1415, 4529)
(1415, 4530)
(1415, 4531)
(1415, 4532)
(1415, 4533)
(1415, 4534)
(1415, 4535)
(1415, 4536)
(1415, 4537)
(1421, 4538)
(1421, 4539)
(1421, 4540)
(1421, 4541)
(1421, 4542)
(1415, 4543)
(1415, 4544)
(1415, 4545)
(1415, 4546)
(1415, 4547)
(1415, 4548)
(1420, 4549)
(1420, 4550)
(1415, 4551)
(1415, 4552)
(1416, 4553)
(1415, 4554)
(1415, 4555)
(1415, 4556)
(1415, 4557)
(1421, 4558)
(1421, 4559)
(1421, 4560)
(1421, 4561)
(1421, 4562)
(1421, 4563)
(1421, 4564)
(1421, 4565)
(1415, 4566)
(1421, 4567)
(1421, 4568)
(1421, 4569)
(1415, 4570)
(1415, 4571)
(1421, 4572)
(1421, 4573)
(1421, 4574)
(1415, 4575)
(1415, 4576)
(1421, 4577)
(1421, 4578)
(1421, 4579)
(1421, 4580)
(1415, 4581)
(1421, 4582)
(1421, 4583)
(1421, 4584)
(1415, 4585)
(1415, 4586)
(1415, 4587)
(1415, 4588)
(1421, 4589)
(1421, 4590)
(1421, 4591)
(1415, 4592)
(1415, 4593)
(1421, 4594)
(1422, 4595)
(1422, 4596)
(1422, 4597)
(1421, 4598)
(1421, 4599)
(1422, 4600)
(1422, 4601)
(1421, 4602)
(1421, 4603)
(1421, 4604)
(1415, 4605)
(1415, 4606)
(1421, 4607)
(1421, 4608)
(1415, 4609)
(1415, 4610)
(1415, 4611)
(1421, 4612)
(1421, 4613)
(1421, 4614)
(1421, 4615)
(1421, 4616)
(1415, 4617)
(1415, 4618)
(1415, 4619)
(1413, 4620)
