Tam. img.: (910, 2380)
(698, 120)
(698, 121)
(698, 122)
(698, 123)
(698, 124)
(698, 125)
(698, 126)
(698, 127)
(698, 128)
(698, 129)
(698, 130)
(698, 131)
(698, 132)
(698, 133)
(698, 134)
(698, 135)
(698, 136)
(698, 137)
(698, 138)
(698, 139)
(698, 140)
(698, 141)
(698, 142)
(698, 143)
(698, 144)
(698, 145)
(699, 146)
(699, 147)
(699, 148)
(699, 149)
(699, 150)
(699, 151)
(698, 152)
(698, 153)
(699, 154)
(699, 155)
(699, 156)
(699, 157)
(699, 158)
(699, 159)
(699, 160)
(699, 161)
(698, 162)
(698, 163)
(698, 164)
(698, 165)
(698, 166)
(698, 167)
(698, 168)
(698, 169)
(698, 170)
(698, 171)
(698, 172)
(698, 173)
(697, 174)
(697, 175)
(697, 176)
(697, 177)
(698, 178)
(698, 179)
(698, 180)
(698, 181)
(698, 182)
(698, 183)
(698, 184)
(698, 185)
(697, 186)
(697, 187)
(697, 188)
(697, 189)
(697, 190)
(696, 191)
(696, 192)
(696, 193)
(696, 194)
(696, 195)
(696, 196)
(697, 197)
(697, 198)
(697, 199)
(697, 200)
(697, 201)
(697, 202)
(697, 203)
(697, 204)
(697, 205)
(697, 206)
(697, 207)
(697, 208)
(698, 209)
(697, 210)
(697, 211)
(697, 212)
(697, 213)
(697, 214)
(696, 215)
(696, 216)
(696, 217)
(696, 218)
(696, 219)
(696, 220)
(696, 221)
(696, 222)
(696, 223)
(696, 224)
(695, 225)
(696, 226)
(696, 227)
(695, 228)
(695, 229)
(695, 230)
(695, 231)
(695, 232)
(695, 233)
(695, 234)
(695, 235)
(695, 236)
(695, 237)
(695, 238)
(695, 239)
(695, 240)
(695, 241)
(695, 242)
(695, 243)
(695, 244)
(695, 245)
(695, 246)
(695, 247)
(695, 248)
(695, 249)
(695, 250)
(695, 251)
(695, 252)
(695, 253)
(696, 254)
(696, 255)
(696, 256)
(696, 257)
(696, 258)
(696, 259)
(696, 260)
(696, 261)
(696, 262)
(696, 263)
(696, 264)
(695, 265)
(695, 266)
(695, 267)
(695, 268)
(695, 269)
(695, 270)
(695, 271)
(695, 272)
(695, 273)
(695, 274)
(695, 275)
(695, 276)
(695, 277)
(695, 278)
(694, 279)
(694, 280)
(694, 281)
(694, 282)
(693, 283)
(693, 284)
(693, 285)
(693, 286)
(693, 287)
(693, 288)
(693, 289)
(693, 290)
(693, 291)
(693, 292)
(693, 293)
(693, 294)
(693, 295)
(693, 296)
(693, 297)
(693, 298)
(694, 299)
(694, 300)
(694, 301)
(694, 302)
(694, 303)
(694, 304)
(694, 305)
(694, 306)
(694, 307)
(694, 308)
(694, 309)
(694, 310)
(693, 311)
(693, 312)
(693, 313)
(693, 314)
(693, 315)
(692, 316)
(692, 317)
(692, 318)
(692, 319)
(692, 320)
(692, 321)
(692, 322)
(692, 323)
(692, 324)
(692, 325)
(692, 326)
(691, 327)
(691, 328)
(691, 329)
(691, 330)
(691, 331)
(691, 332)
(691, 333)
(691, 334)
(691, 335)
(691, 336)
(691, 337)
(691, 338)
(691, 339)
(691, 340)
(691, 341)
(691, 342)
(691, 343)
(690, 344)
(690, 345)
(690, 346)
(690, 347)
(690, 348)
(690, 349)
(690, 350)
(690, 351)
(690, 352)
(690, 353)
(690, 354)
(690, 355)
(690, 356)
(690, 357)
(690, 358)
(690, 359)
(689, 360)
(689, 361)
(689, 362)
(689, 363)
(689, 364)
(689, 365)
(689, 366)
(689, 367)
(688, 368)
(688, 369)
(688, 370)
(688, 371)
(688, 372)
(688, 373)
(688, 374)
(687, 375)
(687, 376)
(687, 377)
(687, 378)
(687, 379)
(687, 380)
(687, 381)
(687, 382)
(687, 383)
(686, 384)
(686, 385)
(687, 386)
(687, 387)
(686, 388)
(686, 389)
(686, 390)
(686, 391)
(686, 392)
(686, 393)
(686, 394)
(686, 395)
(686, 396)
(686, 397)
(686, 398)
(686, 399)
(686, 400)
(685, 401)
(685, 402)
(685, 403)
(685, 404)
(685, 405)
(685, 406)
(685, 407)
(685, 408)
(686, 409)
(686, 410)
(686, 411)
(686, 412)
(686, 413)
(686, 414)
(686, 415)
(686, 416)
(686, 417)
(686, 418)
(686, 419)
(686, 420)
(686, 421)
(686, 422)
(685, 423)
(685, 424)
(685, 425)
(685, 426)
(685, 427)
(685, 428)
(685, 429)
(685, 430)
(685, 431)
(685, 432)
(685, 433)
(685, 434)
(685, 435)
(684, 436)
(684, 437)
(685, 438)
(685, 439)
(685, 440)
(685, 441)
(685, 442)
(685, 443)
(685, 444)
(685, 445)
(685, 446)
(685, 447)
(685, 448)
(684, 449)
(684, 450)
(684, 451)
(684, 452)
(684, 453)
(684, 454)
(684, 455)
(684, 456)
(684, 457)
(684, 458)
(684, 459)
(684, 460)
(684, 461)
(684, 462)
(684, 463)
(684, 464)
(684, 465)
(684, 466)
(684, 467)
(684, 468)
(684, 469)
(684, 470)
(684, 471)
(684, 472)
(684, 473)
(684, 474)
(684, 475)
(685, 476)
(685, 477)
(684, 478)
(684, 479)
(684, 480)
(684, 481)
(684, 482)
(684, 483)
(683, 484)
(683, 485)
(683, 486)
(683, 487)
(683, 488)
(682, 489)
(682, 490)
(682, 491)
(682, 492)
(682, 493)
(682, 494)
(682, 495)
(682, 496)
(682, 497)
(682, 498)
(682, 499)
(682, 500)
(682, 501)
(682, 502)
(682, 503)
(682, 504)
(682, 505)
(682, 506)
(682, 507)
(683, 508)
(683, 509)
(683, 510)
(683, 511)
(683, 512)
(683, 513)
(683, 514)
(683, 515)
(683, 516)
(683, 517)
(683, 518)
(683, 519)
(683, 520)
(683, 521)
(683, 522)
(683, 523)
(683, 524)
(683, 525)
(683, 526)
(683, 527)
(684, 528)
(684, 529)
(684, 530)
(684, 531)
(684, 532)
(684, 533)
(684, 534)
(684, 535)
(684, 536)
(684, 537)
(684, 538)
(683, 539)
(683, 540)
(683, 541)
(683, 542)
(683, 543)
(683, 544)
(683, 545)
(683, 546)
(683, 547)
(683, 548)
(683, 549)
(683, 550)
(683, 551)
(683, 552)
(683, 553)
(683, 554)
(683, 555)
(683, 556)
(683, 557)
(683, 558)
(683, 559)
(683, 560)
(683, 561)
(683, 562)
(683, 563)
(683, 564)
(683, 565)
(683, 566)
(683, 567)
(683, 568)
(683, 569)
(683, 570)
(683, 571)
(683, 572)
(683, 573)
(683, 574)
(682, 575)
(683, 576)
(683, 577)
(683, 578)
(683, 579)
(683, 580)
(683, 581)
(683, 582)
(683, 583)
(683, 584)
(683, 585)
(683, 586)
(683, 587)
(683, 588)
(683, 589)
(683, 590)
(683, 591)
(683, 592)
(683, 593)
(683, 594)
(683, 595)
(683, 596)
(683, 597)
(683, 598)
(683, 599)
(683, 600)
(683, 601)
(683, 602)
(683, 603)
(683, 604)
(683, 605)
(683, 606)
(683, 607)
(683, 608)
(683, 609)
(683, 610)
(683, 611)
(683, 612)
(684, 613)
(684, 614)
(684, 615)
(684, 616)
(684, 617)
(684, 618)
(684, 619)
(684, 620)
(684, 621)
(685, 622)
(685, 623)
(685, 624)
(685, 625)
(685, 626)
(685, 627)
(685, 628)
(685, 629)
(685, 630)
(685, 631)
(685, 632)
(685, 633)
(685, 634)
(686, 635)
(686, 636)
(686, 637)
(686, 638)
(686, 639)
(686, 640)
(686, 641)
(686, 642)
(686, 643)
(686, 644)
(686, 645)
(687, 646)
(687, 647)
(687, 648)
(687, 649)
(687, 650)
(687, 651)
(687, 652)
(687, 653)
(687, 654)
(687, 655)
(687, 656)
(687, 657)
(687, 658)
(688, 659)
(688, 660)
(688, 661)
(688, 662)
(688, 663)
(687, 664)
(688, 665)
(688, 666)
(688, 667)
(688, 668)
(688, 669)
(688, 670)
(688, 671)
(688, 672)
(688, 673)
(688, 674)
(688, 675)
(688, 676)
(688, 677)
(688, 678)
(688, 679)
(688, 680)
(688, 681)
(688, 682)
(688, 683)
(688, 684)
(688, 685)
(688, 686)
(688, 687)
(688, 688)
(688, 689)
(688, 690)
(688, 691)
(687, 692)
(687, 693)
(687, 694)
(687, 695)
(687, 696)
(687, 697)
(688, 698)
(688, 699)
(688, 700)
(687, 701)
(687, 702)
(687, 703)
(687, 704)
(687, 705)
(687, 706)
(687, 707)
(687, 708)
(687, 709)
(687, 710)
(687, 711)
(687, 712)
(687, 713)
(687, 714)
(687, 715)
(687, 716)
(687, 717)
(687, 718)
(687, 719)
(687, 720)
(687, 721)
(687, 722)
(687, 723)
(687, 724)
(687, 725)
(687, 726)
(687, 727)
(687, 728)
(687, 729)
(687, 730)
(687, 731)
(687, 732)
(687, 733)
(687, 734)
(687, 735)
(687, 736)
(687, 737)
(686, 738)
(686, 739)
(686, 740)
(686, 741)
(686, 742)
(686, 743)
(686, 744)
(686, 745)
(686, 746)
(686, 747)
(686, 748)
(686, 749)
(686, 750)
(686, 751)
(686, 752)
(686, 753)
(686, 754)
(686, 755)
(686, 756)
(685, 757)
(686, 758)
(686, 759)
(685, 760)
(685, 761)
(685, 762)
(685, 763)
(685, 764)
(685, 765)
(685, 766)
(685, 767)
(685, 768)
(685, 769)
(685, 770)
(685, 771)
(685, 772)
(685, 773)
(686, 774)
(686, 775)
(686, 776)
(686, 777)
(686, 778)
(686, 779)
(686, 780)
(686, 781)
(686, 782)
(686, 783)
(686, 784)
(686, 785)
(686, 786)
(686, 787)
(686, 788)
(686, 789)
(686, 790)
(686, 791)
(686, 792)
(686, 793)
(686, 794)
(686, 795)
(685, 796)
(685, 797)
(686, 798)
(686, 799)
(686, 800)
(685, 801)
(685, 802)
(685, 803)
(685, 804)
(685, 805)
(685, 806)
(685, 807)
(685, 808)
(685, 809)
(686, 810)
(686, 811)
(686, 812)
(686, 813)
(686, 814)
(686, 815)
(686, 816)
(685, 817)
(685, 818)
(685, 819)
(685, 820)
(685, 821)
(685, 822)
(685, 823)
(685, 824)
(685, 825)
(685, 826)
(685, 827)
(685, 828)
(685, 829)
(685, 830)
(685, 831)
(685, 832)
(686, 833)
(686, 834)
(686, 835)
(686, 836)
(686, 837)
(686, 838)
(686, 839)
(686, 840)
(686, 841)
(686, 842)
(686, 843)
(686, 844)
(686, 845)
(686, 846)
(686, 847)
(686, 848)
(686, 849)
(686, 850)
(686, 851)
(686, 852)
(686, 853)
(686, 854)
(686, 855)
(686, 856)
(686, 857)
(686, 858)
(686, 859)
(687, 860)
(687, 861)
(687, 862)
(687, 863)
(687, 864)
(687, 865)
(687, 866)
(687, 867)
(687, 868)
(687, 869)
(687, 870)
(687, 871)
(687, 872)
(687, 873)
(687, 874)
(687, 875)
(687, 876)
(687, 877)
(687, 878)
(687, 879)
(687, 880)
(687, 881)
(688, 882)
(688, 883)
(688, 884)
(688, 885)
(688, 886)
(688, 887)
(688, 888)
(687, 889)
(688, 890)
(688, 891)
(688, 892)
(688, 893)
(688, 894)
(688, 895)
(688, 896)
(688, 897)
(688, 898)
(688, 899)
(688, 900)
(688, 901)
(688, 902)
(688, 903)
(688, 904)
(688, 905)
(688, 906)
(688, 907)
(688, 908)
(688, 909)
(688, 910)
(688, 911)
(688, 912)
(689, 913)
(689, 914)
(689, 915)
(689, 916)
(689, 917)
(689, 918)
(689, 919)
(689, 920)
(689, 921)
(689, 922)
(689, 923)
(689, 924)
(689, 925)
(689, 926)
(689, 927)
(689, 928)
(690, 929)
(690, 930)
(690, 931)
(690, 932)
(690, 933)
(690, 934)
(690, 935)
(690, 936)
(690, 937)
(690, 938)
(690, 939)
(690, 940)
(690, 941)
(690, 942)
(690, 943)
(690, 944)
(690, 945)
(690, 946)
(690, 947)
(690, 948)
(690, 949)
(690, 950)
(690, 951)
(690, 952)
(690, 953)
(690, 954)
(690, 955)
(691, 956)
(691, 957)
(691, 958)
(691, 959)
(691, 960)
(691, 961)
(691, 962)
(691, 963)
(691, 964)
(691, 965)
(692, 966)
(692, 967)
(692, 968)
(692, 969)
(692, 970)
(692, 971)
(692, 972)
(692, 973)
(692, 974)
(692, 975)
(692, 976)
(692, 977)
(692, 978)
(692, 979)
(692, 980)
(692, 981)
(692, 982)
(692, 983)
(693, 984)
(693, 985)
(692, 986)
(692, 987)
(692, 988)
(692, 989)
(692, 990)
(693, 991)
(693, 992)
(693, 993)
(693, 994)
(693, 995)
(693, 996)
(693, 997)
(693, 998)
(693, 999)
(693, 1000)
(693, 1001)
(693, 1002)
(693, 1003)
(693, 1004)
(693, 1005)
(693, 1006)
(693, 1007)
(693, 1008)
(693, 1009)
(693, 1010)
(693, 1011)
(693, 1012)
(693, 1013)
(693, 1014)
(693, 1015)
(693, 1016)
(693, 1017)
(693, 1018)
(694, 1019)
(694, 1020)
(694, 1021)
(694, 1022)
(694, 1023)
(694, 1024)
(694, 1025)
(694, 1026)
(694, 1027)
(694, 1028)
(694, 1029)
(694, 1030)
(693, 1031)
(694, 1032)
(694, 1033)
(694, 1034)
(694, 1035)
(694, 1036)
(694, 1037)
(694, 1038)
(694, 1039)
(694, 1040)
(694, 1041)
(693, 1042)
(694, 1043)
(694, 1044)
(693, 1045)
(693, 1046)
(693, 1047)
(693, 1048)
(694, 1049)
(694, 1050)
(694, 1051)
(694, 1052)
(694, 1053)
(694, 1054)
(694, 1055)
(694, 1056)
(694, 1057)
(694, 1058)
(694, 1059)
(694, 1060)
(694, 1061)
(694, 1062)
(694, 1063)
(694, 1064)
(694, 1065)
(694, 1066)
(694, 1067)
(694, 1068)
(694, 1069)
(694, 1070)
(694, 1071)
(694, 1072)
(694, 1073)
(694, 1074)
(694, 1075)
(694, 1076)
(694, 1077)
(694, 1078)
(694, 1079)
(695, 1080)
(695, 1081)
(695, 1082)
(695, 1083)
(695, 1084)
(695, 1085)
(694, 1086)
(694, 1087)
(694, 1088)
(694, 1089)
(694, 1090)
(694, 1091)
(694, 1092)
(694, 1093)
(694, 1094)
(694, 1095)
(694, 1096)
(694, 1097)
(694, 1098)
(694, 1099)
(694, 1100)
(694, 1101)
(695, 1102)
(695, 1103)
(695, 1104)
(695, 1105)
(694, 1106)
(694, 1107)
(694, 1108)
(694, 1109)
(694, 1110)
(694, 1111)
(694, 1112)
(694, 1113)
(694, 1114)
(694, 1115)
(694, 1116)
(694, 1117)
(694, 1118)
(694, 1119)
(694, 1120)
(694, 1121)
(694, 1122)
(694, 1123)
(694, 1124)
(694, 1125)
(694, 1126)
(694, 1127)
(694, 1128)
(694, 1129)
(694, 1130)
(694, 1131)
(694, 1132)
(694, 1133)
(694, 1134)
(694, 1135)
(694, 1136)
(694, 1137)
(694, 1138)
(694, 1139)
(694, 1140)
(695, 1141)
(695, 1142)
(695, 1143)
(695, 1144)
(695, 1145)
(695, 1146)
(695, 1147)
(695, 1148)
(695, 1149)
(695, 1150)
(695, 1151)
(695, 1152)
(695, 1153)
(695, 1154)
(695, 1155)
(695, 1156)
(695, 1157)
(695, 1158)
(695, 1159)
(695, 1160)
(695, 1161)
(695, 1162)
(695, 1163)
(695, 1164)
(695, 1165)
(695, 1166)
(695, 1167)
(694, 1168)
(694, 1169)
(694, 1170)
(694, 1171)
(694, 1172)
(694, 1173)
(694, 1174)
(694, 1175)
(694, 1176)
(694, 1177)
(694, 1178)
(694, 1179)
(694, 1180)
(695, 1181)
(694, 1182)
(694, 1183)
(694, 1184)
(694, 1185)
(694, 1186)
(694, 1187)
(694, 1188)
(694, 1189)
(694, 1190)
(694, 1191)
(694, 1192)
(694, 1193)
(694, 1194)
(694, 1195)
(694, 1196)
(694, 1197)
(694, 1198)
(694, 1199)
(694, 1200)
(694, 1201)
(694, 1202)
(694, 1203)
(694, 1204)
(694, 1205)
(694, 1206)
(693, 1207)
(693, 1208)
(693, 1209)
(693, 1210)
(693, 1211)
(693, 1212)
(693, 1213)
(693, 1214)
(693, 1215)
(693, 1216)
(693, 1217)
(693, 1218)
(693, 1219)
(693, 1220)
(693, 1221)
(693, 1222)
(693, 1223)
(693, 1224)
(693, 1225)
(693, 1226)
(693, 1227)
(693, 1228)
(693, 1229)
(693, 1230)
(693, 1231)
(693, 1232)
(693, 1233)
(693, 1234)
(694, 1235)
(694, 1236)
(694, 1237)
(694, 1238)
(694, 1239)
(694, 1240)
(694, 1241)
(694, 1242)
(694, 1243)
(694, 1244)
(694, 1245)
(694, 1246)
(694, 1247)
(694, 1248)
(695, 1249)
(695, 1250)
(695, 1251)
(695, 1252)
(695, 1253)
(695, 1254)
(695, 1255)
(695, 1256)
(695, 1257)
(695, 1258)
(695, 1259)
(695, 1260)
(695, 1261)
(695, 1262)
(695, 1263)
(695, 1264)
(695, 1265)
(695, 1266)
(695, 1267)
(695, 1268)
(695, 1269)
(695, 1270)
(695, 1271)
(695, 1272)
(695, 1273)
(695, 1274)
(695, 1275)
(695, 1276)
(695, 1277)
(695, 1278)
(695, 1279)
(695, 1280)
(695, 1281)
(695, 1282)
(695, 1283)
(695, 1284)
(696, 1285)
(696, 1286)
(696, 1287)
(696, 1288)
(696, 1289)
(697, 1290)
(697, 1291)
(697, 1292)
(697, 1293)
(698, 1294)
(696, 1295)
(696, 1296)
(696, 1297)
(696, 1298)
(696, 1299)
(696, 1300)
(696, 1301)
(696, 1302)
(696, 1303)
(697, 1304)
(697, 1305)
(698, 1306)
(698, 1307)
(698, 1308)
(697, 1309)
(697, 1310)
(697, 1311)
(697, 1312)
(698, 1313)
(698, 1314)
(698, 1315)
(698, 1316)
(698, 1317)
(698, 1318)
(698, 1319)
(698, 1320)
(698, 1321)
(698, 1322)
(697, 1323)
(697, 1324)
(696, 1325)
(696, 1326)
(696, 1327)
(696, 1328)
(696, 1329)
(696, 1330)
(696, 1331)
(696, 1332)
(696, 1333)
(698, 1334)
(698, 1335)
(698, 1336)
(698, 1337)
(698, 1338)
(698, 1339)
(698, 1340)
(697, 1341)
(697, 1342)
(697, 1343)
(697, 1344)
(697, 1345)
(697, 1346)
(697, 1347)
(697, 1348)
(697, 1349)
(697, 1350)
(697, 1351)
(697, 1352)
(697, 1353)
(697, 1354)
(697, 1355)
(697, 1356)
(697, 1357)
(697, 1358)
(697, 1359)
(697, 1360)
(697, 1361)
(697, 1362)
(697, 1363)
(697, 1364)
(697, 1365)
(697, 1366)
(697, 1367)
(698, 1368)
(698, 1369)
(698, 1370)
(698, 1371)
(698, 1372)
(698, 1373)
(698, 1374)
(698, 1375)
(698, 1376)
(698, 1377)
(698, 1378)
(698, 1379)
(698, 1380)
(698, 1381)
(698, 1382)
(698, 1383)
(698, 1384)
(697, 1385)
(697, 1386)
(697, 1387)
(697, 1388)
(697, 1389)
(697, 1390)
(697, 1391)
(697, 1392)
(697, 1393)
(697, 1394)
(697, 1395)
(697, 1396)
(697, 1397)
(697, 1398)
(697, 1399)
(697, 1400)
(697, 1401)
(697, 1402)
(697, 1403)
(697, 1404)
(697, 1405)
(697, 1406)
(697, 1407)
(697, 1408)
(697, 1409)
(697, 1410)
(697, 1411)
(697, 1412)
(697, 1413)
(697, 1414)
(697, 1415)
(697, 1416)
(697, 1417)
(697, 1418)
(697, 1419)
(697, 1420)
(697, 1421)
(697, 1422)
(697, 1423)
(697, 1424)
(697, 1425)
(698, 1426)
(698, 1427)
(698, 1428)
(698, 1429)
(698, 1430)
(698, 1431)
(697, 1432)
(697, 1433)
(697, 1434)
(697, 1435)
(697, 1436)
(697, 1437)
(697, 1438)
(697, 1439)
(697, 1440)
(697, 1441)
(697, 1442)
(697, 1443)
(697, 1444)
(697, 1445)
(697, 1446)
(697, 1447)
(697, 1448)
(697, 1449)
(697, 1450)
(697, 1451)
(697, 1452)
(697, 1453)
(697, 1454)
(697, 1455)
(697, 1456)
(697, 1457)
(697, 1458)
(697, 1459)
(697, 1460)
(697, 1461)
(697, 1462)
(697, 1463)
(697, 1464)
(697, 1465)
(697, 1466)
(697, 1467)
(696, 1468)
(696, 1469)
(696, 1470)
(696, 1471)
(696, 1472)
(696, 1473)
(696, 1474)
(696, 1475)
(696, 1476)
(694, 1477)
(694, 1478)
(694, 1479)
(696, 1480)
(696, 1481)
(696, 1482)
(696, 1483)
(696, 1484)
(696, 1485)
(696, 1486)
(696, 1487)
(696, 1488)
(696, 1489)
(695, 1490)
(696, 1491)
(696, 1492)
(696, 1493)
(696, 1494)
(695, 1495)
(695, 1496)
(695, 1497)
(695, 1498)
(695, 1499)
(695, 1500)
(695, 1501)
(695, 1502)
(695, 1503)
(695, 1504)
(695, 1505)
(695, 1506)
(695, 1507)
(695, 1508)
(695, 1509)
(696, 1510)
(696, 1511)
(696, 1512)
(696, 1513)
(696, 1514)
(696, 1515)
(696, 1516)
(696, 1517)
(696, 1518)
(696, 1519)
(696, 1520)
(696, 1521)
(696, 1522)
(696, 1523)
(696, 1524)
(696, 1525)
(696, 1526)
(696, 1527)
(696, 1528)
(696, 1529)
(696, 1530)
(696, 1531)
(696, 1532)
(696, 1533)
(696, 1534)
(696, 1535)
(696, 1536)
(696, 1537)
(696, 1538)
(696, 1539)
(696, 1540)
(696, 1541)
(696, 1542)
(696, 1543)
(696, 1544)
(696, 1545)
(696, 1546)
(696, 1547)
(696, 1548)
(696, 1549)
(695, 1550)
(695, 1551)
(695, 1552)
(695, 1553)
(695, 1554)
(695, 1555)
(695, 1556)
(695, 1557)
(694, 1558)
(694, 1559)
(694, 1560)
(694, 1561)
(694, 1562)
(694, 1563)
(694, 1564)
(694, 1565)
(694, 1566)
(694, 1567)
(695, 1568)
(695, 1569)
(695, 1570)
(695, 1571)
(695, 1572)
(695, 1573)
(695, 1574)
(695, 1575)
(695, 1576)
(695, 1577)
(695, 1578)
(695, 1579)
(695, 1580)
(695, 1581)
(695, 1582)
(695, 1583)
(695, 1584)
(694, 1585)
(694, 1586)
(694, 1587)
(694, 1588)
(694, 1589)
(694, 1590)
(694, 1591)
(695, 1592)
(695, 1593)
(695, 1594)
(695, 1595)
(695, 1596)
(695, 1597)
(695, 1598)
(695, 1599)
(695, 1600)
(695, 1601)
(695, 1602)
(695, 1603)
(695, 1604)
(695, 1605)
(695, 1606)
(695, 1607)
(695, 1608)
(695, 1609)
(695, 1610)
(695, 1611)
(695, 1612)
(695, 1613)
(695, 1614)
(695, 1615)
(695, 1616)
(695, 1617)
(695, 1618)
(695, 1619)
(695, 1620)
(695, 1621)
(695, 1622)
(695, 1623)
(695, 1624)
(695, 1625)
(695, 1626)
(695, 1627)
(695, 1628)
(695, 1629)
(695, 1630)
(695, 1631)
(695, 1632)
(695, 1633)
(695, 1634)
(695, 1635)
(695, 1636)
(695, 1637)
(695, 1638)
(695, 1639)
(695, 1640)
(695, 1641)
(695, 1642)
(695, 1643)
(695, 1644)
(695, 1645)
(695, 1646)
(695, 1647)
(695, 1648)
(695, 1649)
(695, 1650)
(695, 1651)
(695, 1652)
(695, 1653)
(695, 1654)
(695, 1655)
(695, 1656)
(695, 1657)
(695, 1658)
(695, 1659)
(695, 1660)
(695, 1661)
(695, 1662)
(695, 1663)
(695, 1664)
(695, 1665)
(695, 1666)
(695, 1667)
(695, 1668)
(695, 1669)
(695, 1670)
(694, 1671)
(694, 1672)
(695, 1673)
(695, 1674)
(695, 1675)
(695, 1676)
(695, 1677)
(695, 1678)
(695, 1679)
(695, 1680)
(695, 1681)
(695, 1682)
(695, 1683)
(695, 1684)
(695, 1685)
(695, 1686)
(695, 1687)
(695, 1688)
(695, 1689)
(695, 1690)
(695, 1691)
(696, 1692)
(696, 1693)
(696, 1694)
(696, 1695)
(696, 1696)
(695, 1697)
(695, 1698)
(696, 1699)
(696, 1700)
(696, 1701)
(696, 1702)
(696, 1703)
(696, 1704)
(695, 1705)
(695, 1706)
(695, 1707)
(695, 1708)
(695, 1709)
(696, 1710)
(696, 1711)
(695, 1712)
(695, 1713)
(695, 1714)
(696, 1715)
(696, 1716)
(696, 1717)
(696, 1718)
(696, 1719)
(696, 1720)
(696, 1721)
(696, 1722)
(696, 1723)
(696, 1724)
(696, 1725)
(696, 1726)
(696, 1727)
(696, 1728)
(696, 1729)
(696, 1730)
(696, 1731)
(696, 1732)
(696, 1733)
(696, 1734)
(696, 1735)
(696, 1736)
(696, 1737)
(696, 1738)
(696, 1739)
(696, 1740)
(696, 1741)
(696, 1742)
(695, 1743)
(695, 1744)
(696, 1745)
(696, 1746)
(696, 1747)
(696, 1748)
(696, 1749)
(696, 1750)
(695, 1751)
(695, 1752)
(696, 1753)
(696, 1754)
(696, 1755)
(696, 1756)
(696, 1757)
(696, 1758)
(695, 1759)
(695, 1760)
(695, 1761)
(695, 1762)
(695, 1763)
(695, 1764)
(695, 1765)
(695, 1766)
(695, 1767)
(695, 1768)
(695, 1769)
(695, 1770)
(695, 1771)
(695, 1772)
(695, 1773)
(695, 1774)
(695, 1775)
(695, 1776)
(695, 1777)
(695, 1778)
(695, 1779)
(695, 1780)
(695, 1781)
(695, 1782)
(695, 1783)
(695, 1784)
(695, 1785)
(695, 1786)
(695, 1787)
(695, 1788)
(695, 1789)
(695, 1790)
(695, 1791)
(695, 1792)
(695, 1793)
(695, 1794)
(695, 1795)
(695, 1796)
(695, 1797)
(695, 1798)
(695, 1799)
(695, 1800)
(696, 1801)
(696, 1802)
(696, 1803)
(696, 1804)
(695, 1805)
(695, 1806)
(696, 1807)
(696, 1808)
(696, 1809)
(696, 1810)
(696, 1811)
(696, 1812)
(696, 1813)
(696, 1814)
(696, 1815)
(696, 1816)
(696, 1817)
(696, 1818)
(696, 1819)
(696, 1820)
(696, 1821)
(696, 1822)
(695, 1823)
(695, 1824)
(695, 1825)
(695, 1826)
(695, 1827)
(695, 1828)
(695, 1829)
(695, 1830)
(695, 1831)
(695, 1832)
(695, 1833)
(695, 1834)
(695, 1835)
(695, 1836)
(695, 1837)
(695, 1838)
(695, 1839)
(695, 1840)
(695, 1841)
(695, 1842)
(695, 1843)
(695, 1844)
(695, 1845)
(695, 1846)
(695, 1847)
(695, 1848)
(695, 1849)
(696, 1850)
(696, 1851)
(695, 1852)
(695, 1853)
(695, 1854)
(695, 1855)
(695, 1856)
(695, 1857)
(695, 1858)
(695, 1859)
(695, 1860)
(695, 1861)
(695, 1862)
(695, 1863)
(695, 1864)
(695, 1865)
(696, 1866)
(696, 1867)
(696, 1868)
(696, 1869)
(696, 1870)
(696, 1871)
(696, 1872)
(696, 1873)
(696, 1874)
(696, 1875)
(696, 1876)
(696, 1877)
(696, 1878)
(696, 1879)
(696, 1880)
(696, 1881)
(696, 1882)
(696, 1883)
(696, 1884)
(696, 1885)
(696, 1886)
(696, 1887)
(696, 1888)
(695, 1889)
(695, 1890)
(695, 1891)
(695, 1892)
(695, 1893)
(695, 1894)
(695, 1895)
(695, 1896)
(695, 1897)
(695, 1898)
(695, 1899)
(695, 1900)
(695, 1901)
(695, 1902)
(695, 1903)
(695, 1904)
(695, 1905)
(695, 1906)
(695, 1907)
(695, 1908)
(695, 1909)
(695, 1910)
(695, 1911)
(695, 1912)
(694, 1913)
(694, 1914)
(694, 1915)
(694, 1916)
(694, 1917)
(694, 1918)
(694, 1919)
(694, 1920)
(694, 1921)
(694, 1922)
(694, 1923)
(694, 1924)
(694, 1925)
(694, 1926)
(694, 1927)
(694, 1928)
(694, 1929)
(694, 1930)
(694, 1931)
(694, 1932)
(695, 1933)
(695, 1934)
(695, 1935)
(695, 1936)
(695, 1937)
(695, 1938)
(695, 1939)
(695, 1940)
(695, 1941)
(695, 1942)
(695, 1943)
(695, 1944)
(694, 1945)
(694, 1946)
(695, 1947)
(695, 1948)
(695, 1949)
(695, 1950)
(695, 1951)
(695, 1952)
(695, 1953)
(695, 1954)
(695, 1955)
(695, 1956)
(695, 1957)
(695, 1958)
(695, 1959)
(695, 1960)
(695, 1961)
(695, 1962)
(696, 1963)
(696, 1964)
(696, 1965)
(696, 1966)
(696, 1967)
(696, 1968)
(696, 1969)
(696, 1970)
(696, 1971)
(696, 1972)
(696, 1973)
(696, 1974)
(696, 1975)
(696, 1976)
(696, 1977)
(696, 1978)
(696, 1979)
(696, 1980)
(696, 1981)
(696, 1982)
(696, 1983)
(696, 1984)
(696, 1985)
(696, 1986)
(696, 1987)
(696, 1988)
(696, 1989)
(696, 1990)
(696, 1991)
(696, 1992)
(696, 1993)
(696, 1994)
(696, 1995)
(696, 1996)
(696, 1997)
(696, 1998)
(696, 1999)
(696, 2000)
(696, 2001)
(696, 2002)
(696, 2003)
(696, 2004)
(696, 2005)
(696, 2006)
(696, 2007)
(696, 2008)
(696, 2009)
(696, 2010)
(696, 2011)
(696, 2012)
(696, 2013)
(696, 2014)
(696, 2015)
(696, 2016)
(696, 2017)
(696, 2018)
(696, 2019)
(696, 2020)
(696, 2021)
(696, 2022)
(696, 2023)
(696, 2024)
(695, 2025)
(695, 2026)
(696, 2027)
(696, 2028)
(695, 2029)
(695, 2030)
(695, 2031)
(696, 2032)
(696, 2033)
(696, 2034)
(696, 2035)
(695, 2036)
(695, 2037)
(696, 2038)
(696, 2039)
(696, 2040)
(696, 2041)
(696, 2042)
(696, 2043)
(695, 2044)
(695, 2045)
(695, 2046)
(695, 2047)
(695, 2048)
(695, 2049)
(695, 2050)
(695, 2051)
(695, 2052)
(695, 2053)
(695, 2054)
(695, 2055)
(695, 2056)
(695, 2057)
(695, 2058)
(695, 2059)
(695, 2060)
(695, 2061)
(695, 2062)
(695, 2063)
(694, 2064)
(694, 2065)
(694, 2066)
(694, 2067)
(694, 2068)
(694, 2069)
(694, 2070)
(694, 2071)
(694, 2072)
(694, 2073)
(694, 2074)
(694, 2075)
(694, 2076)
(694, 2077)
(694, 2078)
(694, 2079)
(694, 2080)
(694, 2081)
(694, 2082)
(694, 2083)
(694, 2084)
(694, 2085)
(693, 2086)
(693, 2087)
(693, 2088)
(693, 2089)
(693, 2090)
(693, 2091)
(693, 2092)
(693, 2093)
(693, 2094)
(693, 2095)
(692, 2096)
(692, 2097)
(692, 2098)
(692, 2099)
(692, 2100)
(692, 2101)
(693, 2102)
(693, 2103)
(693, 2104)
(693, 2105)
(693, 2106)
(693, 2107)
(693, 2108)
(693, 2109)
(693, 2110)
(693, 2111)
(693, 2112)
(693, 2113)
(693, 2114)
(694, 2115)
(694, 2116)
(693, 2117)
(693, 2118)
(693, 2119)
(693, 2120)
(693, 2121)
(694, 2122)
(694, 2123)
(694, 2124)
(694, 2125)
(694, 2126)
(694, 2127)
(694, 2128)
(693, 2129)
(693, 2130)
(693, 2131)
(693, 2132)
(693, 2133)
(693, 2134)
(693, 2135)
(692, 2136)
(692, 2137)
(692, 2138)
(692, 2139)
(692, 2140)
(692, 2141)
(692, 2142)
(692, 2143)
(692, 2144)
(692, 2145)
(692, 2146)
(692, 2147)
(693, 2148)
(693, 2149)
(693, 2150)
(693, 2151)
(694, 2152)
(694, 2153)
(693, 2154)
(693, 2155)
(693, 2156)
(693, 2157)
(693, 2158)
(693, 2159)
(693, 2160)
(693, 2161)
(693, 2162)
(693, 2163)
(693, 2164)
(693, 2165)
(693, 2166)
(693, 2167)
(693, 2168)
(693, 2169)
(693, 2170)
(693, 2171)
(693, 2172)
(693, 2173)
(694, 2174)
(694, 2175)
(694, 2176)
(694, 2177)
(694, 2178)
(694, 2179)
(693, 2180)
(693, 2181)
(693, 2182)
(693, 2183)
(693, 2184)
(693, 2185)
(693, 2186)
(693, 2187)
(693, 2188)
(693, 2189)
(693, 2190)
(694, 2191)
(694, 2192)
(693, 2193)
(694, 2194)
(694, 2195)
(694, 2196)
(694, 2197)
(695, 2198)
(695, 2199)
(695, 2200)
(695, 2201)
(695, 2202)
(695, 2203)
(695, 2204)
(695, 2205)
(695, 2206)
(695, 2207)
(695, 2208)
(695, 2209)
(695, 2210)
(695, 2211)
(695, 2212)
(695, 2213)
(695, 2214)
(695, 2215)
(695, 2216)
(695, 2217)
(695, 2218)
(695, 2219)
(695, 2220)
(695, 2221)
(696, 2222)
(696, 2223)
(696, 2224)
(697, 2225)
(697, 2226)
(697, 2227)
(697, 2228)
(697, 2229)
(697, 2230)
(697, 2231)
(697, 2232)
(698, 2233)
(698, 2234)
(698, 2235)
(698, 2236)
(698, 2237)
(697, 2238)
(697, 2239)
(697, 2240)
(697, 2241)
(697, 2242)
(697, 2243)
(697, 2244)
(697, 2245)
(697, 2246)
(697, 2247)
(697, 2248)
(697, 2249)
(697, 2250)
(697, 2251)
(697, 2252)
(697, 2253)
(697, 2254)
(697, 2255)
(697, 2256)
(697, 2257)
(697, 2258)
(697, 2259)
(697, 2260)
(697, 2261)
(697, 2262)
(697, 2263)
(697, 2264)
(697, 2265)
(697, 2266)
(697, 2267)
(697, 2268)
(697, 2269)
(697, 2270)
(697, 2271)
(697, 2272)
(697, 2273)
(697, 2274)
(697, 2275)
(697, 2276)
(697, 2277)
(697, 2278)
(697, 2279)
(697, 2280)
(697, 2281)
(697, 2282)
(697, 2283)
(697, 2284)
(697, 2285)
(697, 2286)
(697, 2287)
(697, 2288)
(697, 2289)
(697, 2290)
(697, 2291)
(697, 2292)
(696, 2293)
(696, 2294)
(696, 2295)
(696, 2296)
(697, 2297)
(697, 2298)
(697, 2299)
(697, 2300)
(697, 2301)
(697, 2302)
(697, 2303)
(697, 2304)
(697, 2305)
(697, 2306)
(698, 2307)
(698, 2308)
(698, 2309)
(699, 2310)
