Tam. img.: (910, 2380)
(245, 119)
(245, 120)
(245, 121)
(245, 122)
(244, 123)
(244, 124)
(244, 125)
(244, 126)
(243, 127)
(243, 128)
(243, 129)
(243, 130)
(243, 131)
(243, 132)
(244, 133)
(244, 134)
(244, 135)
(244, 136)
(243, 137)
(243, 138)
(243, 139)
(242, 140)
(242, 141)
(241, 142)
(241, 143)
(241, 144)
(240, 145)
(240, 146)
(240, 147)
(239, 148)
(239, 149)
(239, 150)
(239, 151)
(238, 152)
(238, 153)
(238, 154)
(238, 155)
(237, 156)
(237, 157)
(237, 158)
(237, 159)
(237, 160)
(237, 161)
(237, 162)
(237, 163)
(237, 164)
(236, 165)
(235, 166)
(235, 167)
(234, 168)
(234, 169)
(234, 170)
(234, 171)
(234, 172)
(234, 173)
(233, 174)
(232, 175)
(232, 176)
(232, 177)
(230, 178)
(229, 179)
(228, 180)
(227, 181)
(227, 182)
(227, 183)
(226, 184)
(226, 185)
(226, 186)
(226, 187)
(227, 188)
(227, 189)
(229, 190)
(230, 191)
(229, 192)
(230, 193)
(230, 194)
(231, 195)
(230, 196)
(230, 197)
(230, 198)
(229, 199)
(229, 200)
(229, 201)
(229, 202)
(228, 203)
(228, 204)
(228, 205)
(228, 206)
(227, 207)
(229, 209)
(229, 210)
(229, 211)
(228, 212)
(228, 213)
(228, 214)
(228, 215)
(228, 216)
(228, 217)
(228, 218)
(228, 219)
(228, 220)
(228, 221)
(228, 222)
(228, 223)
(227, 224)
(227, 225)
(227, 226)
(226, 227)
(225, 228)
(225, 229)
(225, 230)
(225, 231)
(225, 232)
(226, 233)
(226, 234)
(226, 235)
(226, 236)
(226, 237)
(226, 238)
(226, 239)
(226, 240)
(225, 241)
(225, 242)
(224, 243)
(224, 244)
(224, 245)
(223, 246)
(223, 247)
(223, 248)
(223, 249)
(223, 250)
(223, 251)
(223, 252)
(223, 253)
(222, 254)
(222, 255)
(222, 256)
(222, 257)
(222, 258)
(222, 259)
(223, 260)
(223, 261)
(223, 262)
(223, 263)
(223, 264)
(223, 265)
(223, 266)
(223, 267)
(223, 268)
(222, 269)
(222, 270)
(222, 271)
(222, 272)
(223, 273)
(223, 274)
(223, 275)
(223, 276)
(223, 277)
(223, 278)
(223, 279)
(223, 280)
(224, 281)
(226, 282)
(225, 283)
(226, 284)
(226, 285)
(225, 286)
(225, 287)
(224, 288)
(224, 289)
(223, 290)
(223, 291)
(223, 292)
(223, 293)
(223, 294)
(222, 295)
(222, 296)
(222, 297)
(221, 298)
(221, 300)
(220, 301)
(220, 302)
(220, 303)
(219, 304)
(218, 305)
(218, 306)
(218, 307)
(219, 308)
(219, 309)
(219, 310)
(219, 311)
(220, 312)
(221, 313)
(221, 314)
(222, 315)
(222, 316)
(221, 317)
(221, 318)
(221, 319)
(221, 320)
(221, 321)
(221, 322)
(221, 323)
(221, 324)
(222, 325)
(222, 326)
(223, 327)
(223, 328)
(224, 329)
(224, 330)
(224, 331)
(224, 332)
(224, 333)
(224, 334)
(223, 335)
(223, 336)
(223, 337)
(222, 338)
(222, 339)
(222, 340)
(222, 341)
(222, 342)
(221, 343)
(221, 344)
(221, 345)
(221, 346)
(221, 347)
(220, 348)
(219, 349)
(219, 350)
(218, 351)
(217, 352)
(217, 353)
(216, 354)
(216, 355)
(215, 356)
(215, 357)
(214, 358)
(213, 359)
(213, 360)
(213, 361)
(213, 362)
(212, 363)
(212, 364)
(212, 365)
(211, 366)
(211, 367)
(211, 368)
(211, 369)
(210, 370)
(210, 371)
(210, 372)
(210, 373)
(210, 374)
(211, 375)
(211, 376)
(211, 377)
(211, 378)
(211, 379)
(211, 380)
(211, 381)
(211, 382)
(211, 383)
(211, 384)
(211, 385)
(211, 386)
(212, 387)
(212, 388)
(213, 389)
(213, 392)
(213, 393)
(213, 394)
(213, 395)
(213, 396)
(214, 397)
(214, 398)
(214, 399)
(215, 400)
(215, 401)
(215, 402)
(215, 403)
(214, 404)
(214, 405)
(214, 406)
(214, 407)
(214, 408)
(214, 409)
(214, 410)
(214, 411)
(214, 412)
(214, 413)
(214, 414)
(214, 415)
(214, 416)
(213, 417)
(213, 418)
(213, 419)
(213, 420)
(213, 421)
(214, 422)
(214, 423)
(214, 424)
(214, 425)
(214, 426)
(213, 427)
(213, 428)
(212, 429)
(212, 430)
(213, 431)
(213, 432)
(214, 433)
(214, 434)
(215, 435)
(216, 436)
(216, 437)
(216, 438)
(216, 439)
(216, 440)
(217, 441)
(218, 442)
(219, 443)
(220, 444)
(220, 445)
(221, 446)
(221, 447)
(221, 448)
(222, 449)
(222, 450)
(222, 451)
(222, 452)
(223, 453)
(223, 454)
(224, 455)
(224, 456)
(224, 457)
(224, 458)
(225, 459)
(225, 460)
(225, 461)
(225, 462)
(225, 463)
(224, 464)
(224, 465)
(224, 466)
(224, 467)
(224, 468)
(224, 469)
(223, 470)
(223, 471)
(222, 472)
(222, 473)
(221, 474)
(222, 475)
(220, 476)
(219, 477)
(219, 478)
(219, 479)
(219, 480)
(220, 481)
(219, 482)
(219, 483)
(219, 484)
(219, 485)
(220, 486)
(220, 487)
(220, 488)
(221, 489)
(220, 490)
(220, 491)
(220, 492)
(220, 493)
(221, 494)
(221, 495)
(221, 496)
(222, 497)
(222, 498)
(222, 499)
(222, 500)
(222, 501)
(222, 502)
(222, 503)
(222, 504)
(222, 505)
(221, 506)
(221, 507)
(221, 508)
(221, 509)
(221, 510)
(221, 511)
(221, 512)
(221, 513)
(221, 514)
(221, 515)
(222, 516)
(222, 517)
(222, 518)
(222, 519)
(221, 520)
(221, 521)
(221, 522)
(221, 523)
(221, 524)
(222, 525)
(221, 526)
(221, 527)
(221, 528)
(222, 529)
(222, 530)
(222, 531)
(223, 532)
(222, 533)
(221, 534)
(221, 535)
(221, 536)
(221, 537)
(221, 538)
(221, 539)
(221, 540)
(222, 541)
(222, 542)
(222, 543)
(222, 544)
(222, 545)
(222, 546)
(223, 547)
(223, 548)
(223, 549)
(223, 550)
(223, 551)
(223, 552)
(224, 553)
(224, 554)
(224, 555)
(224, 556)
(224, 557)
(225, 558)
(225, 559)
(225, 560)
(225, 561)
(225, 562)
(225, 563)
(225, 564)
(225, 565)
(225, 566)
(225, 567)
(225, 568)
(225, 569)
(224, 570)
(224, 571)
(225, 573)
(224, 574)
(224, 575)
(224, 576)
(224, 577)
(224, 578)
(223, 579)
(223, 580)
(223, 581)
(224, 582)
(224, 583)
(224, 584)
(224, 585)
(224, 586)
(224, 587)
(224, 588)
(224, 589)
(224, 590)
(224, 591)
(224, 592)
(224, 593)
(224, 594)
(224, 595)
(224, 596)
(224, 597)
(224, 598)
(224, 599)
(224, 600)
(224, 601)
(224, 602)
(225, 603)
(225, 604)
(225, 605)
(225, 606)
(225, 607)
(226, 608)
(226, 609)
(227, 610)
(227, 611)
(227, 612)
(227, 613)
(227, 614)
(227, 615)
(227, 616)
(227, 617)
(227, 618)
(227, 619)
(227, 620)
(227, 621)
(226, 622)
(226, 623)
(226, 624)
(226, 625)
(226, 626)
(226, 627)
(226, 628)
(226, 629)
(226, 630)
(226, 631)
(227, 632)
(227, 633)
(227, 634)
(227, 635)
(228, 636)
(228, 637)
(229, 638)
(229, 639)
(229, 640)
(229, 641)
(229, 642)
(229, 643)
(229, 644)
(229, 645)
(230, 646)
(230, 647)
(230, 648)
(231, 649)
(231, 650)
(231, 651)
(231, 652)
(231, 653)
(232, 654)
(232, 655)
(232, 656)
(232, 657)
(233, 658)
(233, 659)
(233, 660)
(234, 661)
(234, 662)
(234, 663)
(236, 666)
(236, 667)
(236, 668)
(236, 669)
(236, 670)
(235, 671)
(235, 672)
(235, 673)
(235, 674)
(234, 675)
(234, 676)
(233, 677)
(233, 678)
(232, 679)
(232, 680)
(232, 681)
(231, 682)
(231, 683)
(231, 684)
(231, 685)
(230, 686)
(230, 687)
(230, 688)
(229, 689)
(229, 690)
(230, 691)
(229, 692)
(229, 693)
(229, 694)
(229, 695)
(230, 696)
(230, 697)
(230, 698)
(230, 699)
(230, 700)
(230, 701)
(230, 702)
(230, 703)
(230, 704)
(230, 705)
(231, 706)
(231, 707)
(232, 708)
(232, 709)
(232, 710)
(232, 711)
(232, 712)
(233, 713)
(233, 714)
(233, 715)
(233, 716)
(233, 717)
(233, 718)
(234, 719)
(234, 720)
(234, 721)
(234, 722)
(233, 723)
(233, 724)
(233, 725)
(233, 726)
(233, 727)
(233, 728)
(233, 729)
(233, 730)
(233, 731)
(233, 732)
(233, 733)
(233, 734)
(233, 735)
(234, 736)
(234, 737)
(234, 738)
(234, 739)
(234, 740)
(234, 741)
(234, 742)
(234, 743)
(234, 744)
(234, 745)
(234, 746)
(235, 747)
(235, 748)
(235, 749)
(235, 750)
(235, 751)
(235, 752)
(236, 753)
(236, 754)
(236, 755)
(235, 756)
(236, 757)
(236, 758)
(236, 759)
(236, 760)
(236, 761)
(236, 762)
(236, 763)
(236, 764)
(236, 765)
(236, 766)
(236, 767)
(237, 768)
(237, 769)
(238, 770)
(238, 771)
(238, 772)
(238, 773)
(238, 774)
(238, 775)
(238, 776)
(238, 777)
(238, 778)
(238, 779)
(238, 780)
(238, 781)
(238, 782)
(239, 783)
(239, 784)
(240, 785)
(240, 786)
(240, 787)
(240, 788)
(240, 789)
(240, 790)
(240, 791)
(240, 792)
(240, 793)
(240, 794)
(240, 795)
(240, 796)
(240, 797)
(240, 798)
(241, 799)
(241, 800)
(242, 801)
(242, 802)
(243, 803)
(243, 804)
(243, 805)
(243, 806)
(243, 807)
(243, 808)
(243, 809)
(243, 810)
(243, 811)
(243, 812)
(243, 813)
(243, 814)
(243, 815)
(244, 816)
(244, 817)
(244, 818)
(244, 819)
(244, 820)
(244, 821)
(244, 822)
(244, 823)
(244, 824)
(244, 825)
(244, 826)
(244, 827)
(243, 828)
(243, 829)
(243, 830)
(243, 831)
(243, 832)
(242, 833)
(242, 834)
(242, 835)
(243, 836)
(243, 837)
(243, 838)
(244, 839)
(244, 840)
(245, 841)
(245, 842)
(246, 843)
(246, 844)
(246, 845)
(246, 846)
(248, 848)
(247, 849)
(248, 850)
(248, 851)
(249, 852)
(249, 853)
(249, 854)
(249, 855)
(249, 856)
(249, 857)
(249, 858)
(249, 859)
(249, 860)
(249, 861)
(249, 862)
(249, 863)
(249, 864)
(249, 865)
(249, 866)
(249, 867)
(249, 868)
(249, 869)
(248, 870)
(247, 871)
(247, 872)
(247, 873)
(247, 874)
(247, 875)
(247, 876)
(247, 877)
(247, 878)
(247, 879)
(247, 880)
(248, 881)
(248, 882)
(248, 883)
(249, 884)
(249, 885)
(249, 886)
(249, 887)
(249, 888)
(250, 889)
(250, 890)
(250, 891)
(251, 892)
(251, 893)
(251, 894)
(251, 895)
(252, 896)
(252, 897)
(253, 898)
(253, 899)
(253, 900)
(253, 901)
(254, 902)
(254, 903)
(254, 904)
(255, 905)
(255, 906)
(255, 907)
(255, 908)
(256, 909)
(256, 910)
(256, 911)
(256, 912)
(256, 913)
(256, 914)
(256, 915)
(257, 916)
(257, 917)
(257, 918)
(257, 919)
(257, 920)
(257, 921)
(257, 922)
(257, 923)
(257, 924)
(257, 925)
(257, 926)
(257, 927)
(256, 928)
(256, 929)
(256, 930)
(256, 931)
(256, 932)
(256, 933)
(255, 934)
(255, 935)
(256, 936)
(256, 937)
(256, 938)
(255, 940)
(255, 941)
(255, 942)
(255, 943)
(255, 944)
(255, 945)
(255, 946)
(255, 947)
(254, 948)
(254, 949)
(254, 950)
(254, 951)
(254, 952)
(254, 953)
(254, 954)
(254, 955)
(254, 956)
(254, 957)
(254, 958)
(254, 959)
(254, 960)
(254, 961)
(253, 962)
(253, 963)
(253, 964)
(252, 965)
(252, 966)
(252, 967)
(252, 968)
(252, 969)
(251, 970)
(251, 971)
(251, 972)
(251, 973)
(252, 974)
(251, 975)
(251, 976)
(251, 977)
(251, 978)
(251, 979)
(251, 980)
(251, 981)
(251, 982)
(251, 983)
(251, 984)
(251, 985)
(251, 986)
(252, 987)
(252, 988)
(252, 989)
(253, 990)
(253, 991)
(253, 992)
(253, 993)
(254, 994)
(254, 995)
(254, 996)
(255, 997)
(255, 998)
(255, 999)
(255, 1000)
(255, 1001)
(254, 1002)
(254, 1003)
(254, 1004)
(254, 1005)
(254, 1006)
(254, 1007)
(254, 1008)
(255, 1009)
(255, 1010)
(255, 1011)
(255, 1012)
(255, 1013)
(256, 1014)
(256, 1015)
(256, 1016)
(256, 1017)
(256, 1018)
(256, 1019)
(256, 1020)
(256, 1021)
(256, 1022)
(256, 1023)
(256, 1024)
(256, 1025)
(256, 1026)
(256, 1027)
(256, 1028)
(256, 1029)
(256, 1030)
(256, 1031)
(256, 1032)
(256, 1033)
(256, 1034)
(255, 1035)
(255, 1036)
(255, 1037)
(255, 1038)
(255, 1039)
(255, 1040)
(256, 1041)
(256, 1042)
(256, 1043)
(256, 1044)
(256, 1045)
(256, 1046)
(255, 1047)
(255, 1048)
(255, 1049)
(255, 1050)
(255, 1051)
(255, 1052)
(255, 1053)
(255, 1054)
(255, 1055)
(255, 1056)
(255, 1057)
(255, 1058)
(255, 1059)
(255, 1060)
(255, 1061)
(255, 1062)
(254, 1063)
(254, 1064)
(254, 1065)
(254, 1066)
(253, 1067)
(253, 1068)
(253, 1069)
(253, 1070)
(253, 1071)
(253, 1072)
(253, 1073)
(253, 1074)
(253, 1075)
(253, 1076)
(253, 1077)
(253, 1078)
(253, 1079)
(253, 1080)
(253, 1081)
(253, 1082)
(253, 1083)
(254, 1084)
(254, 1085)
(254, 1086)
(254, 1087)
(254, 1088)
(254, 1089)
(254, 1090)
(255, 1091)
(255, 1092)
(255, 1093)
(255, 1094)
(255, 1095)
(255, 1096)
(256, 1097)
(256, 1098)
(255, 1099)
(255, 1100)
(255, 1101)
(255, 1102)
(255, 1103)
(256, 1104)
(256, 1105)
(256, 1106)
(256, 1107)
(256, 1108)
(256, 1109)
(256, 1110)
(255, 1111)
(255, 1112)
(255, 1113)
(255, 1114)
(255, 1115)
(255, 1116)
(255, 1117)
(255, 1118)
(255, 1119)
(255, 1120)
(255, 1121)
(254, 1123)
(254, 1124)
(254, 1125)
(254, 1126)
(254, 1127)
(254, 1128)
(254, 1129)
(254, 1130)
(253, 1131)
(253, 1132)
(252, 1133)
(252, 1134)
(252, 1135)
(252, 1136)
(252, 1137)
(252, 1138)
(252, 1139)
(252, 1140)
(252, 1141)
(252, 1142)
(252, 1143)
(252, 1144)
(252, 1145)
(252, 1146)
(252, 1147)
(252, 1148)
(252, 1149)
(252, 1150)
(252, 1151)
(252, 1152)
(252, 1153)
(252, 1154)
(252, 1155)
(252, 1156)
(252, 1157)
(251, 1158)
(251, 1159)
(251, 1160)
(251, 1161)
(251, 1162)
(251, 1163)
(251, 1164)
(251, 1165)
(251, 1166)
(251, 1167)
(251, 1168)
(251, 1169)
(251, 1170)
(251, 1171)
(250, 1172)
(250, 1173)
(250, 1174)
(250, 1175)
(250, 1176)
(250, 1177)
(250, 1178)
(250, 1179)
(251, 1180)
(251, 1181)
(251, 1182)
(251, 1183)
(251, 1184)
(251, 1185)
(251, 1186)
(252, 1187)
(252, 1188)
(252, 1189)
(252, 1190)
(253, 1191)
(253, 1192)
(253, 1193)
(253, 1194)
(254, 1195)
(254, 1196)
(254, 1197)
(254, 1198)
(254, 1199)
(255, 1200)
(255, 1201)
(255, 1202)
(255, 1203)
(255, 1204)
(256, 1205)
(256, 1206)
(256, 1207)
(256, 1208)
(256, 1209)
(256, 1210)
(256, 1211)
(256, 1212)
(256, 1213)
(257, 1214)
(256, 1215)
(256, 1216)
(256, 1217)
(256, 1218)
(256, 1219)
(256, 1220)
(255, 1221)
(255, 1222)
(255, 1223)
(254, 1224)
(254, 1225)
(253, 1226)
(253, 1227)
(252, 1228)
(252, 1229)
(252, 1230)
(252, 1231)
(252, 1232)
(252, 1233)
(252, 1234)
(252, 1235)
(252, 1236)
(252, 1237)
(252, 1238)
(252, 1239)
(253, 1240)
(253, 1241)
(253, 1242)
(254, 1243)
(254, 1244)
(254, 1245)
(254, 1246)
(254, 1247)
(255, 1248)
(255, 1249)
(255, 1250)
(255, 1251)
(255, 1252)
(255, 1253)
(255, 1254)
(255, 1255)
(255, 1256)
(254, 1257)
(254, 1258)
(254, 1259)
(254, 1260)
(254, 1261)
(254, 1262)
(254, 1263)
(255, 1264)
(255, 1265)
(255, 1266)
(254, 1267)
(254, 1268)
(255, 1269)
(255, 1270)
(255, 1271)
(255, 1272)
(255, 1273)
(255, 1274)
(255, 1275)
(255, 1276)
(255, 1277)
(255, 1278)
(255, 1279)
(254, 1280)
(253, 1281)
(254, 1282)
(253, 1283)
(252, 1284)
(250, 1285)
(251, 1286)
(250, 1287)
(249, 1288)
(248, 1289)
(247, 1290)
(246, 1291)
(245, 1292)
(244, 1293)
(243, 1294)
(242, 1295)
(241, 1296)
(240, 1297)
(239, 1298)
(237, 1299)
(236, 1300)
(237, 1301)
(235, 1302)
(235, 1303)
(235, 1304)
(233, 1305)
(233, 1306)
(232, 1307)
(232, 1308)
(231, 1309)
(231, 1310)
(231, 1311)
(231, 1312)
(231, 1313)
(230, 1314)
(230, 1315)
(230, 1316)
(230, 1317)
(230, 1318)
(230, 1319)
(231, 1320)
(231, 1321)
(230, 1322)
(231, 1323)
(231, 1324)
(231, 1325)
(231, 1326)
(232, 1327)
(232, 1328)
(232, 1329)
(232, 1330)
(232, 1331)
(233, 1332)
(233, 1333)
(233, 1334)
(233, 1335)
(234, 1336)
(234, 1337)
(234, 1338)
(235, 1339)
(235, 1340)
(237, 1341)
(236, 1342)
(237, 1343)
(237, 1344)
(238, 1345)
(238, 1346)
(238, 1347)
(239, 1348)
(239, 1349)
(240, 1350)
(240, 1351)
(241, 1352)
(242, 1353)
(242, 1354)
(242, 1355)
(243, 1356)
(245, 1357)
(244, 1358)
(246, 1359)
(245, 1360)
(245, 1361)
(246, 1362)
(246, 1363)
(247, 1364)
(247, 1365)
(248, 1366)
(248, 1367)
(248, 1368)
(248, 1369)
(249, 1370)
(249, 1371)
(250, 1372)
(250, 1373)
(250, 1374)
(251, 1375)
(253, 1376)
(252, 1377)
(252, 1378)
(253, 1379)
(253, 1380)
(254, 1381)
(254, 1382)
(254, 1383)
(255, 1384)
(255, 1385)
(255, 1386)
(255, 1387)
(256, 1388)
(256, 1389)
(256, 1390)
(256, 1391)
(256, 1392)
(257, 1393)
(257, 1394)
(257, 1395)
(257, 1396)
(258, 1397)
(258, 1398)
(258, 1399)
(258, 1400)
(258, 1401)
(258, 1402)
(259, 1403)
(259, 1404)
(259, 1405)
(259, 1406)
(259, 1407)
(259, 1408)
(259, 1409)
(259, 1410)
(259, 1411)
(259, 1412)
(259, 1413)
(258, 1414)
(258, 1415)
(259, 1416)
(259, 1417)
(259, 1418)
(259, 1419)
(259, 1420)
(259, 1421)
(260, 1422)
(260, 1423)
(260, 1424)
(260, 1425)
(260, 1426)
(260, 1427)
(260, 1428)
(260, 1429)
(260, 1430)
(260, 1431)
(260, 1432)
(260, 1433)
(260, 1434)
(260, 1435)
(260, 1436)
(260, 1437)
(260, 1438)
(261, 1439)
(261, 1440)
(261, 1441)
(261, 1442)
(261, 1443)
(261, 1444)
(261, 1445)
(261, 1446)
(261, 1447)
(262, 1448)
(262, 1449)
(262, 1450)
(262, 1451)
(263, 1452)
(263, 1453)
(263, 1454)
(264, 1455)
(265, 1456)
(265, 1457)
(265, 1458)
(265, 1459)
(266, 1460)
(266, 1461)
(266, 1462)
(267, 1463)
(267, 1464)
(267, 1465)
(267, 1466)
(268, 1467)
(268, 1468)
(268, 1469)
(269, 1470)
(269, 1471)
(269, 1472)
(269, 1473)
(270, 1474)
(270, 1475)
(270, 1476)
(270, 1477)
(270, 1478)
(270, 1479)
(270, 1480)
(270, 1481)
(270, 1482)
(270, 1483)
(270, 1484)
(270, 1485)
(270, 1486)
(269, 1487)
(269, 1488)
(269, 1489)
(270, 1490)
(270, 1491)
(270, 1492)
(270, 1493)
(270, 1494)
(270, 1495)
(270, 1496)
(270, 1497)
(270, 1498)
(270, 1499)
(270, 1500)
(270, 1501)
(270, 1502)
(271, 1503)
(271, 1504)
(271, 1505)
(271, 1506)
(271, 1507)
(271, 1508)
(271, 1509)
(271, 1510)
(271, 1511)
(272, 1512)
(272, 1513)
(272, 1514)
(272, 1515)
(272, 1516)
(273, 1517)
(273, 1518)
(273, 1519)
(273, 1520)
(272, 1521)
(272, 1522)
(271, 1523)
(271, 1524)
(270, 1525)
(270, 1526)
(269, 1527)
(270, 1528)
(268, 1529)
(268, 1530)
(267, 1531)
(267, 1532)
(266, 1533)
(266, 1534)
(266, 1535)
(266, 1536)
(266, 1537)
(266, 1538)
(265, 1539)
(265, 1540)
(265, 1541)
(265, 1542)
(265, 1543)
(265, 1544)
(265, 1545)
(265, 1546)
(265, 1547)
(265, 1548)
(265, 1549)
(265, 1550)
(265, 1551)
(264, 1552)
(264, 1553)
(264, 1554)
(264, 1555)
(264, 1556)
(264, 1557)
(264, 1558)
(264, 1559)
(264, 1560)
(264, 1561)
(264, 1562)
(264, 1563)
(265, 1564)
(265, 1565)
(265, 1566)
(265, 1567)
(265, 1568)
(265, 1569)
(265, 1570)
(265, 1571)
(265, 1572)
(265, 1573)
(265, 1574)
(265, 1575)
(265, 1576)
(265, 1577)
(265, 1578)
(265, 1579)
(265, 1580)
(265, 1581)
(265, 1582)
(265, 1583)
(265, 1584)
(265, 1585)
(265, 1586)
(265, 1587)
(265, 1588)
(266, 1589)
(266, 1590)
(266, 1591)
(266, 1592)
(266, 1593)
(266, 1594)
(266, 1595)
(266, 1596)
(266, 1597)
(265, 1598)
(265, 1599)
(266, 1600)
(266, 1601)
(266, 1602)
(266, 1603)
(266, 1604)
(266, 1605)
(266, 1606)
(266, 1607)
(266, 1608)
(266, 1609)
(266, 1610)
(266, 1611)
(266, 1612)
(266, 1613)
(266, 1614)
(266, 1615)
(266, 1616)
(266, 1617)
(266, 1618)
(267, 1619)
(267, 1620)
(267, 1621)
(267, 1622)
(267, 1623)
(267, 1624)
(266, 1625)
(266, 1626)
(266, 1627)
(266, 1628)
(266, 1629)
(266, 1630)
(266, 1631)
(266, 1632)
(266, 1633)
(266, 1634)
(266, 1635)
(266, 1636)
(266, 1637)
(266, 1638)
(266, 1639)
(266, 1640)
(265, 1641)
(265, 1642)
(265, 1643)
(265, 1644)
(265, 1645)
(265, 1646)
(265, 1647)
(265, 1648)
(265, 1649)
(264, 1650)
(264, 1651)
(264, 1652)
(264, 1653)
(264, 1654)
(264, 1655)
(264, 1656)
(264, 1657)
(264, 1658)
(264, 1659)
(263, 1660)
(263, 1661)
(263, 1662)
(263, 1663)
(262, 1664)
(262, 1665)
(262, 1666)
(262, 1667)
(262, 1668)
(261, 1669)
(261, 1670)
(261, 1671)
(261, 1672)
(261, 1673)
(261, 1674)
(261, 1675)
(261, 1676)
(261, 1677)
(261, 1678)
(261, 1679)
(261, 1680)
(261, 1681)
(261, 1682)
(261, 1683)
(261, 1684)
(261, 1685)
(261, 1686)
(261, 1687)
(262, 1688)
(261, 1689)
(261, 1690)
(261, 1691)
(261, 1692)
(261, 1693)
(261, 1694)
(261, 1695)
(260, 1696)
(260, 1697)
(260, 1698)
(260, 1699)
(260, 1700)
(260, 1701)
(260, 1702)
(260, 1703)
(260, 1704)
(260, 1705)
(260, 1706)
(260, 1707)
(260, 1708)
(260, 1709)
(260, 1710)
(260, 1711)
(261, 1712)
(261, 1713)
(261, 1714)
(261, 1715)
(261, 1716)
(261, 1717)
(261, 1718)
(262, 1719)
(262, 1720)
(262, 1721)
(262, 1722)
(262, 1723)
(262, 1724)
(262, 1725)
(263, 1726)
(263, 1727)
(263, 1728)
(263, 1729)
(262, 1730)
(262, 1731)
(262, 1732)
(262, 1733)
(262, 1734)
(262, 1735)
(262, 1736)
(262, 1737)
(262, 1738)
(262, 1739)
(262, 1740)
(262, 1741)
(262, 1742)
(262, 1743)
(262, 1744)
(262, 1745)
(262, 1746)
(262, 1747)
(263, 1748)
(263, 1749)
(263, 1750)
(263, 1751)
(263, 1752)
(263, 1753)
(263, 1754)
(263, 1755)
(263, 1756)
(263, 1757)
(263, 1758)
(263, 1759)
(264, 1760)
(264, 1761)
(264, 1762)
(264, 1763)
(264, 1764)
(264, 1765)
(264, 1766)
(264, 1767)
(264, 1768)
(264, 1769)
(264, 1770)
(264, 1771)
(264, 1772)
(264, 1773)
(264, 1774)
(264, 1775)
(264, 1776)
(264, 1777)
(263, 1778)
(263, 1779)
(263, 1780)
(263, 1781)
(263, 1782)
(263, 1783)
(262, 1784)
(262, 1785)
(262, 1786)
(262, 1787)
(262, 1788)
(262, 1789)
(262, 1790)
(262, 1791)
(262, 1792)
(262, 1793)
(262, 1794)
(262, 1795)
(262, 1796)
(262, 1797)
(262, 1798)
(262, 1799)
(262, 1800)
(262, 1801)
(262, 1802)
(262, 1803)
(262, 1804)
(262, 1805)
(262, 1806)
(262, 1807)
(262, 1808)
(261, 1809)
(261, 1810)
(261, 1811)
(261, 1812)
(261, 1813)
(261, 1814)
(261, 1815)
(261, 1816)
(261, 1817)
(261, 1818)
(261, 1819)
(261, 1820)
(261, 1821)
(261, 1822)
(261, 1823)
(261, 1824)
(261, 1825)
(261, 1826)
(261, 1827)
(261, 1828)
(261, 1829)
(261, 1830)
(261, 1831)
(261, 1832)
(260, 1833)
(260, 1834)
(260, 1835)
(260, 1836)
(260, 1837)
(261, 1838)
(261, 1839)
(261, 1840)
(260, 1841)
(260, 1842)
(260, 1843)
(260, 1844)
(260, 1845)
(260, 1846)
(260, 1847)
(260, 1848)
(260, 1849)
(260, 1850)
(260, 1851)
(260, 1852)
(259, 1853)
(260, 1854)
(260, 1855)
(260, 1856)
(260, 1857)
(260, 1858)
(260, 1859)
(260, 1860)
(260, 1861)
(260, 1862)
(260, 1863)
(260, 1864)
(260, 1865)
(260, 1866)
(261, 1867)
(261, 1868)
(261, 1869)
(262, 1870)
(262, 1871)
(262, 1872)
(262, 1873)
(262, 1874)
(262, 1875)
(262, 1876)
(262, 1877)
(262, 1878)
(262, 1879)
(262, 1880)
(262, 1881)
(262, 1882)
(262, 1883)
(262, 1884)
(262, 1885)
(262, 1886)
(261, 1887)
(261, 1888)
(261, 1889)
(261, 1890)
(261, 1891)
(261, 1892)
(261, 1893)
(261, 1894)
(261, 1895)
(262, 1896)
(262, 1897)
(262, 1898)
(262, 1899)
(262, 1900)
(263, 1901)
(263, 1902)
(263, 1903)
(263, 1904)
(263, 1905)
(263, 1906)
(263, 1907)
(264, 1908)
(264, 1909)
(264, 1910)
(264, 1911)
(264, 1912)
(264, 1913)
(264, 1914)
(264, 1915)
(264, 1916)
(264, 1917)
(264, 1918)
(264, 1919)
(264, 1920)
(264, 1921)
(264, 1922)
(264, 1923)
(264, 1924)
(264, 1925)
(264, 1926)
(264, 1927)
(264, 1928)
(264, 1929)
(264, 1930)
(264, 1931)
(264, 1932)
(264, 1933)
(264, 1934)
(264, 1935)
(264, 1936)
(264, 1937)
(264, 1938)
(264, 1939)
(264, 1940)
(264, 1941)
(264, 1942)
(264, 1943)
(263, 1944)
(263, 1945)
(264, 1946)
(263, 1947)
(263, 1948)
(263, 1949)
(263, 1950)
(262, 1951)
(262, 1952)
(262, 1953)
(262, 1954)
(262, 1955)
(262, 1956)
(262, 1957)
(262, 1958)
(261, 1959)
(261, 1960)
(261, 1961)
(261, 1962)
(261, 1963)
(261, 1964)
(261, 1965)
(261, 1966)
(261, 1967)
(261, 1968)
(261, 1969)
(261, 1970)
(261, 1971)
(261, 1972)
(261, 1973)
(260, 1974)
(260, 1975)
(260, 1976)
(260, 1977)
(260, 1978)
(260, 1979)
(260, 1980)
(260, 1981)
(260, 1982)
(260, 1983)
(260, 1984)
(260, 1985)
(260, 1986)
(260, 1987)
(261, 1988)
(259, 1989)
(259, 1990)
(258, 1991)
(258, 1992)
(258, 1993)
(258, 1994)
(258, 1995)
(258, 1996)
(258, 1997)
(258, 1998)
(258, 1999)
(258, 2000)
(258, 2001)
(258, 2002)
(258, 2003)
(258, 2004)
(258, 2005)
(258, 2006)
(258, 2007)
(258, 2008)
(258, 2009)
(258, 2010)
(258, 2011)
(258, 2012)
(258, 2013)
(258, 2014)
(258, 2015)
(258, 2016)
(258, 2017)
(258, 2018)
(259, 2019)
(259, 2020)
(259, 2021)
(259, 2022)
(259, 2023)
(259, 2024)
(259, 2025)
(259, 2026)
(259, 2027)
(259, 2028)
(259, 2029)
(259, 2030)
(259, 2031)
(260, 2032)
(260, 2033)
(260, 2034)
(261, 2035)
(261, 2036)
(261, 2037)
(262, 2038)
(262, 2039)
(262, 2040)
(262, 2041)
(262, 2042)
(262, 2043)
(262, 2044)
(262, 2045)
(262, 2046)
(263, 2047)
(263, 2048)
(263, 2049)
(262, 2050)
(262, 2051)
(262, 2052)
(262, 2053)
(262, 2054)
(262, 2055)
(262, 2056)
(262, 2057)
(263, 2058)
(263, 2059)
(263, 2060)
(263, 2061)
(263, 2062)
(263, 2063)
(263, 2064)
(263, 2065)
(263, 2066)
(263, 2067)
(263, 2068)
(263, 2069)
(263, 2070)
(264, 2071)
(264, 2072)
(264, 2073)
(264, 2074)
(263, 2075)
(263, 2076)
(263, 2077)
(263, 2078)
(263, 2079)
(263, 2080)
(263, 2081)
(262, 2082)
(262, 2083)
(262, 2084)
(262, 2085)
(262, 2086)
(262, 2087)
(262, 2088)
(262, 2089)
(261, 2090)
(261, 2091)
(261, 2092)
(261, 2093)
(261, 2094)
(261, 2095)
(261, 2096)
(261, 2097)
(261, 2098)
(261, 2099)
(261, 2100)
(261, 2101)
(261, 2102)
(261, 2103)
(261, 2104)
(261, 2105)
(261, 2106)
(261, 2107)
(261, 2108)
(261, 2109)
(261, 2110)
(261, 2111)
(260, 2112)
(260, 2113)
(260, 2114)
(259, 2115)
(259, 2116)
(259, 2117)
(258, 2118)
(259, 2119)
(257, 2120)
(256, 2121)
(257, 2122)
(255, 2123)
(255, 2124)
(255, 2125)
(254, 2126)
(254, 2127)
(254, 2128)
(254, 2129)
(254, 2130)
(253, 2131)
(253, 2132)
(253, 2133)
(253, 2134)
(253, 2135)
(253, 2136)
(253, 2137)
(252, 2138)
(252, 2139)
(252, 2140)
(252, 2141)
(251, 2142)
(251, 2143)
(251, 2144)
(251, 2145)
(251, 2146)
(251, 2147)
(251, 2148)
(251, 2149)
(251, 2150)
(251, 2151)
(251, 2152)
(251, 2153)
(251, 2154)
(251, 2155)
(251, 2156)
(251, 2157)
(251, 2158)
(251, 2159)
(251, 2160)
(251, 2161)
(251, 2162)
(251, 2163)
(251, 2164)
(251, 2165)
(251, 2166)
(251, 2167)
(251, 2168)
(251, 2169)
(251, 2170)
(252, 2171)
(252, 2172)
(252, 2173)
(252, 2174)
(252, 2175)
(252, 2176)
(252, 2177)
(251, 2178)
(251, 2179)
(251, 2180)
(251, 2181)
(251, 2182)
(251, 2183)
(251, 2184)
(251, 2185)
(251, 2186)
(251, 2187)
(251, 2188)
(251, 2189)
(251, 2190)
(251, 2191)
(252, 2192)
(252, 2193)
(252, 2194)
(252, 2195)
(252, 2196)
(253, 2197)
(253, 2198)
(253, 2199)
(253, 2200)
(254, 2201)
(254, 2202)
(254, 2203)
(254, 2204)
(254, 2205)
(254, 2206)
(254, 2207)
(254, 2208)
(254, 2209)
(254, 2210)
(254, 2211)
(253, 2212)
(253, 2213)
(254, 2214)
(252, 2215)
(252, 2216)
(252, 2217)
(251, 2218)
(251, 2219)
(250, 2220)
(250, 2221)
(250, 2222)
(250, 2223)
(251, 2224)
(251, 2225)
(251, 2226)
(251, 2227)
(251, 2228)
(250, 2229)
(250, 2230)
(250, 2231)
(249, 2232)
(249, 2233)
(248, 2234)
(248, 2235)
(248, 2236)
(247, 2237)
(247, 2238)
(247, 2239)
(246, 2240)
(246, 2241)
(246, 2242)
(245, 2243)
(245, 2244)
(245, 2245)
(245, 2246)
(247, 2247)
(246, 2248)
(246, 2249)
(247, 2250)
(247, 2251)
(247, 2252)
(247, 2253)
(248, 2254)
(247, 2255)
(245, 2256)
(245, 2257)
(245, 2258)
(245, 2259)
(245, 2260)
(245, 2261)
(245, 2262)
(245, 2263)
(246, 2264)
(246, 2265)
(246, 2266)
(246, 2267)
(246, 2268)
(246, 2269)
(246, 2270)
(246, 2271)
(246, 2272)
(246, 2273)
(246, 2274)
(246, 2275)
(246, 2276)
(246, 2277)
(246, 2278)
(246, 2279)
(246, 2280)
(246, 2281)
(246, 2282)
(245, 2283)
(245, 2284)
(245, 2285)
(245, 2286)
(245, 2287)
(245, 2288)
(245, 2289)
(246, 2290)
(246, 2291)
(246, 2292)
(246, 2293)
(246, 2294)
(246, 2295)
(247, 2296)
(247, 2297)
(247, 2298)
(247, 2299)
(247, 2300)
(247, 2301)
(247, 2302)
(246, 2303)
(246, 2304)
(246, 2305)
(246, 2306)
(246, 2307)
(246, 2308)
