(1, 2351)
(1, 2352)
(2, 2290)
(2, 2291)
(2, 2292)
(2, 2293)
(2, 2294)
(2, 2350)
(2, 2352)
(3, 2295)
(3, 2296)
(3, 2350)
(3, 2352)
(4, 2351)
(4, 2352)
(17, 2349)
(17, 2350)
(17, 2351)
(19, 100)
(19, 101)
(19, 102)
(19, 1220)
(20, 1134)
(20, 1135)
(20, 1136)
(20, 1271)
(21, 1130)
(21, 1131)
(21, 1132)
(21, 1133)
(21, 1143)
(21, 1199)
(21, 1245)
(21, 1246)
(21, 1247)
(21, 1270)
(22, 1142)
(22, 1144)
(22, 1198)
(22, 1219)
(22, 1244)
(23, 1243)
(24, 1141)
(24, 1149)
(24, 1197)
(25, 1196)
(26, 1140)
(26, 1157)
(26, 1158)
(26, 1159)
(26, 1160)
(27, 1154)
(27, 1155)
(27, 1156)
(27, 1212)
(27, 1213)
(27, 1214)
(28, 1210)
(28, 1221)
(28, 1241)
(29, 1145)
(29, 1195)
(29, 1211)
(29, 1236)
(30, 1139)
(31, 1138)
(31, 1192)
(32, 1194)
(32, 1220)
(33, 1263)
(34, 1137)
(34, 1152)
(34, 1153)
(34, 1193)
(34, 1217)
(34, 1219)
(34, 1268)
(34, 1269)
(35, 1136)
(35, 1218)
(35, 1262)
(35, 1265)
(36, 1135)
(36, 1151)
(36, 1190)
(36, 1191)
(36, 1233)
(36, 1242)
(36, 1243)
(36, 1261)
(36, 1264)
(36, 2095)
(37, 1144)
(37, 1147)
(37, 1148)
(37, 1216)
(37, 1234)
(37, 1235)
(37, 1237)
(37, 1239)
(37, 1240)
(37, 1266)
(37, 1267)
(37, 2104)
(38, 1146)
(38, 1149)
(38, 1150)
(38, 1238)
(38, 2228)
(38, 2229)
(39, 1143)
(39, 1215)
(39, 1241)
(39, 1258)
(39, 1259)
(39, 1260)
(39, 2091)
(39, 2097)
(40, 1236)
(40, 2092)
(40, 2093)
(40, 2103)
(40, 2105)
(41, 1145)
(41, 2096)
(41, 2098)
(41, 2222)
(42, 1214)
(42, 2111)
(42, 2221)
(42, 2230)
(42, 2232)
(43, 1211)
(43, 1212)
(43, 1213)
(43, 2159)
(43, 2231)
(44, 1210)
(44, 2160)
(44, 2161)
(44, 2162)
(45, 2110)
(45, 2122)
(45, 2224)
(45, 2281)
(46, 275)
(46, 279)
(46, 280)
(46, 281)
(46, 2109)
(46, 2121)
(46, 2123)
(46, 2124)
(46, 2135)
(46, 2137)
(46, 2138)
(47, 274)
(47, 276)
(47, 2119)
(47, 2120)
(47, 2125)
(47, 2134)
(47, 2136)
(47, 2139)
(48, 2126)
(48, 2128)
(48, 2129)
(48, 2143)
(48, 2145)
(48, 2289)
(48, 2290)
(49, 288)
(49, 2108)
(49, 2117)
(49, 2118)
(49, 2127)
(50, 2116)
(50, 2144)
(50, 2175)
(50, 2176)
(50, 2177)
(50, 2260)
(51, 287)
(51, 2107)
(51, 2286)
(52, 333)
(52, 335)
(52, 336)
(52, 337)
(52, 338)
(52, 2106)
(52, 2229)
(53, 2088)
(53, 2248)
(53, 2249)
(53, 2250)
(53, 2251)
(53, 2259)
(54, 334)
(54, 2087)
(54, 2104)
(54, 2105)
(54, 2291)
(54, 2293)
(55, 105)
(55, 285)
(55, 286)
(55, 299)
(55, 1273)
(55, 1274)
(55, 1275)
(55, 2089)
(55, 2090)
(55, 2282)
(55, 2292)
(56, 103)
(56, 106)
(56, 298)
(56, 300)
(56, 311)
(56, 320)
(56, 322)
(56, 2103)
(56, 2150)
(56, 2280)
(57, 297)
(57, 301)
(57, 302)
(57, 310)
(57, 2149)
(57, 2151)
(57, 2294)
(58, 163)
(58, 166)
(58, 283)
(58, 284)
(58, 296)
(58, 312)
(58, 321)
(58, 2246)
(58, 2247)
(58, 2256)
(58, 2278)
(58, 2279)
(59, 96)
(59, 102)
(59, 295)
(59, 368)
(59, 2222)
(59, 2244)
(59, 2252)
(59, 2255)
(59, 2258)
(59, 2289)
(59, 2290)
(60, 101)
(60, 107)
(60, 2223)
(60, 2228)
(60, 2242)
(60, 2243)
(60, 2254)
(60, 2261)
(60, 2287)
(60, 2288)
(61, 97)
(61, 98)
(61, 99)
(61, 100)
(61, 111)
(61, 113)
(61, 282)
(61, 2221)
(61, 2225)
(61, 2226)
(61, 2227)
(61, 2234)
(61, 2235)
(61, 2241)
(61, 2245)
(61, 2253)
(61, 2262)
(61, 2264)
(61, 2265)
(61, 2269)
(61, 2270)
(61, 2271)
(62, 110)
(62, 114)
(62, 162)
(62, 165)
(62, 369)
(62, 370)
(62, 2219)
(62, 2220)
(62, 2233)
(62, 2238)
(62, 2239)
(62, 2240)
(62, 2257)
(62, 2263)
(62, 2268)
(63, 141)
(63, 371)
(63, 372)
(63, 2224)
(63, 2230)
(63, 2236)
(63, 2237)
(64, 104)
(64, 373)
(64, 2217)
(64, 2218)
(64, 2231)
(64, 2248)
(64, 2249)
(64, 2250)
(64, 2251)
(64, 2284)
(65, 109)
(65, 115)
(65, 120)
(65, 2216)
(65, 2232)
(65, 2259)
(65, 2260)
(65, 2285)
(65, 2286)
(66, 143)
(67, 95)
(67, 118)
(67, 134)
(68, 112)
(68, 326)
(68, 327)
(68, 328)
(69, 93)
(69, 94)
(69, 2282)
(69, 2283)
(70, 117)
(71, 161)
(72, 140)
(72, 149)
(72, 173)
(72, 2281)
(73, 172)
(74, 129)
(74, 133)
(74, 139)
(74, 164)
(74, 170)
(75, 119)
(75, 128)
(75, 130)
(75, 131)
(75, 132)
(75, 135)
(75, 142)
(75, 144)
(75, 148)
(75, 150)
(75, 151)
(75, 152)
(75, 162)
(75, 166)
(75, 169)
(75, 171)
(75, 2152)
(75, 2153)
(75, 2154)
(75, 2155)
(76, 116)
(76, 127)
(76, 136)
(76, 138)
(76, 145)
(76, 147)
(76, 165)
(76, 167)
(76, 168)
(76, 2140)
(77, 113)
(77, 121)
(77, 126)
(77, 137)
(77, 146)
(77, 163)
(77, 2142)
(78, 120)
(78, 122)
(78, 125)
(78, 143)
(79, 105)
(79, 115)
(79, 123)
(79, 124)
(79, 134)
(80, 114)
(80, 2174)
(81, 108)
(81, 2171)
(82, 106)
(82, 2173)
(83, 107)
(83, 2131)
(83, 2250)
(83, 2254)
(84, 2251)
(84, 2252)
(84, 2253)
(84, 2271)
(85, 357)
(85, 2169)
(85, 2276)
(86, 354)
(86, 355)
(86, 356)
(86, 2132)
(86, 2133)
(86, 2260)
(86, 2270)
(86, 2280)
(87, 2137)
(87, 2139)
(87, 2261)
(87, 2262)
(87, 2263)
(87, 2269)
(88, 2134)
(88, 2136)
(88, 2138)
(88, 2281)
(89, 2135)
(89, 2285)
(90, 2241)
(90, 2258)
(91, 2240)
(91, 2242)
(91, 2259)
(91, 2283)
(91, 2286)
(91, 2287)
(92, 2238)
(92, 2239)
(92, 2284)
(92, 2288)
(93, 2237)
(93, 2244)
(93, 2246)
(93, 2265)
(93, 2266)
(93, 2268)
(94, 2243)
(94, 2245)
(94, 2264)
(94, 2267)
(94, 2275)
(95, 2235)
(95, 2236)
(95, 2256)
(95, 2257)
(95, 2273)
(95, 2274)
(96, 2233)
(96, 2234)
(96, 2272)
(96, 2282)
(97, 141)
(97, 154)
(97, 320)
(97, 322)
(97, 2271)
(98, 142)
(98, 149)
(98, 150)
(98, 151)
(98, 321)
(98, 323)
(98, 2255)
(99, 148)
(99, 152)
(99, 153)
(99, 2254)
(100, 133)
(100, 134)
(100, 2253)
(100, 2279)
(100, 2281)
(101, 129)
(101, 2277)
(101, 2280)
(102, 2252)
(102, 2276)
(102, 2278)
(103, 2251)
(104, 128)
(104, 161)
(104, 2250)
(105, 120)
(105, 157)
(105, 163)
(105, 2247)
(106, 138)
(106, 143)
(106, 146)
(106, 147)
(106, 155)
(106, 156)
(106, 160)
(106, 2248)
(106, 2249)
(107, 124)
(107, 135)
(107, 136)
(107, 137)
(107, 144)
(107, 145)
(107, 158)
(107, 159)
(107, 2246)
(109, 140)
(113, 123)
(113, 125)
(113, 127)
(113, 130)
(113, 132)
(113, 133)
(113, 151)
(113, 152)
(113, 153)
(114, 122)
(114, 131)
(114, 165)
(115, 121)
(115, 126)
(115, 139)
(115, 142)
(116, 128)
(116, 129)
(117, 164)
(118, 124)
(119, 162)
(122, 141)
(122, 161)
(122, 163)
(125, 138)
(126, 140)
(127, 139)
(210, 370)
(210, 371)
(210, 372)
(210, 373)
(210, 374)
(211, 366)
(211, 367)
(211, 368)
(211, 369)
(211, 375)
(211, 376)
(211, 377)
(211, 378)
(211, 379)
(211, 380)
(211, 381)
(211, 382)
(211, 383)
(211, 384)
(211, 385)
(211, 386)
(212, 363)
(212, 364)
(212, 365)
(212, 387)
(212, 388)
(212, 429)
(212, 430)
(213, 359)
(213, 360)
(213, 361)
(213, 362)
(213, 389)
(213, 392)
(213, 393)
(213, 394)
(213, 395)
(213, 396)
(213, 417)
(213, 418)
(213, 419)
(213, 420)
(213, 421)
(213, 427)
(213, 428)
(213, 431)
(213, 432)
(214, 358)
(214, 397)
(214, 398)
(214, 399)
(214, 404)
(214, 405)
(214, 406)
(214, 407)
(214, 408)
(214, 409)
(214, 410)
(214, 411)
(214, 412)
(214, 413)
(214, 414)
(214, 415)
(214, 416)
(214, 422)
(214, 423)
(214, 424)
(214, 425)
(214, 426)
(214, 433)
(214, 434)
(215, 356)
(215, 357)
(215, 400)
(215, 401)
(215, 402)
(215, 403)
(215, 435)
(216, 354)
(216, 355)
(216, 436)
(216, 437)
(216, 438)
(216, 439)
(216, 440)
(217, 352)
(217, 353)
(217, 441)
(218, 305)
(218, 306)
(218, 307)
(218, 351)
(218, 442)
(219, 304)
(219, 308)
(219, 309)
(219, 310)
(219, 311)
(219, 349)
(219, 350)
(219, 443)
(219, 477)
(219, 478)
(219, 479)
(219, 480)
(219, 482)
(219, 483)
(219, 484)
(219, 485)
(220, 301)
(220, 302)
(220, 303)
(220, 312)
(220, 348)
(220, 444)
(220, 445)
(220, 476)
(220, 481)
(220, 486)
(220, 487)
(220, 488)
(220, 490)
(220, 491)
(220, 492)
(220, 493)
(221, 298)
(221, 300)
(221, 313)
(221, 314)
(221, 317)
(221, 318)
(221, 319)
(221, 320)
(221, 321)
(221, 322)
(221, 323)
(221, 324)
(221, 343)
(221, 344)
(221, 345)
(221, 346)
(221, 347)
(221, 446)
(221, 447)
(221, 448)
(221, 474)
(221, 489)
(221, 494)
(221, 495)
(221, 496)
(221, 506)
(221, 507)
(221, 508)
(221, 509)
(221, 510)
(221, 511)
(221, 512)
(221, 513)
(221, 514)
(221, 515)
(221, 520)
(221, 521)
(221, 522)
(221, 523)
(221, 524)
(221, 526)
(221, 527)
(221, 528)
(221, 534)
(221, 535)
(221, 536)
(221, 537)
(221, 538)
(221, 539)
(221, 540)
(222, 254)
(222, 255)
(222, 256)
(222, 257)
(222, 258)
(222, 259)
(222, 269)
(222, 270)
(222, 271)
(222, 272)
(222, 295)
(222, 296)
(222, 297)
(222, 315)
(222, 316)
(222, 325)
(222, 326)
(222, 338)
(222, 339)
(222, 340)
(222, 341)
(222, 342)
(222, 449)
(222, 450)
(222, 451)
(222, 452)
(222, 472)
(222, 473)
(222, 475)
(222, 497)
(222, 498)
(222, 499)
(222, 500)
(222, 501)
(222, 502)
(222, 503)
(222, 504)
(222, 505)
(222, 516)
(222, 517)
(222, 518)
(222, 519)
(222, 525)
(222, 529)
(222, 530)
(222, 531)
(222, 533)
(222, 541)
(222, 542)
(222, 543)
(222, 544)
(222, 545)
(222, 546)
(223, 246)
(223, 247)
(223, 248)
(223, 249)
(223, 250)
(223, 251)
(223, 252)
(223, 253)
(223, 260)
(223, 261)
(223, 262)
(223, 263)
(223, 264)
(223, 265)
(223, 266)
(223, 267)
(223, 268)
(223, 273)
(223, 274)
(223, 275)
(223, 276)
(223, 277)
(223, 278)
(223, 279)
(223, 280)
(223, 290)
(223, 291)
(223, 292)
(223, 293)
(223, 294)
(223, 327)
(223, 328)
(223, 335)
(223, 336)
(223, 337)
(223, 453)
(223, 454)
(223, 470)
(223, 471)
(223, 532)
(223, 547)
(223, 548)
(223, 549)
(223, 550)
(223, 551)
(223, 552)
(223, 579)
(223, 580)
(223, 581)
(224, 243)
(224, 244)
(224, 245)
(224, 281)
(224, 288)
(224, 289)
(224, 329)
(224, 330)
(224, 331)
(224, 332)
(224, 333)
(224, 334)
(224, 455)
(224, 456)
(224, 457)
(224, 458)
(224, 464)
(224, 465)
(224, 466)
(224, 467)
(224, 468)
(224, 469)
(224, 553)
(224, 554)
(224, 555)
(224, 556)
(224, 557)
(224, 570)
(224, 571)
(224, 574)
(224, 575)
(224, 576)
(224, 577)
(224, 578)
(224, 582)
(224, 583)
(224, 584)
(224, 585)
(224, 586)
(224, 587)
(224, 588)
(224, 589)
(224, 590)
(224, 591)
(224, 592)
(224, 593)
(224, 594)
(224, 595)
(224, 596)
(224, 597)
(224, 598)
(224, 599)
(224, 600)
(224, 601)
(224, 602)
(225, 228)
(225, 229)
(225, 230)
(225, 231)
(225, 232)
(225, 241)
(225, 242)
(225, 283)
(225, 286)
(225, 287)
(225, 459)
(225, 460)
(225, 461)
(225, 462)
(225, 463)
(225, 558)
(225, 559)
(225, 560)
(225, 561)
(225, 562)
(225, 563)
(225, 564)
(225, 565)
(225, 566)
(225, 567)
(225, 568)
(225, 569)
(225, 573)
(225, 603)
(225, 604)
(225, 605)
(225, 606)
(225, 607)
(226, 184)
(226, 185)
(226, 186)
(226, 187)
(226, 227)
(226, 233)
(226, 234)
(226, 235)
(226, 236)
(226, 237)
(226, 238)
(226, 239)
(226, 240)
(226, 282)
(226, 284)
(226, 285)
(226, 608)
(226, 609)
(226, 622)
(226, 623)
(226, 624)
(226, 625)
(226, 626)
(226, 627)
(226, 628)
(226, 629)
(226, 630)
(226, 631)
(227, 181)
(227, 182)
(227, 183)
(227, 188)
(227, 189)
(227, 207)
(227, 224)
(227, 225)
(227, 226)
(227, 610)
(227, 611)
(227, 612)
(227, 613)
(227, 614)
(227, 615)
(227, 616)
(227, 617)
(227, 618)
(227, 619)
(227, 620)
(227, 621)
(227, 632)
(227, 633)
(227, 634)
(227, 635)
(228, 180)
(228, 203)
(228, 204)
(228, 205)
(228, 206)
(228, 212)
(228, 213)
(228, 214)
(228, 215)
(228, 216)
(228, 217)
(228, 218)
(228, 219)
(228, 220)
(228, 221)
(228, 222)
(228, 223)
(228, 636)
(228, 637)
(229, 179)
(229, 190)
(229, 192)
(229, 199)
(229, 200)
(229, 201)
(229, 202)
(229, 209)
(229, 210)
(229, 211)
(229, 638)
(229, 639)
(229, 640)
(229, 641)
(229, 642)
(229, 643)
(229, 644)
(229, 645)
(229, 689)
(229, 690)
(229, 692)
(229, 693)
(229, 694)
(229, 695)
(230, 178)
(230, 191)
(230, 193)
(230, 194)
(230, 196)
(230, 197)
(230, 198)
(230, 646)
(230, 647)
(230, 648)
(230, 686)
(230, 687)
(230, 688)
(230, 691)
(230, 696)
(230, 697)
(230, 698)
(230, 699)
(230, 700)
(230, 701)
(230, 702)
(230, 703)
(230, 704)
(230, 705)
(230, 1314)
(230, 1315)
(230, 1316)
(230, 1317)
(230, 1318)
(230, 1319)
(230, 1322)
(231, 195)
(231, 649)
(231, 650)
(231, 651)
(231, 652)
(231, 653)
(231, 682)
(231, 683)
(231, 684)
(231, 685)
(231, 706)
(231, 707)
(231, 1309)
(231, 1310)
(231, 1311)
(231, 1312)
(231, 1313)
(231, 1320)
(231, 1321)
(231, 1323)
(231, 1324)
(231, 1325)
(231, 1326)
(232, 175)
(232, 176)
(232, 177)
(232, 654)
(232, 655)
(232, 656)
(232, 657)
(232, 679)
(232, 680)
(232, 681)
(232, 708)
(232, 709)
(232, 710)
(232, 711)
(232, 712)
(232, 985)
(232, 986)
(232, 987)
(232, 1307)
(232, 1308)
(232, 1327)
(232, 1328)
(232, 1329)
(232, 1330)
(232, 1331)
(233, 174)
(233, 658)
(233, 659)
(233, 660)
(233, 677)
(233, 678)
(233, 713)
(233, 714)
(233, 715)
(233, 716)
(233, 717)
(233, 718)
(233, 723)
(233, 724)
(233, 725)
(233, 726)
(233, 727)
(233, 728)
(233, 729)
(233, 730)
(233, 731)
(233, 732)
(233, 733)
(233, 734)
(233, 735)
(233, 982)
(233, 983)
(233, 984)
(233, 988)
(233, 989)
(233, 1305)
(233, 1306)
(233, 1332)
(233, 1333)
(233, 1334)
(233, 1335)
(234, 168)
(234, 169)
(234, 170)
(234, 171)
(234, 172)
(234, 173)
(234, 661)
(234, 662)
(234, 663)
(234, 675)
(234, 676)
(234, 719)
(234, 720)
(234, 721)
(234, 722)
(234, 736)
(234, 737)
(234, 738)
(234, 739)
(234, 740)
(234, 741)
(234, 742)
(234, 743)
(234, 744)
(234, 745)
(234, 746)
(234, 981)
(234, 990)
(234, 1336)
(234, 1337)
(234, 1338)
(235, 166)
(235, 167)
(235, 671)
(235, 672)
(235, 673)
(235, 674)
(235, 747)
(235, 748)
(235, 749)
(235, 750)
(235, 751)
(235, 752)
(235, 756)
(235, 1302)
(235, 1303)
(235, 1304)
(235, 1339)
(235, 1340)
(236, 165)
(236, 666)
(236, 667)
(236, 668)
(236, 669)
(236, 670)
(236, 753)
(236, 754)
(236, 755)
(236, 757)
(236, 758)
(236, 759)
(236, 760)
(236, 761)
(236, 762)
(236, 763)
(236, 764)
(236, 765)
(236, 766)
(236, 767)
(236, 1300)
(236, 1342)
(237, 156)
(237, 157)
(237, 158)
(237, 159)
(237, 160)
(237, 161)
(237, 162)
(237, 163)
(237, 164)
(237, 768)
(237, 769)
(237, 1299)
(237, 1301)
(237, 1341)
(237, 1343)
(237, 1344)
(238, 152)
(238, 153)
(238, 154)
(238, 155)
(238, 770)
(238, 771)
(238, 772)
(238, 773)
(238, 774)
(238, 775)
(238, 776)
(238, 777)
(238, 778)
(238, 779)
(238, 780)
(238, 781)
(238, 782)
(238, 1345)
(238, 1346)
(238, 1347)
(239, 148)
(239, 149)
(239, 150)
(239, 151)
(239, 783)
(239, 784)
(239, 1298)
(239, 1348)
(239, 1349)
(240, 145)
(240, 146)
(240, 147)
(240, 785)
(240, 786)
(240, 787)
(240, 788)
(240, 789)
(240, 790)
(240, 791)
(240, 792)
(240, 793)
(240, 794)
(240, 795)
(240, 796)
(240, 797)
(240, 798)
(240, 1297)
(240, 1350)
(240, 1351)
(241, 142)
(241, 143)
(241, 144)
(241, 799)
(241, 800)
(241, 1296)
(241, 1352)
(242, 140)
(242, 141)
(242, 801)
(242, 802)
(242, 833)
(242, 834)
(242, 835)
(242, 1295)
(242, 1353)
(242, 1354)
(242, 1355)
(243, 127)
(243, 128)
(243, 129)
(243, 130)
(243, 131)
(243, 132)
(243, 137)
(243, 138)
(243, 139)
(243, 803)
(243, 804)
(243, 805)
(243, 806)
(243, 807)
(243, 808)
(243, 809)
(243, 810)
(243, 811)
(243, 812)
(243, 813)
(243, 814)
(243, 815)
(243, 828)
(243, 829)
(243, 830)
(243, 831)
(243, 832)
(243, 836)
(243, 837)
(243, 838)
(243, 1294)
(243, 1356)
(244, 123)
(244, 124)
(244, 125)
(244, 126)
(244, 133)
(244, 134)
(244, 135)
(244, 136)
(244, 816)
(244, 817)
(244, 818)
(244, 819)
(244, 820)
(244, 821)
(244, 822)
(244, 823)
(244, 824)
(244, 825)
(244, 826)
(244, 827)
(244, 839)
(244, 840)
(244, 1293)
(244, 1358)
(245, 119)
(245, 120)
(245, 121)
(245, 122)
(245, 841)
(245, 842)
(245, 1292)
(245, 1357)
(245, 1360)
(245, 1361)
(245, 2243)
(245, 2244)
(245, 2245)
(245, 2246)
(245, 2256)
(245, 2257)
(245, 2258)
(245, 2259)
(245, 2260)
(245, 2261)
(245, 2262)
(245, 2263)
(245, 2283)
(245, 2284)
(245, 2285)
(245, 2286)
(245, 2287)
(245, 2288)
(245, 2289)
(246, 843)
(246, 844)
(246, 845)
(246, 846)
(246, 1291)
(246, 1359)
(246, 1362)
(246, 1363)
(246, 2240)
(246, 2241)
(246, 2242)
(246, 2248)
(246, 2249)
(246, 2264)
(246, 2265)
(246, 2266)
(246, 2267)
(246, 2268)
(246, 2269)
(246, 2270)
(246, 2271)
(246, 2272)
(246, 2273)
(246, 2274)
(246, 2275)
(246, 2276)
(246, 2277)
(246, 2278)
(246, 2279)
(246, 2280)
(246, 2281)
(246, 2282)
(246, 2290)
(246, 2291)
(246, 2292)
(246, 2293)
(246, 2294)
(246, 2295)
(246, 2303)
(246, 2304)
(246, 2305)
(246, 2306)
(246, 2307)
(246, 2308)
(247, 849)
(247, 871)
(247, 872)
(247, 873)
(247, 874)
(247, 875)
(247, 876)
(247, 877)
(247, 878)
(247, 879)
(247, 880)
(247, 1290)
(247, 1364)
(247, 1365)
(247, 2237)
(247, 2238)
(247, 2239)
(247, 2247)
(247, 2250)
(247, 2251)
(247, 2252)
(247, 2253)
(247, 2255)
(247, 2296)
(247, 2297)
(247, 2298)
(247, 2299)
(247, 2300)
(247, 2301)
(247, 2302)
(248, 848)
(248, 850)
(248, 851)
(248, 870)
(248, 881)
(248, 882)
(248, 883)
(248, 1289)
(248, 1366)
(248, 1367)
(248, 1368)
(248, 1369)
(248, 2234)
(248, 2235)
(248, 2236)
(248, 2254)
(249, 852)
(249, 853)
(249, 854)
(249, 855)
(249, 856)
(249, 857)
(249, 858)
(249, 859)
(249, 860)
(249, 861)
(249, 862)
(249, 863)
(249, 864)
(249, 865)
(249, 866)
(249, 867)
(249, 868)
(249, 869)
(249, 884)
(249, 885)
(249, 886)
(249, 887)
(249, 888)
(249, 1288)
(249, 1370)
(249, 1371)
(249, 2232)
(249, 2233)
(250, 889)
(250, 890)
(250, 891)
(250, 1172)
(250, 1173)
(250, 1174)
(250, 1175)
(250, 1176)
(250, 1177)
(250, 1178)
(250, 1179)
(250, 1285)
(250, 1287)
(250, 1372)
(250, 1373)
(250, 1374)
(250, 2220)
(250, 2221)
(250, 2222)
(250, 2223)
(250, 2229)
(250, 2230)
(250, 2231)
(251, 892)
(251, 893)
(251, 894)
(251, 895)
(251, 970)
(251, 971)
(251, 972)
(251, 973)
(251, 975)
(251, 976)
(251, 977)
(251, 978)
(251, 979)
(251, 980)
(251, 981)
(251, 982)
(251, 983)
(251, 984)
(251, 985)
(251, 986)
(251, 1158)
(251, 1159)
(251, 1160)
(251, 1161)
(251, 1162)
(251, 1163)
(251, 1164)
(251, 1165)
(251, 1166)
(251, 1167)
(251, 1168)
(251, 1169)
(251, 1170)
(251, 1171)
(251, 1180)
(251, 1181)
(251, 1182)
(251, 1183)
(251, 1184)
(251, 1185)
(251, 1186)
(251, 1286)
(251, 1375)
(251, 2142)
(251, 2143)
(251, 2144)
(251, 2145)
(251, 2146)
(251, 2147)
(251, 2148)
(251, 2149)
(251, 2150)
(251, 2151)
(251, 2152)
(251, 2153)
(251, 2154)
(251, 2155)
(251, 2156)
(251, 2157)
(251, 2158)
(251, 2159)
(251, 2160)
(251, 2161)
(251, 2162)
(251, 2163)
(251, 2164)
(251, 2165)
(251, 2166)
(251, 2167)
(251, 2168)
(251, 2169)
(251, 2170)
(251, 2178)
(251, 2179)
(251, 2180)
(251, 2181)
(251, 2182)
(251, 2183)
(251, 2184)
(251, 2185)
(251, 2186)
(251, 2187)
(251, 2188)
(251, 2189)
(251, 2190)
(251, 2191)
(251, 2218)
(251, 2219)
(251, 2224)
(251, 2225)
(251, 2226)
(251, 2227)
(251, 2228)
(252, 896)
(252, 897)
(252, 965)
(252, 966)
(252, 967)
(252, 968)
(252, 969)
(252, 974)
(252, 987)
(252, 988)
(252, 989)
(252, 1133)
(252, 1134)
(252, 1135)
(252, 1136)
(252, 1137)
(252, 1138)
(252, 1139)
(252, 1140)
(252, 1141)
(252, 1142)
(252, 1143)
(252, 1144)
(252, 1145)
(252, 1146)
(252, 1147)
(252, 1148)
(252, 1149)
(252, 1150)
(252, 1151)
(252, 1152)
(252, 1153)
(252, 1154)
(252, 1155)
(252, 1156)
(252, 1157)
(252, 1187)
(252, 1188)
(252, 1189)
(252, 1190)
(252, 1228)
(252, 1229)
(252, 1230)
(252, 1231)
(252, 1232)
(252, 1233)
(252, 1234)
(252, 1235)
(252, 1236)
(252, 1237)
(252, 1238)
(252, 1239)
(252, 1284)
(252, 1377)
(252, 1378)
(252, 2138)
(252, 2139)
(252, 2140)
(252, 2141)
(252, 2171)
(252, 2172)
(252, 2173)
(252, 2174)
(252, 2175)
(252, 2176)
(252, 2177)
(252, 2192)
(252, 2193)
(252, 2194)
(252, 2195)
(252, 2196)
(252, 2215)
(252, 2216)
(252, 2217)
(253, 898)
(253, 899)
(253, 900)
(253, 901)
(253, 962)
(253, 963)
(253, 964)
(253, 990)
(253, 991)
(253, 992)
(253, 993)
(253, 1067)
(253, 1068)
(253, 1069)
(253, 1070)
(253, 1071)
(253, 1072)
(253, 1073)
(253, 1074)
(253, 1075)
(253, 1076)
(253, 1077)
(253, 1078)
(253, 1079)
(253, 1080)
(253, 1081)
(253, 1082)
(253, 1083)
(253, 1131)
(253, 1132)
(253, 1191)
(253, 1192)
(253, 1193)
(253, 1194)
(253, 1226)
(253, 1227)
(253, 1240)
(253, 1241)
(253, 1242)
(253, 1281)
(253, 1283)
(253, 1376)
(253, 1379)
(253, 1380)
(253, 2131)
(253, 2132)
(253, 2133)
(253, 2134)
(253, 2135)
(253, 2136)
(253, 2137)
(253, 2197)
(253, 2198)
(253, 2199)
(253, 2200)
(253, 2212)
(253, 2213)
(254, 902)
(254, 903)
(254, 904)
(254, 948)
(254, 949)
(254, 950)
(254, 951)
(254, 952)
(254, 953)
(254, 954)
(254, 955)
(254, 956)
(254, 957)
(254, 958)
(254, 959)
(254, 960)
(254, 961)
(254, 994)
(254, 995)
(254, 996)
(254, 1002)
(254, 1003)
(254, 1004)
(254, 1005)
(254, 1006)
(254, 1007)
(254, 1008)
(254, 1063)
(254, 1064)
(254, 1065)
(254, 1066)
(254, 1084)
(254, 1085)
(254, 1086)
(254, 1087)
(254, 1088)
(254, 1089)
(254, 1090)
(254, 1123)
(254, 1124)
(254, 1125)
(254, 1126)
(254, 1127)
(254, 1128)
(254, 1129)
(254, 1130)
(254, 1195)
(254, 1196)
(254, 1197)
(254, 1198)
(254, 1199)
(254, 1224)
(254, 1225)
(254, 1243)
(254, 1244)
(254, 1245)
(254, 1246)
(254, 1247)
(254, 1257)
(254, 1258)
(254, 1259)
(254, 1260)
(254, 1261)
(254, 1262)
(254, 1263)
(254, 1267)
(254, 1268)
(254, 1280)
(254, 1282)
(254, 1381)
(254, 1382)
(254, 1383)
(254, 2126)
(254, 2127)
(254, 2128)
(254, 2129)
(254, 2130)
(254, 2201)
(254, 2202)
(254, 2203)
(254, 2204)
(254, 2205)
(254, 2206)
(254, 2207)
(254, 2208)
(254, 2209)
(254, 2210)
(254, 2211)
(254, 2214)
(255, 905)
(255, 906)
(255, 907)
(255, 908)
(255, 934)
(255, 935)
(255, 940)
(255, 941)
(255, 942)
(255, 943)
(255, 944)
(255, 945)
(255, 946)
(255, 947)
(255, 997)
(255, 998)
(255, 999)
(255, 1000)
(255, 1001)
(255, 1009)
(255, 1010)
(255, 1011)
(255, 1012)
(255, 1013)
(255, 1035)
(255, 1036)
(255, 1037)
(255, 1038)
(255, 1039)
(255, 1040)
(255, 1047)
(255, 1048)
(255, 1049)
(255, 1050)
(255, 1051)
(255, 1052)
(255, 1053)
(255, 1054)
(255, 1055)
(255, 1056)
(255, 1057)
(255, 1058)
(255, 1059)
(255, 1060)
(255, 1061)
(255, 1062)
(255, 1091)
(255, 1092)
(255, 1093)
(255, 1094)
(255, 1095)
(255, 1096)
(255, 1099)
(255, 1100)
(255, 1101)
(255, 1102)
(255, 1103)
(255, 1111)
(255, 1112)
(255, 1113)
(255, 1114)
(255, 1115)
(255, 1116)
(255, 1117)
(255, 1118)
(255, 1119)
(255, 1120)
(255, 1121)
(255, 1200)
(255, 1201)
(255, 1202)
(255, 1203)
(255, 1204)
(255, 1221)
(255, 1222)
(255, 1223)
(255, 1248)
(255, 1249)
(255, 1250)
(255, 1251)
(255, 1252)
(255, 1253)
(255, 1254)
(255, 1255)
(255, 1256)
(255, 1264)
(255, 1265)
(255, 1266)
(255, 1269)
(255, 1270)
(255, 1271)
(255, 1272)
(255, 1273)
(255, 1274)
(255, 1275)
(255, 1276)
(255, 1277)
(255, 1278)
(255, 1279)
(255, 1384)
(255, 1385)
(255, 1386)
(255, 1387)
(255, 2123)
(255, 2124)
(255, 2125)
(256, 909)
(256, 910)
(256, 911)
(256, 912)
(256, 913)
(256, 914)
(256, 915)
(256, 928)
(256, 929)
(256, 930)
(256, 931)
(256, 932)
(256, 933)
(256, 936)
(256, 937)
(256, 938)
(256, 1014)
(256, 1015)
(256, 1016)
(256, 1017)
(256, 1018)
(256, 1019)
(256, 1020)
(256, 1021)
(256, 1022)
(256, 1023)
(256, 1024)
(256, 1025)
(256, 1026)
(256, 1027)
(256, 1028)
(256, 1029)
(256, 1030)
(256, 1031)
(256, 1032)
(256, 1033)
(256, 1034)
(256, 1041)
(256, 1042)
(256, 1043)
(256, 1044)
(256, 1045)
(256, 1046)
(256, 1097)
(256, 1098)
(256, 1104)
(256, 1105)
(256, 1106)
(256, 1107)
(256, 1108)
(256, 1109)
(256, 1110)
(256, 1205)
(256, 1206)
(256, 1207)
(256, 1208)
(256, 1209)
(256, 1210)
(256, 1211)
(256, 1212)
(256, 1213)
(256, 1215)
(256, 1216)
(256, 1217)
(256, 1218)
(256, 1219)
(256, 1220)
(256, 1388)
(256, 1389)
(256, 1390)
(256, 1391)
(256, 1392)
(256, 2121)
(257, 916)
(257, 917)
(257, 918)
(257, 919)
(257, 920)
(257, 921)
(257, 922)
(257, 923)
(257, 924)
(257, 925)
(257, 926)
(257, 927)
(257, 1214)
(257, 1393)
(257, 1394)
(257, 1395)
(257, 1396)
(257, 2120)
(257, 2122)
(258, 1397)
(258, 1398)
(258, 1399)
(258, 1400)
(258, 1401)
(258, 1402)
(258, 1414)
(258, 1415)
(258, 1991)
(258, 1992)
(258, 1993)
(258, 1994)
(258, 1995)
(258, 1996)
(258, 1997)
(258, 1998)
(258, 1999)
(258, 2000)
(258, 2001)
(258, 2002)
(258, 2003)
(258, 2004)
(258, 2005)
(258, 2006)
(258, 2007)
(258, 2008)
(258, 2009)
(258, 2010)
(258, 2011)
(258, 2012)
(258, 2013)
(258, 2014)
(258, 2015)
(258, 2016)
(258, 2017)
(258, 2018)
(258, 2118)
(259, 1403)
(259, 1404)
(259, 1405)
(259, 1406)
(259, 1407)
(259, 1408)
(259, 1409)
(259, 1410)
(259, 1411)
(259, 1412)
(259, 1413)
(259, 1416)
(259, 1417)
(259, 1418)
(259, 1419)
(259, 1420)
(259, 1421)
(259, 1853)
(259, 1989)
(259, 1990)
(259, 2019)
(259, 2020)
(259, 2021)
(259, 2022)
(259, 2023)
(259, 2024)
(259, 2025)
(259, 2026)
(259, 2027)
(259, 2028)
(259, 2029)
(259, 2030)
(259, 2031)
(259, 2115)
(259, 2116)
(259, 2117)
(259, 2119)
(260, 1422)
(260, 1423)
(260, 1424)
(260, 1425)
(260, 1426)
(260, 1427)
(260, 1428)
(260, 1429)
(260, 1430)
(260, 1431)
(260, 1432)
(260, 1433)
(260, 1434)
(260, 1435)
(260, 1436)
(260, 1437)
(260, 1438)
(260, 1696)
(260, 1697)
(260, 1698)
(260, 1699)
(260, 1700)
(260, 1701)
(260, 1702)
(260, 1703)
(260, 1704)
(260, 1705)
(260, 1706)
(260, 1707)
(260, 1708)
(260, 1709)
(260, 1710)
(260, 1711)
(260, 1833)
(260, 1834)
(260, 1835)
(260, 1836)
(260, 1837)
(260, 1841)
(260, 1842)
(260, 1843)
(260, 1844)
(260, 1845)
(260, 1846)
(260, 1847)
(260, 1848)
(260, 1849)
(260, 1850)
(260, 1851)
(260, 1852)
(260, 1854)
(260, 1855)
(260, 1856)
(260, 1857)
(260, 1858)
(260, 1859)
(260, 1860)
(260, 1861)
(260, 1862)
(260, 1863)
(260, 1864)
(260, 1865)
(260, 1866)
(260, 1974)
(260, 1975)
(260, 1976)
(260, 1977)
(260, 1978)
(260, 1979)
(260, 1980)
(260, 1981)
(260, 1982)
(260, 1983)
(260, 1984)
(260, 1985)
(260, 1986)
(260, 1987)
(260, 2032)
(260, 2033)
(260, 2034)
(260, 2112)
(260, 2113)
(260, 2114)
(261, 1439)
(261, 1440)
(261, 1441)
(261, 1442)
(261, 1443)
(261, 1444)
(261, 1445)
(261, 1446)
(261, 1447)
(261, 1669)
(261, 1670)
(261, 1671)
(261, 1672)
(261, 1673)
(261, 1674)
(261, 1675)
(261, 1676)
(261, 1677)
(261, 1678)
(261, 1679)
(261, 1680)
(261, 1681)
(261, 1682)
(261, 1683)
(261, 1684)
(261, 1685)
(261, 1686)
(261, 1687)
(261, 1689)
(261, 1690)
(261, 1691)
(261, 1692)
(261, 1693)
(261, 1694)
(261, 1695)
(261, 1712)
(261, 1713)
(261, 1714)
(261, 1715)
(261, 1716)
(261, 1717)
(261, 1718)
(261, 1809)
(261, 1810)
(261, 1811)
(261, 1812)
(261, 1813)
(261, 1814)
(261, 1815)
(261, 1816)
(261, 1817)
(261, 1818)
(261, 1819)
(261, 1820)
(261, 1821)
(261, 1822)
(261, 1823)
(261, 1824)
(261, 1825)
(261, 1826)
(261, 1827)
(261, 1828)
(261, 1829)
(261, 1830)
(261, 1831)
(261, 1832)
(261, 1838)
(261, 1839)
(261, 1840)
(261, 1867)
(261, 1868)
(261, 1869)
(261, 1887)
(261, 1888)
(261, 1889)
(261, 1890)
(261, 1891)
(261, 1892)
(261, 1893)
(261, 1894)
(261, 1895)
(261, 1959)
(261, 1960)
(261, 1961)
(261, 1962)
(261, 1963)
(261, 1964)
(261, 1965)
(261, 1966)
(261, 1967)
(261, 1968)
(261, 1969)
(261, 1970)
(261, 1971)
(261, 1972)
(261, 1973)
(261, 1988)
(261, 2035)
(261, 2036)
(261, 2037)
(261, 2090)
(261, 2091)
(261, 2092)
(261, 2093)
(261, 2094)
(261, 2095)
(261, 2096)
(261, 2097)
(261, 2098)
(261, 2099)
(261, 2100)
(261, 2101)
(261, 2102)
(261, 2103)
(261, 2104)
(261, 2105)
(261, 2106)
(261, 2107)
(261, 2108)
(261, 2109)
(261, 2110)
(261, 2111)
(262, 1448)
(262, 1449)
(262, 1450)
(262, 1451)
(262, 1664)
(262, 1665)
(262, 1666)
(262, 1667)
(262, 1668)
(262, 1688)
(262, 1719)
(262, 1720)
(262, 1721)
(262, 1722)
(262, 1723)
(262, 1724)
(262, 1725)
(262, 1730)
(262, 1731)
(262, 1732)
(262, 1733)
(262, 1734)
(262, 1735)
(262, 1736)
(262, 1737)
(262, 1738)
(262, 1739)
(262, 1740)
(262, 1741)
(262, 1742)
(262, 1743)
(262, 1744)
(262, 1745)
(262, 1746)
(262, 1747)
(262, 1784)
(262, 1785)
(262, 1786)
(262, 1787)
(262, 1788)
(262, 1789)
(262, 1790)
(262, 1791)
(262, 1792)
(262, 1793)
(262, 1794)
(262, 1795)
(262, 1796)
(262, 1797)
(262, 1798)
(262, 1799)
(262, 1800)
(262, 1801)
(262, 1802)
(262, 1803)
(262, 1804)
(262, 1805)
(262, 1806)
(262, 1807)
(262, 1808)
(262, 1870)
(262, 1871)
(262, 1872)
(262, 1873)
(262, 1874)
(262, 1875)
(262, 1876)
(262, 1877)
(262, 1878)
(262, 1879)
(262, 1880)
(262, 1881)
(262, 1882)
(262, 1883)
(262, 1884)
(262, 1885)
(262, 1886)
(262, 1896)
(262, 1897)
(262, 1898)
(262, 1899)
(262, 1900)
(262, 1951)
(262, 1952)
(262, 1953)
(262, 1954)
(262, 1955)
(262, 1956)
(262, 1957)
(262, 1958)
(262, 2038)
(262, 2039)
(262, 2040)
(262, 2041)
(262, 2042)
(262, 2043)
(262, 2044)
(262, 2045)
(262, 2046)
(262, 2050)
(262, 2051)
(262, 2052)
(262, 2053)
(262, 2054)
(262, 2055)
(262, 2056)
(262, 2057)
(262, 2082)
(262, 2083)
(262, 2084)
(262, 2085)
(262, 2086)
(262, 2087)
(262, 2088)
(262, 2089)
(263, 1452)
(263, 1453)
(263, 1454)
(263, 1660)
(263, 1661)
(263, 1662)
(263, 1663)
(263, 1726)
(263, 1727)
(263, 1728)
(263, 1729)
(263, 1748)
(263, 1749)
(263, 1750)
(263, 1751)
(263, 1752)
(263, 1753)
(263, 1754)
(263, 1755)
(263, 1756)
(263, 1757)
(263, 1758)
(263, 1759)
(263, 1778)
(263, 1779)
(263, 1780)
(263, 1781)
(263, 1782)
(263, 1783)
(263, 1901)
(263, 1902)
(263, 1903)
(263, 1904)
(263, 1905)
(263, 1906)
(263, 1907)
(263, 1944)
(263, 1945)
(263, 1947)
(263, 1948)
(263, 1949)
(263, 1950)
(263, 2047)
(263, 2048)
(263, 2049)
(263, 2058)
(263, 2059)
(263, 2060)
(263, 2061)
(263, 2062)
(263, 2063)
(263, 2064)
(263, 2065)
(263, 2066)
(263, 2067)
(263, 2068)
(263, 2069)
(263, 2070)
(263, 2075)
(263, 2076)
(263, 2077)
(263, 2078)
(263, 2079)
(263, 2080)
(263, 2081)
(264, 1455)
(264, 1552)
(264, 1553)
(264, 1554)
(264, 1555)
(264, 1556)
(264, 1557)
(264, 1558)
(264, 1559)
(264, 1560)
(264, 1561)
(264, 1562)
(264, 1563)
(264, 1650)
(264, 1651)
(264, 1652)
(264, 1653)
(264, 1654)
(264, 1655)
(264, 1656)
(264, 1657)
(264, 1658)
(264, 1659)
(264, 1760)
(264, 1761)
(264, 1762)
(264, 1763)
(264, 1764)
(264, 1765)
(264, 1766)
(264, 1767)
(264, 1768)
(264, 1769)
(264, 1770)
(264, 1771)
(264, 1772)
(264, 1773)
(264, 1774)
(264, 1775)
(264, 1776)
(264, 1777)
(264, 1908)
(264, 1909)
(264, 1910)
(264, 1911)
(264, 1912)
(264, 1913)
(264, 1914)
(264, 1915)
(264, 1916)
(264, 1917)
(264, 1918)
(264, 1919)
(264, 1920)
(264, 1921)
(264, 1922)
(264, 1923)
(264, 1924)
(264, 1925)
(264, 1926)
(264, 1927)
(264, 1928)
(264, 1929)
(264, 1930)
(264, 1931)
(264, 1932)
(264, 1933)
(264, 1934)
(264, 1935)
(264, 1936)
(264, 1937)
(264, 1938)
(264, 1939)
(264, 1940)
(264, 1941)
(264, 1942)
(264, 1943)
(264, 1946)
(264, 2071)
(264, 2072)
(264, 2073)
(264, 2074)
(265, 1456)
(265, 1457)
(265, 1458)
(265, 1459)
(265, 1539)
(265, 1540)
(265, 1541)
(265, 1542)
(265, 1543)
(265, 1544)
(265, 1545)
(265, 1546)
(265, 1547)
(265, 1548)
(265, 1549)
(265, 1550)
(265, 1551)
(265, 1564)
(265, 1565)
(265, 1566)
(265, 1567)
(265, 1568)
(265, 1569)
(265, 1570)
(265, 1571)
(265, 1572)
(265, 1573)
(265, 1574)
(265, 1575)
(265, 1576)
(265, 1577)
(265, 1578)
(265, 1579)
(265, 1580)
(265, 1581)
(265, 1582)
(265, 1583)
(265, 1584)
(265, 1585)
(265, 1586)
(265, 1587)
(265, 1588)
(265, 1598)
(265, 1599)
(265, 1641)
(265, 1642)
(265, 1643)
(265, 1644)
(265, 1645)
(265, 1646)
(265, 1647)
(265, 1648)
(265, 1649)
(266, 1460)
(266, 1461)
(266, 1462)
(266, 1533)
(266, 1534)
(266, 1535)
(266, 1536)
(266, 1537)
(266, 1538)
(266, 1589)
(266, 1590)
(266, 1591)
(266, 1592)
(266, 1593)
(266, 1594)
(266, 1595)
(266, 1596)
(266, 1597)
(266, 1600)
(266, 1601)
(266, 1602)
(266, 1603)
(266, 1604)
(266, 1605)
(266, 1606)
(266, 1607)
(266, 1608)
(266, 1609)
(266, 1610)
(266, 1611)
(266, 1612)
(266, 1613)
(266, 1614)
(266, 1615)
(266, 1616)
(266, 1617)
(266, 1618)
(266, 1625)
(266, 1626)
(266, 1627)
(266, 1628)
(266, 1629)
(266, 1630)
(266, 1631)
(266, 1632)
(266, 1633)
(266, 1634)
(266, 1635)
(266, 1636)
(266, 1637)
(266, 1638)
(266, 1639)
(266, 1640)
(267, 1463)
(267, 1464)
(267, 1465)
(267, 1466)
(267, 1531)
(267, 1532)
(267, 1619)
(267, 1620)
(267, 1621)
(267, 1622)
(267, 1623)
(267, 1624)
(268, 1467)
(268, 1468)
(268, 1469)
(268, 1529)
(268, 1530)
(269, 1470)
(269, 1471)
(269, 1472)
(269, 1473)
(269, 1487)
(269, 1488)
(269, 1489)
(269, 1527)
(270, 1474)
(270, 1475)
(270, 1476)
(270, 1477)
(270, 1478)
(270, 1479)
(270, 1480)
(270, 1481)
(270, 1482)
(270, 1483)
(270, 1484)
(270, 1485)
(270, 1486)
(270, 1490)
(270, 1491)
(270, 1492)
(270, 1493)
(270, 1494)
(270, 1495)
(270, 1496)
(270, 1497)
(270, 1498)
(270, 1499)
(270, 1500)
(270, 1501)
(270, 1502)
(270, 1525)
(270, 1526)
(270, 1528)
(271, 1503)
(271, 1504)
(271, 1505)
(271, 1506)
(271, 1507)
(271, 1508)
(271, 1509)
(271, 1510)
(271, 1511)
(271, 1523)
(271, 1524)
(272, 1512)
(272, 1513)
(272, 1514)
(272, 1515)
(272, 1516)
(272, 1521)
(272, 1522)
(273, 1517)
(273, 1518)
(273, 1519)
(273, 1520)
(485, 133)
(486, 126)
(486, 127)
(486, 128)
(488, 129)
(488, 131)
(489, 125)
(490, 665)
(491, 118)
(491, 130)
(491, 132)
(491, 2039)
(492, 110)
(492, 111)
(492, 394)
(492, 395)
(492, 396)
(492, 397)
(492, 666)
(492, 667)
(493, 120)
(493, 123)
(493, 390)
(493, 670)
(493, 1487)
(494, 105)
(494, 119)
(494, 1762)
(495, 113)
(495, 122)
(495, 124)
(495, 944)
(495, 2033)
(495, 2307)
(496, 106)
(496, 108)
(496, 114)
(496, 121)
(496, 384)
(497, 115)
(497, 116)
(497, 659)
(497, 660)
(497, 1218)
(497, 1219)
(497, 2304)
(497, 2312)
(497, 2313)
(498, 112)
(498, 658)
(498, 669)
(498, 1211)
(498, 1213)
(498, 1220)
(498, 2305)
(498, 2306)
(498, 2314)
(499, 389)
(499, 393)
(499, 661)
(499, 668)
(499, 945)
(499, 947)
(499, 1214)
(499, 1216)
(499, 1764)
(499, 2041)
(499, 2310)
(499, 2311)
(499, 2316)
(499, 2317)
(499, 2318)
(499, 2319)
(499, 2320)
(499, 2321)
(500, 107)
(500, 109)
(500, 385)
(500, 391)
(500, 392)
(500, 663)
(500, 664)
(500, 933)
(500, 936)
(500, 938)
(500, 948)
(500, 1212)
(500, 1215)
(500, 1486)
(500, 1489)
(500, 1490)
(500, 1761)
(500, 1765)
(500, 2036)
(500, 2040)
(500, 2303)
(500, 2309)
(500, 2315)
(501, 386)
(501, 388)
(501, 935)
(501, 937)
(501, 939)
(501, 940)
(501, 1217)
(501, 1483)
(501, 1484)
(501, 1488)
(501, 1760)
(501, 1763)
(501, 1766)
(501, 2035)
(501, 2037)
(502, 383)
(502, 934)
(502, 941)
(502, 942)
(502, 943)
(502, 946)
(502, 1485)
(502, 1767)
(502, 2034)
(503, 667)
(503, 1479)
(503, 1480)
(503, 1481)
(503, 1482)
(503, 1759)
(503, 2038)
(503, 2039)
(504, 390)
(504, 665)
(504, 666)
(504, 1487)
(518, 1490)
(519, 1489)
(519, 1491)
(522, 945)
(522, 2028)
(523, 1435)
(523, 1436)
(523, 1437)
(524, 1203)
(524, 1205)
(524, 2029)
(525, 2027)
(526, 1204)
(529, 934)
(530, 936)
(531, 935)
(580, 67)
(580, 68)
(580, 69)
(581, 66)
(655, 2074)
(656, 2072)
(656, 2073)
(682, 489)
(682, 490)
(682, 491)
(682, 492)
(682, 493)
(682, 494)
(682, 495)
(682, 496)
(682, 497)
(682, 498)
(682, 499)
(682, 500)
(682, 501)
(682, 502)
(682, 503)
(682, 504)
(682, 505)
(682, 506)
(682, 507)
(682, 575)
(683, 484)
(683, 485)
(683, 486)
(683, 487)
(683, 488)
(683, 508)
(683, 509)
(683, 510)
(683, 511)
(683, 512)
(683, 513)
(683, 514)
(683, 515)
(683, 516)
(683, 517)
(683, 518)
(683, 519)
(683, 520)
(683, 521)
(683, 522)
(683, 523)
(683, 524)
(683, 525)
(683, 526)
(683, 527)
(683, 539)
(683, 540)
(683, 541)
(683, 542)
(683, 543)
(683, 544)
(683, 545)
(683, 546)
(683, 547)
(683, 548)
(683, 549)
(683, 550)
(683, 551)
(683, 552)
(683, 553)
(683, 554)
(683, 555)
(683, 556)
(683, 557)
(683, 558)
(683, 559)
(683, 560)
(683, 561)
(683, 562)
(683, 563)
(683, 564)
(683, 565)
(683, 566)
(683, 567)
(683, 568)
(683, 569)
(683, 570)
(683, 571)
(683, 572)
(683, 573)
(683, 574)
(683, 576)
(683, 577)
(683, 578)
(683, 579)
(683, 580)
(683, 581)
(683, 582)
(683, 583)
(683, 584)
(683, 585)
(683, 586)
(683, 587)
(683, 588)
(683, 589)
(683, 590)
(683, 591)
(683, 592)
(683, 593)
(683, 594)
(683, 595)
(683, 596)
(683, 597)
(683, 598)
(683, 599)
(683, 600)
(683, 601)
(683, 602)
(683, 603)
(683, 604)
(683, 605)
(683, 606)
(683, 607)
(683, 608)
(683, 609)
(683, 610)
(683, 611)
(683, 612)
(684, 436)
(684, 437)
(684, 449)
(684, 450)
(684, 451)
(684, 452)
(684, 453)
(684, 454)
(684, 455)
(684, 456)
(684, 457)
(684, 458)
(684, 459)
(684, 460)
(684, 461)
(684, 462)
(684, 463)
(684, 464)
(684, 465)
(684, 466)
(684, 467)
(684, 468)
(684, 469)
(684, 470)
(684, 471)
(684, 472)
(684, 473)
(684, 474)
(684, 475)
(684, 478)
(684, 479)
(684, 480)
(684, 481)
(684, 482)
(684, 483)
(684, 528)
(684, 529)
(684, 530)
(684, 531)
(684, 532)
(684, 533)
(684, 534)
(684, 535)
(684, 536)
(684, 537)
(684, 538)
(684, 613)
(684, 614)
(684, 615)
(684, 616)
(684, 617)
(684, 618)
(684, 619)
(684, 620)
(684, 621)
(685, 401)
(685, 402)
(685, 403)
(685, 404)
(685, 405)
(685, 406)
(685, 407)
(685, 408)
(685, 423)
(685, 424)
(685, 425)
(685, 426)
(685, 427)
(685, 428)
(685, 429)
(685, 430)
(685, 431)
(685, 432)
(685, 433)
(685, 434)
(685, 435)
(685, 438)
(685, 439)
(685, 440)
(685, 441)
(685, 442)
(685, 443)
(685, 444)
(685, 445)
(685, 446)
(685, 447)
(685, 448)
(685, 476)
(685, 477)
(685, 622)
(685, 623)
(685, 624)
(685, 625)
(685, 626)
(685, 627)
(685, 628)
(685, 629)
(685, 630)
(685, 631)
(685, 632)
(685, 633)
(685, 634)
(685, 757)
(685, 760)
(685, 761)
(685, 762)
(685, 763)
(685, 764)
(685, 765)
(685, 766)
(685, 767)
(685, 768)
(685, 769)
(685, 770)
(685, 771)
(685, 772)
(685, 773)
(685, 796)
(685, 797)
(685, 801)
(685, 802)
(685, 803)
(685, 804)
(685, 805)
(685, 806)
(685, 807)
(685, 808)
(685, 809)
(685, 817)
(685, 818)
(685, 819)
(685, 820)
(685, 821)
(685, 822)
(685, 823)
(685, 824)
(685, 825)
(685, 826)
(685, 827)
(685, 828)
(685, 829)
(685, 830)
(685, 831)
(685, 832)
(686, 384)
(686, 385)
(686, 388)
(686, 389)
(686, 390)
(686, 391)
(686, 392)
(686, 393)
(686, 394)
(686, 395)
(686, 396)
(686, 397)
(686, 398)
(686, 399)
(686, 400)
(686, 409)
(686, 410)
(686, 411)
(686, 412)
(686, 413)
(686, 414)
(686, 415)
(686, 416)
(686, 417)
(686, 418)
(686, 419)
(686, 420)
(686, 421)
(686, 422)
(686, 635)
(686, 636)
(686, 637)
(686, 638)
(686, 639)
(686, 640)
(686, 641)
(686, 642)
(686, 643)
(686, 644)
(686, 645)
(686, 738)
(686, 739)
(686, 740)
(686, 741)
(686, 742)
(686, 743)
(686, 744)
(686, 745)
(686, 746)
(686, 747)
(686, 748)
(686, 749)
(686, 750)
(686, 751)
(686, 752)
(686, 753)
(686, 754)
(686, 755)
(686, 756)
(686, 758)
(686, 759)
(686, 774)
(686, 775)
(686, 776)
(686, 777)
(686, 778)
(686, 779)
(686, 780)
(686, 781)
(686, 782)
(686, 783)
(686, 784)
(686, 785)
(686, 786)
(686, 787)
(686, 788)
(686, 789)
(686, 790)
(686, 791)
(686, 792)
(686, 793)
(686, 794)
(686, 795)
(686, 798)
(686, 799)
(686, 800)
(686, 810)
(686, 811)
(686, 812)
(686, 813)
(686, 814)
(686, 815)
(686, 816)
(686, 833)
(686, 834)
(686, 835)
(686, 836)
(686, 837)
(686, 838)
(686, 839)
(686, 840)
(686, 841)
(686, 842)
(686, 843)
(686, 844)
(686, 845)
(686, 846)
(686, 847)
(686, 848)
(686, 849)
(686, 850)
(686, 851)
(686, 852)
(686, 853)
(686, 854)
(686, 855)
(686, 856)
(686, 857)
(686, 858)
(686, 859)
(687, 375)
(687, 376)
(687, 377)
(687, 378)
(687, 379)
(687, 380)
(687, 381)
(687, 382)
(687, 383)
(687, 386)
(687, 387)
(687, 646)
(687, 647)
(687, 648)
(687, 649)
(687, 650)
(687, 651)
(687, 652)
(687, 653)
(687, 654)
(687, 655)
(687, 656)
(687, 657)
(687, 658)
(687, 664)
(687, 692)
(687, 693)
(687, 694)
(687, 695)
(687, 696)
(687, 697)
(687, 701)
(687, 702)
(687, 703)
(687, 704)
(687, 705)
(687, 706)
(687, 707)
(687, 708)
(687, 709)
(687, 710)
(687, 711)
(687, 712)
(687, 713)
(687, 714)
(687, 715)
(687, 716)
(687, 717)
(687, 718)
(687, 719)
(687, 720)
(687, 721)
(687, 722)
(687, 723)
(687, 724)
(687, 725)
(687, 726)
(687, 727)
(687, 728)
(687, 729)
(687, 730)
(687, 731)
(687, 732)
(687, 733)
(687, 734)
(687, 735)
(687, 736)
(687, 737)
(687, 860)
(687, 861)
(687, 862)
(687, 863)
(687, 864)
(687, 865)
(687, 866)
(687, 867)
(687, 868)
(687, 869)
(687, 870)
(687, 871)
(687, 872)
(687, 873)
(687, 874)
(687, 875)
(687, 876)
(687, 877)
(687, 878)
(687, 879)
(687, 880)
(687, 881)
(687, 889)
(688, 368)
(688, 369)
(688, 370)
(688, 371)
(688, 372)
(688, 373)
(688, 374)
(688, 659)
(688, 660)
(688, 661)
(688, 662)
(688, 663)
(688, 665)
(688, 666)
(688, 667)
(688, 668)
(688, 669)
(688, 670)
(688, 671)
(688, 672)
(688, 673)
(688, 674)
(688, 675)
(688, 676)
(688, 677)
(688, 678)
(688, 679)
(688, 680)
(688, 681)
(688, 682)
(688, 683)
(688, 684)
(688, 685)
(688, 686)
(688, 687)
(688, 688)
(688, 689)
(688, 690)
(688, 691)
(688, 698)
(688, 699)
(688, 700)
(688, 882)
(688, 883)
(688, 884)
(688, 885)
(688, 886)
(688, 887)
(688, 888)
(688, 890)
(688, 891)
(688, 892)
(688, 893)
(688, 894)
(688, 895)
(688, 896)
(688, 897)
(688, 898)
(688, 899)
(688, 900)
(688, 901)
(688, 902)
(688, 903)
(688, 904)
(688, 905)
(688, 906)
(688, 907)
(688, 908)
(688, 909)
(688, 910)
(688, 911)
(688, 912)
(689, 360)
(689, 361)
(689, 362)
(689, 363)
(689, 364)
(689, 365)
(689, 366)
(689, 367)
(689, 913)
(689, 914)
(689, 915)
(689, 916)
(689, 917)
(689, 918)
(689, 919)
(689, 920)
(689, 921)
(689, 922)
(689, 923)
(689, 924)
(689, 925)
(689, 926)
(689, 927)
(689, 928)
(690, 344)
(690, 345)
(690, 346)
(690, 347)
(690, 348)
(690, 349)
(690, 350)
(690, 351)
(690, 352)
(690, 353)
(690, 354)
(690, 355)
(690, 356)
(690, 357)
(690, 358)
(690, 359)
(690, 929)
(690, 930)
(690, 931)
(690, 932)
(690, 933)
(690, 934)
(690, 935)
(690, 936)
(690, 937)
(690, 938)
(690, 939)
(690, 940)
(690, 941)
(690, 942)
(690, 943)
(690, 944)
(690, 945)
(690, 946)
(690, 947)
(690, 948)
(690, 949)
(690, 950)
(690, 951)
(690, 952)
(690, 953)
(690, 954)
(690, 955)
(691, 327)
(691, 328)
(691, 329)
(691, 330)
(691, 331)
(691, 332)
(691, 333)
(691, 334)
(691, 335)
(691, 336)
(691, 337)
(691, 338)
(691, 339)
(691, 340)
(691, 341)
(691, 342)
(691, 343)
(691, 956)
(691, 957)
(691, 958)
(691, 959)
(691, 960)
(691, 961)
(691, 962)
(691, 963)
(691, 964)
(691, 965)
(692, 316)
(692, 317)
(692, 318)
(692, 319)
(692, 320)
(692, 321)
(692, 322)
(692, 323)
(692, 324)
(692, 325)
(692, 326)
(692, 966)
(692, 967)
(692, 968)
(692, 969)
(692, 970)
(692, 971)
(692, 972)
(692, 973)
(692, 974)
(692, 975)
(692, 976)
(692, 977)
(692, 978)
(692, 979)
(692, 980)
(692, 981)
(692, 982)
(692, 983)
(692, 986)
(692, 987)
(692, 988)
(692, 989)
(692, 990)
(692, 2096)
(692, 2097)
(692, 2098)
(692, 2099)
(692, 2100)
(692, 2101)
(692, 2136)
(692, 2137)
(692, 2138)
(692, 2139)
(692, 2140)
(692, 2141)
(692, 2142)
(692, 2143)
(692, 2144)
(692, 2145)
(692, 2146)
(692, 2147)
(693, 283)
(693, 284)
(693, 285)
(693, 286)
(693, 287)
(693, 288)
(693, 289)
(693, 290)
(693, 291)
(693, 292)
(693, 293)
(693, 294)
(693, 295)
(693, 296)
(693, 297)
(693, 298)
(693, 311)
(693, 312)
(693, 313)
(693, 314)
(693, 315)
(693, 984)
(693, 985)
(693, 991)
(693, 992)
(693, 993)
(693, 994)
(693, 995)
(693, 996)
(693, 997)
(693, 998)
(693, 999)
(693, 1000)
(693, 1001)
(693, 1002)
(693, 1003)
(693, 1004)
(693, 1005)
(693, 1006)
(693, 1007)
(693, 1008)
(693, 1009)
(693, 1010)
(693, 1011)
(693, 1012)
(693, 1013)
(693, 1014)
(693, 1015)
(693, 1016)
(693, 1017)
(693, 1018)
(693, 1031)
(693, 1042)
(693, 1045)
(693, 1046)
(693, 1047)
(693, 1048)
(693, 1207)
(693, 1208)
(693, 1209)
(693, 1210)
(693, 1211)
(693, 1212)
(693, 1213)
(693, 1214)
(693, 1215)
(693, 1216)
(693, 1217)
(693, 1218)
(693, 1219)
(693, 1220)
(693, 1221)
(693, 1222)
(693, 1223)
(693, 1224)
(693, 1225)
(693, 1226)
(693, 1227)
(693, 1228)
(693, 1229)
(693, 1230)
(693, 1231)
(693, 1232)
(693, 1233)
(693, 1234)
(693, 2086)
(693, 2087)
(693, 2088)
(693, 2089)
(693, 2090)
(693, 2091)
(693, 2092)
(693, 2093)
(693, 2094)
(693, 2095)
(693, 2102)
(693, 2103)
(693, 2104)
(693, 2105)
(693, 2106)
(693, 2107)
(693, 2108)
(693, 2109)
(693, 2110)
(693, 2111)
(693, 2112)
(693, 2113)
(693, 2114)
(693, 2117)
(693, 2118)
(693, 2119)
(693, 2120)
(693, 2121)
(693, 2129)
(693, 2130)
(693, 2131)
(693, 2132)
(693, 2133)
(693, 2134)
(693, 2135)
(693, 2148)
(693, 2149)
(693, 2150)
(693, 2151)
(693, 2154)
(693, 2155)
(693, 2156)
(693, 2157)
(693, 2158)
(693, 2159)
(693, 2160)
(693, 2161)
(693, 2162)
(693, 2163)
(693, 2164)
(693, 2165)
(693, 2166)
(693, 2167)
(693, 2168)
(693, 2169)
(693, 2170)
(693, 2171)
(693, 2172)
(693, 2173)
(693, 2180)
(693, 2181)
(693, 2182)
(693, 2183)
(693, 2184)
(693, 2185)
(693, 2186)
(693, 2187)
(693, 2188)
(693, 2189)
(693, 2190)
(693, 2193)
(694, 279)
(694, 280)
(694, 281)
(694, 282)
(694, 299)
(694, 300)
(694, 301)
(694, 302)
(694, 303)
(694, 304)
(694, 305)
(694, 306)
(694, 307)
(694, 308)
(694, 309)
(694, 310)
(694, 1019)
(694, 1020)
(694, 1021)
(694, 1022)
(694, 1023)
(694, 1024)
(694, 1025)
(694, 1026)
(694, 1027)
(694, 1028)
(694, 1029)
(694, 1030)
(694, 1032)
(694, 1033)
(694, 1034)
(694, 1035)
(694, 1036)
(694, 1037)
(694, 1038)
(694, 1039)
(694, 1040)
(694, 1041)
(694, 1043)
(694, 1044)
(694, 1049)
(694, 1050)
(694, 1051)
(694, 1052)
(694, 1053)
(694, 1054)
(694, 1055)
(694, 1056)
(694, 1057)
(694, 1058)
(694, 1059)
(694, 1060)
(694, 1061)
(694, 1062)
(694, 1063)
(694, 1064)
(694, 1065)
(694, 1066)
(694, 1067)
(694, 1068)
(694, 1069)
(694, 1070)
(694, 1071)
(694, 1072)
(694, 1073)
(694, 1074)
(694, 1075)
(694, 1076)
(694, 1077)
(694, 1078)
(694, 1079)
(694, 1086)
(694, 1087)
(694, 1088)
(694, 1089)
(694, 1090)
(694, 1091)
(694, 1092)
(694, 1093)
(694, 1094)
(694, 1095)
(694, 1096)
(694, 1097)
(694, 1098)
(694, 1099)
(694, 1100)
(694, 1101)
(694, 1106)
(694, 1107)
(694, 1108)
(694, 1109)
(694, 1110)
(694, 1111)
(694, 1112)
(694, 1113)
(694, 1114)
(694, 1115)
(694, 1116)
(694, 1117)
(694, 1118)
(694, 1119)
(694, 1120)
(694, 1121)
(694, 1122)
(694, 1123)
(694, 1124)
(694, 1125)
(694, 1126)
(694, 1127)
(694, 1128)
(694, 1129)
(694, 1130)
(694, 1131)
(694, 1132)
(694, 1133)
(694, 1134)
(694, 1135)
(694, 1136)
(694, 1137)
(694, 1138)
(694, 1139)
(694, 1140)
(694, 1168)
(694, 1169)
(694, 1170)
(694, 1171)
(694, 1172)
(694, 1173)
(694, 1174)
(694, 1175)
(694, 1176)
(694, 1177)
(694, 1178)
(694, 1179)
(694, 1180)
(694, 1182)
(694, 1183)
(694, 1184)
(694, 1185)
(694, 1186)
(694, 1187)
(694, 1188)
(694, 1189)
(694, 1190)
(694, 1191)
(694, 1192)
(694, 1193)
(694, 1194)
(694, 1195)
(694, 1196)
(694, 1197)
(694, 1198)
(694, 1199)
(694, 1200)
(694, 1201)
(694, 1202)
(694, 1203)
(694, 1204)
(694, 1205)
(694, 1206)
(694, 1235)
(694, 1236)
(694, 1237)
(694, 1238)
(694, 1239)
(694, 1240)
(694, 1241)
(694, 1242)
(694, 1243)
(694, 1244)
(694, 1245)
(694, 1246)
(694, 1247)
(694, 1248)
(694, 1477)
(694, 1478)
(694, 1479)
(694, 1558)
(694, 1559)
(694, 1560)
(694, 1561)
(694, 1562)
(694, 1563)
(694, 1564)
(694, 1565)
(694, 1566)
(694, 1567)
(694, 1585)
(694, 1586)
(694, 1587)
(694, 1588)
(694, 1589)
(694, 1590)
(694, 1591)
(694, 1671)
(694, 1672)
(694, 1913)
(694, 1914)
(694, 1915)
(694, 1916)
(694, 1917)
(694, 1918)
(694, 1919)
(694, 1920)
(694, 1921)
(694, 1922)
(694, 1923)
(694, 1924)
(694, 1925)
(694, 1926)
(694, 1927)
(694, 1928)
(694, 1929)
(694, 1930)
(694, 1931)
(694, 1932)
(694, 1945)
(694, 1946)
(694, 2064)
(694, 2065)
(694, 2066)
(694, 2067)
(694, 2068)
(694, 2069)
(694, 2070)
(694, 2071)
(694, 2072)
(694, 2073)
(694, 2074)
(694, 2075)
(694, 2076)
(694, 2077)
(694, 2078)
(694, 2079)
(694, 2080)
(694, 2081)
(694, 2082)
(694, 2083)
(694, 2084)
(694, 2085)
(694, 2115)
(694, 2116)
(694, 2122)
(694, 2123)
(694, 2124)
(694, 2125)
(694, 2126)
(694, 2127)
(694, 2128)
(694, 2152)
(694, 2153)
(694, 2174)
(694, 2175)
(694, 2176)
(694, 2177)
(694, 2178)
(694, 2179)
(694, 2191)
(694, 2192)
(694, 2194)
(694, 2195)
(694, 2196)
(694, 2197)
(695, 225)
(695, 228)
(695, 229)
(695, 230)
(695, 231)
(695, 232)
(695, 233)
(695, 234)
(695, 235)
(695, 236)
(695, 237)
(695, 238)
(695, 239)
(695, 240)
(695, 241)
(695, 242)
(695, 243)
(695, 244)
(695, 245)
(695, 246)
(695, 247)
(695, 248)
(695, 249)
(695, 250)
(695, 251)
(695, 252)
(695, 253)
(695, 265)
(695, 266)
(695, 267)
(695, 268)
(695, 269)
(695, 270)
(695, 271)
(695, 272)
(695, 273)
(695, 274)
(695, 275)
(695, 276)
(695, 277)
(695, 278)
(695, 1080)
(695, 1081)
(695, 1082)
(695, 1083)
(695, 1084)
(695, 1085)
(695, 1102)
(695, 1103)
(695, 1104)
(695, 1105)
(695, 1141)
(695, 1142)
(695, 1143)
(695, 1144)
(695, 1145)
(695, 1146)
(695, 1147)
(695, 1148)
(695, 1149)
(695, 1150)
(695, 1151)
(695, 1152)
(695, 1153)
(695, 1154)
(695, 1155)
(695, 1156)
(695, 1157)
(695, 1158)
(695, 1159)
(695, 1160)
(695, 1161)
(695, 1162)
(695, 1163)
(695, 1164)
(695, 1165)
(695, 1166)
(695, 1167)
(695, 1181)
(695, 1249)
(695, 1250)
(695, 1251)
(695, 1252)
(695, 1253)
(695, 1254)
(695, 1255)
(695, 1256)
(695, 1257)
(695, 1258)
(695, 1259)
(695, 1260)
(695, 1261)
(695, 1262)
(695, 1263)
(695, 1264)
(695, 1265)
(695, 1266)
(695, 1267)
(695, 1268)
(695, 1269)
(695, 1270)
(695, 1271)
(695, 1272)
(695, 1273)
(695, 1274)
(695, 1275)
(695, 1276)
(695, 1277)
(695, 1278)
(695, 1279)
(695, 1280)
(695, 1281)
(695, 1282)
(695, 1283)
(695, 1284)
(695, 1490)
(695, 1495)
(695, 1496)
(695, 1497)
(695, 1498)
(695, 1499)
(695, 1500)
(695, 1501)
(695, 1502)
(695, 1503)
(695, 1504)
(695, 1505)
(695, 1506)
(695, 1507)
(695, 1508)
(695, 1509)
(695, 1550)
(695, 1551)
(695, 1552)
(695, 1553)
(695, 1554)
(695, 1555)
(695, 1556)
(695, 1557)
(695, 1568)
(695, 1569)
(695, 1570)
(695, 1571)
(695, 1572)
(695, 1573)
(695, 1574)
(695, 1575)
(695, 1576)
(695, 1577)
(695, 1578)
(695, 1579)
(695, 1580)
(695, 1581)
(695, 1582)
(695, 1583)
(695, 1584)
(695, 1592)
(695, 1593)
(695, 1594)
(695, 1595)
(695, 1596)
(695, 1597)
(695, 1598)
(695, 1599)
(695, 1600)
(695, 1601)
(695, 1602)
(695, 1603)
(695, 1604)
(695, 1605)
(695, 1606)
(695, 1607)
(695, 1608)
(695, 1609)
(695, 1610)
(695, 1611)
(695, 1612)
(695, 1613)
(695, 1614)
(695, 1615)
(695, 1616)
(695, 1617)
(695, 1618)
(695, 1619)
(695, 1620)
(695, 1621)
(695, 1622)
(695, 1623)
(695, 1624)
(695, 1625)
(695, 1626)
(695, 1627)
(695, 1628)
(695, 1629)
(695, 1630)
(695, 1631)
(695, 1632)
(695, 1633)
(695, 1634)
(695, 1635)
(695, 1636)
(695, 1637)
(695, 1638)
(695, 1639)
(695, 1640)
(695, 1641)
(695, 1642)
(695, 1643)
(695, 1644)
(695, 1645)
(695, 1646)
(695, 1647)
(695, 1648)
(695, 1649)
(695, 1650)
(695, 1651)
(695, 1652)
(695, 1653)
(695, 1654)
(695, 1655)
(695, 1656)
(695, 1657)
(695, 1658)
(695, 1659)
(695, 1660)
(695, 1661)
(695, 1662)
(695, 1663)
(695, 1664)
(695, 1665)
(695, 1666)
(695, 1667)
(695, 1668)
(695, 1669)
(695, 1670)
(695, 1673)
(695, 1674)
(695, 1675)
(695, 1676)
(695, 1677)
(695, 1678)
(695, 1679)
(695, 1680)
(695, 1681)
(695, 1682)
(695, 1683)
(695, 1684)
(695, 1685)
(695, 1686)
(695, 1687)
(695, 1688)
(695, 1689)
(695, 1690)
(695, 1691)
(695, 1697)
(695, 1698)
(695, 1705)
(695, 1706)
(695, 1707)
(695, 1708)
(695, 1709)
(695, 1712)
(695, 1713)
(695, 1714)
(695, 1743)
(695, 1744)
(695, 1751)
(695, 1752)
(695, 1759)
(695, 1760)
(695, 1761)
(695, 1762)
(695, 1763)
(695, 1764)
(695, 1765)
(695, 1766)
(695, 1767)
(695, 1768)
(695, 1769)
(695, 1770)
(695, 1771)
(695, 1772)
(695, 1773)
(695, 1774)
(695, 1775)
(695, 1776)
(695, 1777)
(695, 1778)
(695, 1779)
(695, 1780)
(695, 1781)
(695, 1782)
(695, 1783)
(695, 1784)
(695, 1785)
(695, 1786)
(695, 1787)
(695, 1788)
(695, 1789)
(695, 1790)
(695, 1791)
(695, 1792)
(695, 1793)
(695, 1794)
(695, 1795)
(695, 1796)
(695, 1797)
(695, 1798)
(695, 1799)
(695, 1800)
(695, 1805)
(695, 1806)
(695, 1823)
(695, 1824)
(695, 1825)
(695, 1826)
(695, 1827)
(695, 1828)
(695, 1829)
(695, 1830)
(695, 1831)
(695, 1832)
(695, 1833)
(695, 1834)
(695, 1835)
(695, 1836)
(695, 1837)
(695, 1838)
(695, 1839)
(695, 1840)
(695, 1841)
(695, 1842)
(695, 1843)
(695, 1844)
(695, 1845)
(695, 1846)
(695, 1847)
(695, 1848)
(695, 1849)
(695, 1852)
(695, 1853)
(695, 1854)
(695, 1855)
(695, 1856)
(695, 1857)
(695, 1858)
(695, 1859)
(695, 1860)
(695, 1861)
(695, 1862)
(695, 1863)
(695, 1864)
(695, 1865)
(695, 1889)
(695, 1890)
(695, 1891)
(695, 1892)
(695, 1893)
(695, 1894)
(695, 1895)
(695, 1896)
(695, 1897)
(695, 1898)
(695, 1899)
(695, 1900)
(695, 1901)
(695, 1902)
(695, 1903)
(695, 1904)
(695, 1905)
(695, 1906)
(695, 1907)
(695, 1908)
(695, 1909)
(695, 1910)
(695, 1911)
(695, 1912)
(695, 1933)
(695, 1934)
(695, 1935)
(695, 1936)
(695, 1937)
(695, 1938)
(695, 1939)
(695, 1940)
(695, 1941)
(695, 1942)
(695, 1943)
(695, 1944)
(695, 1947)
(695, 1948)
(695, 1949)
(695, 1950)
(695, 1951)
(695, 1952)
(695, 1953)
(695, 1954)
(695, 1955)
(695, 1956)
(695, 1957)
(695, 1958)
(695, 1959)
(695, 1960)
(695, 1961)
(695, 1962)
(695, 2025)
(695, 2026)
(695, 2029)
(695, 2030)
(695, 2031)
(695, 2036)
(695, 2037)
(695, 2044)
(695, 2045)
(695, 2046)
(695, 2047)
(695, 2048)
(695, 2049)
(695, 2050)
(695, 2051)
(695, 2052)
(695, 2053)
(695, 2054)
(695, 2055)
(695, 2056)
(695, 2057)
(695, 2058)
(695, 2059)
(695, 2060)
(695, 2061)
(695, 2062)
(695, 2063)
(695, 2198)
(695, 2199)
(695, 2200)
(695, 2201)
(695, 2202)
(695, 2203)
(695, 2204)
(695, 2205)
(695, 2206)
(695, 2207)
(695, 2208)
(695, 2209)
(695, 2210)
(695, 2211)
(695, 2212)
(695, 2213)
(695, 2214)
(695, 2215)
(695, 2216)
(695, 2217)
(695, 2218)
(695, 2219)
(695, 2220)
(695, 2221)
(696, 191)
(696, 192)
(696, 193)
(696, 194)
(696, 195)
(696, 196)
(696, 215)
(696, 216)
(696, 217)
(696, 218)
(696, 219)
(696, 220)
(696, 221)
(696, 222)
(696, 223)
(696, 224)
(696, 226)
(696, 227)
(696, 254)
(696, 255)
(696, 256)
(696, 257)
(696, 258)
(696, 259)
(696, 260)
(696, 261)
(696, 262)
(696, 263)
(696, 264)
(696, 1285)
(696, 1286)
(696, 1287)
(696, 1288)
(696, 1289)
(696, 1295)
(696, 1296)
(696, 1297)
(696, 1298)
(696, 1299)
(696, 1300)
(696, 1301)
(696, 1302)
(696, 1303)
(696, 1325)
(696, 1326)
(696, 1327)
(696, 1328)
(696, 1329)
(696, 1330)
(696, 1331)
(696, 1332)
(696, 1333)
(696, 1468)
(696, 1469)
(696, 1470)
(696, 1471)
(696, 1472)
(696, 1473)
(696, 1474)
(696, 1475)
(696, 1476)
(696, 1480)
(696, 1481)
(696, 1482)
(696, 1483)
(696, 1484)
(696, 1485)
(696, 1486)
(696, 1487)
(696, 1488)
(696, 1489)
(696, 1491)
(696, 1492)
(696, 1493)
(696, 1494)
(696, 1510)
(696, 1511)
(696, 1512)
(696, 1513)
(696, 1514)
(696, 1515)
(696, 1516)
(696, 1517)
(696, 1518)
(696, 1519)
(696, 1520)
(696, 1521)
(696, 1522)
(696, 1523)
(696, 1524)
(696, 1525)
(696, 1526)
(696, 1527)
(696, 1528)
(696, 1529)
(696, 1530)
(696, 1531)
(696, 1532)
(696, 1533)
(696, 1534)
(696, 1535)
(696, 1536)
(696, 1537)
(696, 1538)
(696, 1539)
(696, 1540)
(696, 1541)
(696, 1542)
(696, 1543)
(696, 1544)
(696, 1545)
(696, 1546)
(696, 1547)
(696, 1548)
(696, 1549)
(696, 1692)
(696, 1693)
(696, 1694)
(696, 1695)
(696, 1696)
(696, 1699)
(696, 1700)
(696, 1701)
(696, 1702)
(696, 1703)
(696, 1704)
(696, 1710)
(696, 1711)
(696, 1715)
(696, 1716)
(696, 1717)
(696, 1718)
(696, 1719)
(696, 1720)
(696, 1721)
(696, 1722)
(696, 1723)
(696, 1724)
(696, 1725)
(696, 1726)
(696, 1727)
(696, 1728)
(696, 1729)
(696, 1730)
(696, 1731)
(696, 1732)
(696, 1733)
(696, 1734)
(696, 1735)
(696, 1736)
(696, 1737)
(696, 1738)
(696, 1739)
(696, 1740)
(696, 1741)
(696, 1742)
(696, 1745)
(696, 1746)
(696, 1747)
(696, 1748)
(696, 1749)
(696, 1750)
(696, 1753)
(696, 1754)
(696, 1755)
(696, 1756)
(696, 1757)
(696, 1758)
(696, 1801)
(696, 1802)
(696, 1803)
(696, 1804)
(696, 1807)
(696, 1808)
(696, 1809)
(696, 1810)
(696, 1811)
(696, 1812)
(696, 1813)
(696, 1814)
(696, 1815)
(696, 1816)
(696, 1817)
(696, 1818)
(696, 1819)
(696, 1820)
(696, 1821)
(696, 1822)
(696, 1850)
(696, 1851)
(696, 1866)
(696, 1867)
(696, 1868)
(696, 1869)
(696, 1870)
(696, 1871)
(696, 1872)
(696, 1873)
(696, 1874)
(696, 1875)
(696, 1876)
(696, 1877)
(696, 1878)
(696, 1879)
(696, 1880)
(696, 1881)
(696, 1882)
(696, 1883)
(696, 1884)
(696, 1885)
(696, 1886)
(696, 1887)
(696, 1888)
(696, 1963)
(696, 1964)
(696, 1965)
(696, 1966)
(696, 1967)
(696, 1968)
(696, 1969)
(696, 1970)
(696, 1971)
(696, 1972)
(696, 1973)
(696, 1974)
(696, 1975)
(696, 1976)
(696, 1977)
(696, 1978)
(696, 1979)
(696, 1980)
(696, 1981)
(696, 1982)
(696, 1983)
(696, 1984)
(696, 1985)
(696, 1986)
(696, 1987)
(696, 1988)
(696, 1989)
(696, 1990)
(696, 1991)
(696, 1992)
(696, 1993)
(696, 1994)
(696, 1995)
(696, 1996)
(696, 1997)
(696, 1998)
(696, 1999)
(696, 2000)
(696, 2001)
(696, 2002)
(696, 2003)
(696, 2004)
(696, 2005)
(696, 2006)
(696, 2007)
(696, 2008)
(696, 2009)
(696, 2010)
(696, 2011)
(696, 2012)
(696, 2013)
(696, 2014)
(696, 2015)
(696, 2016)
(696, 2017)
(696, 2018)
(696, 2019)
(696, 2020)
(696, 2021)
(696, 2022)
(696, 2023)
(696, 2024)
(696, 2027)
(696, 2028)
(696, 2032)
(696, 2033)
(696, 2034)
(696, 2035)
(696, 2038)
(696, 2039)
(696, 2040)
(696, 2041)
(696, 2042)
(696, 2043)
(696, 2222)
(696, 2223)
(696, 2224)
(696, 2293)
(696, 2294)
(696, 2295)
(696, 2296)
(697, 174)
(697, 175)
(697, 176)
(697, 177)
(697, 186)
(697, 187)
(697, 188)
(697, 189)
(697, 190)
(697, 197)
(697, 198)
(697, 199)
(697, 200)
(697, 201)
(697, 202)
(697, 203)
(697, 204)
(697, 205)
(697, 206)
(697, 207)
(697, 208)
(697, 210)
(697, 211)
(697, 212)
(697, 213)
(697, 214)
(697, 1290)
(697, 1291)
(697, 1292)
(697, 1293)
(697, 1304)
(697, 1305)
(697, 1309)
(697, 1310)
(697, 1311)
(697, 1312)
(697, 1323)
(697, 1324)
(697, 1341)
(697, 1342)
(697, 1343)
(697, 1344)
(697, 1345)
(697, 1346)
(697, 1347)
(697, 1348)
(697, 1349)
(697, 1350)
(697, 1351)
(697, 1352)
(697, 1353)
(697, 1354)
(697, 1355)
(697, 1356)
(697, 1357)
(697, 1358)
(697, 1359)
(697, 1360)
(697, 1361)
(697, 1362)
(697, 1363)
(697, 1364)
(697, 1365)
(697, 1366)
(697, 1367)
(697, 1385)
(697, 1386)
(697, 1387)
(697, 1388)
(697, 1389)
(697, 1390)
(697, 1391)
(697, 1392)
(697, 1393)
(697, 1394)
(697, 1395)
(697, 1396)
(697, 1397)
(697, 1398)
(697, 1399)
(697, 1400)
(697, 1401)
(697, 1402)
(697, 1403)
(697, 1404)
(697, 1405)
(697, 1406)
(697, 1407)
(697, 1408)
(697, 1409)
(697, 1410)
(697, 1411)
(697, 1412)
(697, 1413)
(697, 1414)
(697, 1415)
(697, 1416)
(697, 1417)
(697, 1418)
(697, 1419)
(697, 1420)
(697, 1421)
(697, 1422)
(697, 1423)
(697, 1424)
(697, 1425)
(697, 1432)
(697, 1433)
(697, 1434)
(697, 1435)
(697, 1436)
(697, 1437)
(697, 1438)
(697, 1439)
(697, 1440)
(697, 1441)
(697, 1442)
(697, 1443)
(697, 1444)
(697, 1445)
(697, 1446)
(697, 1447)
(697, 1448)
(697, 1449)
(697, 1450)
(697, 1451)
(697, 1452)
(697, 1453)
(697, 1454)
(697, 1455)
(697, 1456)
(697, 1457)
(697, 1458)
(697, 1459)
(697, 1460)
(697, 1461)
(697, 1462)
(697, 1463)
(697, 1464)
(697, 1465)
(697, 1466)
(697, 1467)
(697, 2225)
(697, 2226)
(697, 2227)
(697, 2228)
(697, 2229)
(697, 2230)
(697, 2231)
(697, 2232)
(697, 2238)
(697, 2239)
(697, 2240)
(697, 2241)
(697, 2242)
(697, 2243)
(697, 2244)
(697, 2245)
(697, 2246)
(697, 2247)
(697, 2248)
(697, 2249)
(697, 2250)
(697, 2251)
(697, 2252)
(697, 2253)
(697, 2254)
(697, 2255)
(697, 2256)
(697, 2257)
(697, 2258)
(697, 2259)
(697, 2260)
(697, 2261)
(697, 2262)
(697, 2263)
(697, 2264)
(697, 2265)
(697, 2266)
(697, 2267)
(697, 2268)
(697, 2269)
(697, 2270)
(697, 2271)
(697, 2272)
(697, 2273)
(697, 2274)
(697, 2275)
(697, 2276)
(697, 2277)
(697, 2278)
(697, 2279)
(697, 2280)
(697, 2281)
(697, 2282)
(697, 2283)
(697, 2284)
(697, 2285)
(697, 2286)
(697, 2287)
(697, 2288)
(697, 2289)
(697, 2290)
(697, 2291)
(697, 2292)
(697, 2297)
(697, 2298)
(697, 2299)
(697, 2300)
(697, 2301)
(697, 2302)
(697, 2303)
(697, 2304)
(697, 2305)
(697, 2306)
(698, 120)
(698, 121)
(698, 122)
(698, 123)
(698, 124)
(698, 125)
(698, 126)
(698, 127)
(698, 128)
(698, 129)
(698, 130)
(698, 131)
(698, 132)
(698, 133)
(698, 134)
(698, 135)
(698, 136)
(698, 137)
(698, 138)
(698, 139)
(698, 140)
(698, 141)
(698, 142)
(698, 143)
(698, 144)
(698, 145)
(698, 152)
(698, 153)
(698, 162)
(698, 163)
(698, 164)
(698, 165)
(698, 166)
(698, 167)
(698, 168)
(698, 169)
(698, 170)
(698, 171)
(698, 172)
(698, 173)
(698, 178)
(698, 179)
(698, 180)
(698, 181)
(698, 182)
(698, 183)
(698, 184)
(698, 185)
(698, 209)
(698, 1294)
(698, 1306)
(698, 1307)
(698, 1308)
(698, 1313)
(698, 1314)
(698, 1315)
(698, 1316)
(698, 1317)
(698, 1318)
(698, 1319)
(698, 1320)
(698, 1321)
(698, 1322)
(698, 1334)
(698, 1335)
(698, 1336)
(698, 1337)
(698, 1338)
(698, 1339)
(698, 1340)
(698, 1368)
(698, 1369)
(698, 1370)
(698, 1371)
(698, 1372)
(698, 1373)
(698, 1374)
(698, 1375)
(698, 1376)
(698, 1377)
(698, 1378)
(698, 1379)
(698, 1380)
(698, 1381)
(698, 1382)
(698, 1383)
(698, 1384)
(698, 1426)
(698, 1427)
(698, 1428)
(698, 1429)
(698, 1430)
(698, 1431)
(698, 2233)
(698, 2234)
(698, 2235)
(698, 2236)
(698, 2237)
(698, 2307)
(698, 2308)
(698, 2309)
(699, 146)
(699, 147)
(699, 148)
(699, 149)
(699, 150)
(699, 151)
(699, 154)
(699, 155)
(699, 156)
(699, 157)
(699, 158)
(699, 159)
(699, 160)
(699, 161)
(699, 2310)
(717, 668)
(717, 669)
(717, 670)
(717, 671)
(717, 1215)
(717, 1216)
(717, 1217)
(722, 931)
(722, 933)
(723, 934)
(724, 932)
(728, 659)
(729, 660)
(731, 1619)
(731, 1620)
(731, 1621)
(736, 372)
(736, 373)
(736, 374)
(736, 375)
(736, 376)
(736, 377)
(736, 378)
(736, 379)
(736, 380)
(736, 381)
(737, 367)
(737, 368)
(737, 369)
(737, 370)
(737, 371)
(737, 382)
(737, 383)
(737, 384)
(737, 385)
(737, 386)
(737, 387)
(738, 363)
(738, 364)
(738, 365)
(738, 366)
(738, 388)
(738, 389)
(738, 390)
(738, 391)
(738, 392)
(739, 360)
(739, 361)
(739, 362)
(740, 357)
(740, 358)
(740, 359)
(740, 412)
(740, 413)
(740, 414)
(740, 415)
(740, 416)
(740, 417)
(740, 418)
(740, 419)
(740, 420)
(740, 421)
(740, 423)
(740, 424)
(740, 425)
(740, 426)
(740, 427)
(741, 355)
(741, 356)
(741, 411)
(741, 422)
(741, 428)
(741, 429)
(741, 430)
(741, 431)
(741, 432)
(741, 433)
(741, 434)
(741, 435)
(741, 436)
(741, 437)
(741, 438)
(741, 439)
(742, 353)
(742, 354)
(742, 409)
(742, 410)
(742, 440)
(742, 441)
(742, 442)
(742, 443)
(742, 482)
(743, 351)
(743, 352)
(743, 444)
(743, 445)
(743, 446)
(743, 483)
(743, 486)
(743, 487)
(743, 488)
(743, 489)
(744, 318)
(744, 319)
(744, 320)
(744, 321)
(744, 322)
(744, 323)
(744, 345)
(744, 346)
(744, 347)
(744, 348)
(744, 349)
(744, 350)
(744, 447)
(744, 448)
(744, 449)
(744, 450)
(744, 451)
(744, 479)
(744, 480)
(744, 481)
(745, 324)
(745, 325)
(745, 326)
(745, 327)
(745, 328)
(745, 329)
(745, 330)
(745, 331)
(745, 341)
(745, 342)
(745, 343)
(745, 344)
(745, 452)
(745, 453)
(745, 454)
(745, 455)
(745, 456)
(745, 457)
(745, 458)
(745, 470)
(745, 471)
(745, 472)
(745, 473)
(745, 474)
(745, 475)
(745, 476)
(745, 477)
(745, 478)
(746, 273)
(746, 274)
(746, 275)
(746, 276)
(746, 277)
(746, 278)
(746, 279)
(746, 280)
(746, 281)
(746, 282)
(746, 283)
(746, 300)
(746, 333)
(746, 334)
(746, 335)
(746, 336)
(746, 337)
(746, 338)
(746, 339)
(746, 340)
(746, 459)
(746, 460)
(746, 461)
(746, 462)
(746, 463)
(746, 464)
(746, 465)
(746, 466)
(746, 467)
(746, 468)
(746, 469)
(746, 495)
(746, 496)
(746, 501)
(747, 259)
(747, 260)
(747, 261)
(747, 262)
(747, 263)
(747, 264)
(747, 265)
(747, 266)
(747, 267)
(747, 268)
(747, 269)
(747, 270)
(747, 271)
(747, 272)
(747, 284)
(747, 285)
(747, 295)
(747, 296)
(747, 297)
(747, 298)
(747, 299)
(747, 332)
(747, 500)
(748, 254)
(748, 255)
(748, 256)
(748, 257)
(748, 286)
(748, 287)
(748, 288)
(748, 289)
(748, 290)
(748, 291)
(748, 292)
(748, 293)
(748, 294)
(748, 502)
(748, 503)
(748, 504)
(748, 505)
(749, 246)
(749, 247)
(749, 248)
(749, 249)
(749, 250)
(749, 251)
(749, 252)
(749, 253)
(749, 258)
(749, 506)
(750, 186)
(750, 187)
(750, 188)
(750, 189)
(750, 190)
(750, 191)
(750, 192)
(750, 193)
(750, 224)
(750, 231)
(750, 232)
(750, 233)
(750, 234)
(750, 235)
(750, 236)
(750, 237)
(750, 238)
(750, 239)
(750, 240)
(750, 241)
(750, 242)
(750, 243)
(750, 244)
(750, 507)
(750, 508)
(750, 509)
(750, 510)
(750, 511)
(750, 512)
(750, 513)
(751, 184)
(751, 185)
(751, 194)
(751, 195)
(751, 196)
(751, 225)
(751, 226)
(751, 227)
(751, 228)
(751, 229)
(751, 230)
(751, 245)
(751, 514)
(751, 515)
(751, 516)
(751, 517)
(751, 518)
(751, 519)
(752, 182)
(752, 183)
(752, 197)
(752, 207)
(752, 208)
(752, 209)
(752, 520)
(752, 521)
(752, 522)
(752, 523)
(753, 181)
(753, 198)
(753, 199)
(753, 200)
(753, 201)
(753, 202)
(753, 203)
(753, 204)
(753, 205)
(753, 206)
(753, 524)
(753, 525)
(753, 526)
(753, 527)
(753, 528)
(753, 529)
(753, 530)
(753, 531)
(754, 177)
(754, 178)
(754, 179)
(754, 180)
(754, 532)
(754, 533)
(754, 534)
(754, 535)
(754, 536)
(754, 537)
(754, 538)
(754, 539)
(754, 540)
(754, 541)
(754, 542)
(754, 543)
(754, 544)
(755, 172)
(755, 173)
(755, 174)
(755, 175)
(755, 176)
(755, 545)
(755, 546)
(755, 547)
(755, 548)
(755, 549)
(755, 550)
(755, 551)
(756, 169)
(756, 170)
(756, 171)
(756, 552)
(756, 553)
(756, 554)
(756, 555)
(756, 556)
(757, 160)
(757, 161)
(757, 162)
(757, 163)
(757, 164)
(757, 165)
(757, 166)
(757, 167)
(757, 168)
(757, 557)
(757, 558)
(757, 559)
(757, 560)
(757, 561)
(757, 562)
(757, 563)
(758, 158)
(758, 159)
(758, 564)
(758, 565)
(758, 566)
(758, 567)
(758, 568)
(758, 569)
(759, 154)
(759, 155)
(759, 156)
(759, 157)
(759, 570)
(759, 571)
(759, 572)
(759, 573)
(759, 574)
(760, 151)
(760, 152)
(760, 153)
(760, 577)
(760, 578)
(760, 579)
(760, 580)
(760, 581)
(760, 582)
(760, 583)
(760, 584)
(760, 589)
(761, 148)
(761, 149)
(761, 150)
(761, 585)
(761, 586)
(761, 587)
(761, 588)
(762, 145)
(762, 146)
(762, 147)
(762, 590)
(762, 591)
(762, 592)
(762, 593)
(762, 594)
(762, 595)
(762, 596)
(762, 597)
(763, 141)
(763, 142)
(763, 143)
(763, 144)
(763, 598)
(763, 599)
(763, 600)
(763, 601)
(763, 602)
(763, 603)
(764, 134)
(764, 135)
(764, 136)
(764, 137)
(764, 138)
(764, 139)
(764, 140)
(764, 604)
(764, 605)
(764, 606)
(764, 607)
(764, 608)
(764, 698)
(764, 699)
(764, 700)
(765, 133)
(765, 609)
(765, 610)
(765, 611)
(765, 612)
(765, 690)
(765, 691)
(765, 692)
(765, 693)
(765, 694)
(765, 695)
(765, 696)
(765, 697)
(765, 701)
(765, 702)
(765, 703)
(765, 704)
(765, 705)
(765, 706)
(765, 707)
(765, 708)
(765, 709)
(765, 710)
(765, 711)
(765, 712)
(765, 713)
(765, 714)
(765, 715)
(765, 716)
(765, 717)
(765, 718)
(765, 719)
(765, 720)
(765, 721)
(765, 722)
(765, 723)
(765, 724)
(765, 725)
(765, 726)
(765, 727)
(765, 728)
(765, 729)
(765, 730)
(765, 731)
(765, 732)
(765, 733)
(765, 734)
(765, 735)
(765, 736)
(765, 737)
(765, 738)
(765, 739)
(765, 740)
(765, 741)
(766, 132)
(766, 613)
(766, 614)
(766, 615)
(766, 683)
(766, 685)
(766, 686)
(766, 687)
(766, 688)
(766, 689)
(766, 742)
(766, 743)
(766, 744)
(766, 745)
(766, 746)
(766, 747)
(766, 748)
(766, 749)
(766, 750)
(766, 751)
(766, 752)
(766, 753)
(766, 754)
(766, 755)
(766, 756)
(767, 616)
(767, 617)
(767, 618)
(767, 619)
(767, 620)
(767, 621)
(767, 622)
(767, 623)
(767, 624)
(767, 625)
(767, 626)
(767, 627)
(767, 628)
(767, 629)
(767, 630)
(767, 684)
(767, 760)
(767, 761)
(767, 762)
(767, 763)
(767, 764)
(767, 765)
(767, 766)
(767, 767)
(767, 768)
(767, 769)
(767, 770)
(768, 631)
(768, 632)
(768, 633)
(768, 634)
(768, 635)
(768, 636)
(768, 679)
(768, 680)
(768, 682)
(768, 771)
(768, 772)
(768, 773)
(768, 774)
(768, 775)
(768, 776)
(768, 777)
(768, 778)
(768, 779)
(768, 780)
(768, 781)
(768, 782)
(768, 783)
(768, 784)
(768, 1310)
(768, 1311)
(768, 1312)
(768, 1313)
(768, 1314)
(768, 1315)
(768, 1316)
(768, 1317)
(768, 1318)
(768, 1319)
(768, 1320)
(768, 1321)
(768, 1322)
(768, 1323)
(768, 1324)
(768, 1325)
(768, 1326)
(769, 637)
(769, 638)
(769, 639)
(769, 640)
(769, 641)
(769, 642)
(769, 643)
(769, 644)
(769, 671)
(769, 675)
(769, 676)
(769, 677)
(769, 678)
(769, 681)
(769, 785)
(769, 786)
(769, 787)
(769, 788)
(769, 789)
(769, 790)
(769, 791)
(769, 792)
(769, 793)
(769, 794)
(769, 795)
(769, 796)
(769, 797)
(769, 798)
(769, 799)
(769, 800)
(769, 1305)
(769, 1306)
(769, 1307)
(769, 1309)
(769, 1327)
(769, 1328)
(769, 1329)
(769, 1330)
(769, 1331)
(769, 1332)
(769, 1333)
(769, 1334)
(770, 645)
(770, 646)
(770, 647)
(770, 648)
(770, 649)
(770, 650)
(770, 651)
(770, 652)
(770, 653)
(770, 654)
(770, 655)
(770, 656)
(770, 657)
(770, 658)
(770, 659)
(770, 660)
(770, 661)
(770, 662)
(770, 663)
(770, 664)
(770, 672)
(770, 673)
(770, 674)
(770, 801)
(770, 802)
(770, 803)
(770, 804)
(770, 805)
(770, 806)
(770, 1302)
(770, 1303)
(770, 1304)
(770, 1308)
(770, 1335)
(770, 1336)
(770, 1337)
(770, 1338)
(770, 1339)
(770, 1340)
(771, 665)
(771, 669)
(771, 670)
(771, 807)
(771, 808)
(771, 809)
(771, 810)
(771, 811)
(771, 812)
(771, 813)
(771, 814)
(771, 1299)
(771, 1300)
(771, 1301)
(771, 1341)
(771, 1342)
(771, 1343)
(771, 1344)
(771, 1345)
(772, 815)
(772, 816)
(772, 817)
(772, 818)
(772, 819)
(772, 820)
(772, 821)
(772, 822)
(772, 823)
(772, 824)
(772, 825)
(772, 826)
(772, 1296)
(772, 1297)
(772, 1298)
(772, 1346)
(772, 1347)
(772, 1348)
(772, 1349)
(772, 1350)
(773, 827)
(773, 828)
(773, 829)
(773, 830)
(773, 831)
(773, 832)
(773, 833)
(773, 834)
(773, 835)
(773, 836)
(773, 837)
(773, 838)
(773, 839)
(773, 840)
(773, 841)
(773, 842)
(773, 843)
(773, 946)
(773, 1053)
(773, 1054)
(773, 1066)
(773, 1067)
(773, 1068)
(773, 1069)
(773, 1070)
(773, 1071)
(773, 1072)
(773, 1073)
(773, 1074)
(773, 1075)
(773, 1076)
(773, 1077)
(773, 1078)
(773, 1079)
(773, 1080)
(773, 1081)
(773, 1082)
(773, 1083)
(773, 1084)
(773, 1085)
(773, 1086)
(773, 1087)
(773, 1088)
(773, 1089)
(773, 1090)
(773, 1091)
(773, 1092)
(773, 1093)
(773, 1094)
(773, 1095)
(773, 1105)
(773, 1106)
(773, 1107)
(773, 1108)
(773, 1109)
(773, 1110)
(773, 1111)
(773, 1112)
(773, 1113)
(773, 1114)
(773, 1115)
(773, 1116)
(773, 1117)
(773, 1118)
(773, 1119)
(773, 1120)
(773, 1121)
(773, 1122)
(773, 1123)
(773, 1126)
(773, 1127)
(773, 1128)
(773, 1129)
(773, 1130)
(773, 1131)
(773, 1132)
(773, 1133)
(773, 1134)
(773, 1135)
(773, 1136)
(773, 1137)
(773, 1138)
(773, 1139)
(773, 1140)
(773, 1141)
(773, 1142)
(773, 1143)
(773, 1144)
(773, 1145)
(773, 1146)
(773, 1147)
(773, 1148)
(773, 1149)
(773, 1150)
(773, 1151)
(773, 1152)
(773, 1153)
(773, 1154)
(773, 1155)
(773, 1156)
(773, 1157)
(773, 1158)
(773, 1159)
(773, 1160)
(773, 1161)
(773, 1162)
(773, 1163)
(773, 1164)
(773, 1165)
(773, 1166)
(773, 1167)
(773, 1168)
(773, 1169)
(773, 1170)
(773, 1171)
(773, 1172)
(773, 1173)
(773, 1174)
(773, 1175)
(773, 1176)
(773, 1177)
(773, 1178)
(773, 1179)
(773, 1180)
(773, 1181)
(773, 1182)
(773, 1183)
(773, 1184)
(773, 1185)
(773, 1186)
(773, 1187)
(773, 1188)
(773, 1189)
(773, 1190)
(773, 1191)
(773, 1192)
(773, 1294)
(773, 1295)
(773, 1351)
(773, 1352)
(773, 1353)
(773, 1354)
(774, 844)
(774, 845)
(774, 846)
(774, 847)
(774, 848)
(774, 849)
(774, 874)
(774, 875)
(774, 876)
(774, 877)
(774, 878)
(774, 879)
(774, 880)
(774, 881)
(774, 882)
(774, 883)
(774, 884)
(774, 885)
(774, 886)
(774, 887)
(774, 888)
(774, 889)
(774, 890)
(774, 891)
(774, 943)
(774, 944)
(774, 945)
(774, 947)
(774, 948)
(774, 949)
(774, 950)
(774, 951)
(774, 952)
(774, 953)
(774, 954)
(774, 955)
(774, 956)
(774, 957)
(774, 958)
(774, 959)
(774, 960)
(774, 961)
(774, 962)
(774, 963)
(774, 964)
(774, 965)
(774, 966)
(774, 967)
(774, 968)
(774, 969)
(774, 970)
(774, 971)
(774, 972)
(774, 973)
(774, 974)
(774, 975)
(774, 976)
(774, 977)
(774, 978)
(774, 979)
(774, 980)
(774, 981)
(774, 982)
(774, 983)
(774, 984)
(774, 985)
(774, 986)
(774, 987)
(774, 988)
(774, 989)
(774, 990)
(774, 991)
(774, 992)
(774, 993)
(774, 994)
(774, 995)
(774, 1032)
(774, 1035)
(774, 1036)
(774, 1037)
(774, 1038)
(774, 1039)
(774, 1040)
(774, 1041)
(774, 1042)
(774, 1043)
(774, 1044)
(774, 1045)
(774, 1046)
(774, 1047)
(774, 1048)
(774, 1049)
(774, 1050)
(774, 1051)
(774, 1052)
(774, 1055)
(774, 1056)
(774, 1057)
(774, 1058)
(774, 1059)
(774, 1060)
(774, 1061)
(774, 1062)
(774, 1063)
(774, 1064)
(774, 1065)
(774, 1096)
(774, 1097)
(774, 1098)
(774, 1099)
(774, 1100)
(774, 1101)
(774, 1102)
(774, 1103)
(774, 1104)
(774, 1193)
(774, 1194)
(774, 1195)
(774, 1196)
(774, 1197)
(774, 1198)
(774, 1199)
(774, 1200)
(774, 1201)
(774, 1202)
(774, 1203)
(774, 1204)
(774, 1232)
(774, 1233)
(774, 1234)
(774, 1235)
(774, 1236)
(774, 1237)
(774, 1289)
(774, 1290)
(774, 1291)
(774, 1292)
(774, 1293)
(774, 1355)
(774, 1356)
(774, 1357)
(774, 1358)
(774, 1359)
(774, 1360)
(775, 851)
(775, 852)
(775, 853)
(775, 854)
(775, 855)
(775, 856)
(775, 857)
(775, 858)
(775, 859)
(775, 860)
(775, 861)
(775, 862)
(775, 863)
(775, 864)
(775, 865)
(775, 866)
(775, 867)
(775, 868)
(775, 869)
(775, 870)
(775, 871)
(775, 872)
(775, 873)
(775, 892)
(775, 893)
(775, 894)
(775, 895)
(775, 896)
(775, 897)
(775, 898)
(775, 899)
(775, 900)
(775, 901)
(775, 902)
(775, 903)
(775, 904)
(775, 905)
(775, 906)
(775, 907)
(775, 908)
(775, 928)
(775, 929)
(775, 930)
(775, 931)
(775, 932)
(775, 933)
(775, 934)
(775, 935)
(775, 936)
(775, 937)
(775, 938)
(775, 939)
(775, 940)
(775, 996)
(775, 997)
(775, 998)
(775, 999)
(775, 1000)
(775, 1001)
(775, 1002)
(775, 1003)
(775, 1004)
(775, 1005)
(775, 1006)
(775, 1007)
(775, 1008)
(775, 1009)
(775, 1010)
(775, 1011)
(775, 1012)
(775, 1013)
(775, 1014)
(775, 1015)
(775, 1016)
(775, 1017)
(775, 1018)
(775, 1019)
(775, 1020)
(775, 1021)
(775, 1022)
(775, 1023)
(775, 1024)
(775, 1025)
(775, 1026)
(775, 1027)
(775, 1028)
(775, 1029)
(775, 1030)
(775, 1031)
(775, 1034)
(775, 1205)
(775, 1206)
(775, 1207)
(775, 1208)
(775, 1209)
(775, 1210)
(775, 1211)
(775, 1212)
(775, 1213)
(775, 1214)
(775, 1215)
(775, 1219)
(775, 1220)
(775, 1221)
(775, 1222)
(775, 1223)
(775, 1224)
(775, 1225)
(775, 1226)
(775, 1227)
(775, 1228)
(775, 1229)
(775, 1230)
(775, 1231)
(775, 1238)
(775, 1239)
(775, 1240)
(775, 1241)
(775, 1242)
(775, 1243)
(775, 1244)
(775, 1245)
(775, 1246)
(775, 1247)
(775, 1263)
(775, 1264)
(775, 1265)
(775, 1266)
(775, 1267)
(775, 1268)
(775, 1269)
(775, 1270)
(775, 1271)
(775, 1272)
(775, 1273)
(775, 1274)
(775, 1275)
(775, 1276)
(775, 1277)
(775, 1278)
(775, 1279)
(775, 1280)
(775, 1281)
(775, 1282)
(775, 1283)
(775, 1284)
(775, 1285)
(775, 1286)
(775, 1287)
(775, 1288)
(775, 1361)
(775, 1362)
(775, 1363)
(775, 1364)
(776, 909)
(776, 910)
(776, 911)
(776, 912)
(776, 913)
(776, 914)
(776, 915)
(776, 916)
(776, 917)
(776, 918)
(776, 919)
(776, 920)
(776, 921)
(776, 922)
(776, 923)
(776, 924)
(776, 925)
(776, 926)
(776, 927)
(776, 1218)
(776, 1248)
(776, 1249)
(776, 1250)
(776, 1251)
(776, 1252)
(776, 1253)
(776, 1254)
(776, 1255)
(776, 1256)
(776, 1257)
(776, 1258)
(776, 1259)
(776, 1260)
(776, 1261)
(776, 1262)
(776, 1365)
(776, 1366)
(776, 1367)
(776, 1368)
(776, 1369)
(776, 1370)
(776, 1371)
(776, 1700)
(776, 1702)
(776, 1703)
(776, 1704)
(776, 1705)
(776, 1706)
(776, 1707)
(776, 1708)
(776, 1709)
(776, 1710)
(776, 1711)
(776, 1712)
(776, 1713)
(776, 1714)
(777, 1372)
(777, 1373)
(777, 1374)
(777, 1375)
(777, 1376)
(777, 1377)
(777, 1378)
(777, 1379)
(777, 1380)
(777, 1381)
(777, 1382)
(777, 1383)
(777, 1384)
(777, 1385)
(777, 1386)
(777, 1387)
(777, 1388)
(777, 1389)
(777, 1418)
(777, 1419)
(777, 1420)
(777, 1421)
(777, 1422)
(777, 1423)
(777, 1433)
(777, 1434)
(777, 1435)
(777, 1436)
(777, 1437)
(777, 1438)
(777, 1439)
(777, 1440)
(777, 1549)
(777, 1550)
(777, 1551)
(777, 1552)
(777, 1553)
(777, 1554)
(777, 1555)
(777, 1556)
(777, 1557)
(777, 1558)
(777, 1559)
(777, 1560)
(777, 1561)
(777, 1562)
(777, 1563)
(777, 1564)
(777, 1582)
(777, 1655)
(777, 1656)
(777, 1657)
(777, 1658)
(777, 1659)
(777, 1660)
(777, 1661)
(777, 1662)
(777, 1663)
(777, 1664)
(777, 1665)
(777, 1666)
(777, 1667)
(777, 1668)
(777, 1669)
(777, 1670)
(777, 1671)
(777, 1672)
(777, 1675)
(777, 1676)
(777, 1677)
(777, 1678)
(777, 1679)
(777, 1680)
(777, 1681)
(777, 1682)
(777, 1683)
(777, 1684)
(777, 1685)
(777, 1686)
(777, 1687)
(777, 1688)
(777, 1689)
(777, 1690)
(777, 1691)
(777, 1692)
(777, 1693)
(777, 1694)
(777, 1695)
(777, 1696)
(777, 1697)
(777, 1698)
(777, 1699)
(777, 1701)
(777, 1715)
(777, 1716)
(777, 1717)
(777, 1718)
(777, 1719)
(777, 1720)
(777, 1721)
(777, 1722)
(777, 1723)
(777, 1724)
(777, 1725)
(777, 1726)
(777, 1727)
(777, 1728)
(777, 1729)
(777, 1730)
(777, 1731)
(777, 1732)
(777, 1733)
(777, 1734)
(777, 1735)
(777, 1736)
(777, 1737)
(777, 1738)
(777, 1739)
(777, 1740)
(777, 1741)
(777, 1742)
(777, 1743)
(777, 1744)
(777, 1745)
(777, 1746)
(777, 1747)
(777, 1748)
(777, 1749)
(777, 1750)
(777, 1751)
(777, 1752)
(777, 1753)
(777, 1754)
(777, 1755)
(777, 1756)
(777, 1757)
(777, 1758)
(777, 1759)
(777, 1760)
(777, 1856)
(778, 1390)
(778, 1391)
(778, 1392)
(778, 1393)
(778, 1394)
(778, 1395)
(778, 1396)
(778, 1397)
(778, 1398)
(778, 1399)
(778, 1400)
(778, 1401)
(778, 1402)
(778, 1403)
(778, 1404)
(778, 1405)
(778, 1406)
(778, 1407)
(778, 1408)
(778, 1409)
(778, 1410)
(778, 1411)
(778, 1412)
(778, 1413)
(778, 1414)
(778, 1415)
(778, 1416)
(778, 1417)
(778, 1424)
(778, 1425)
(778, 1426)
(778, 1427)
(778, 1428)
(778, 1429)
(778, 1430)
(778, 1431)
(778, 1432)
(778, 1441)
(778, 1442)
(778, 1443)
(778, 1444)
(778, 1445)
(778, 1446)
(778, 1447)
(778, 1448)
(778, 1449)
(778, 1450)
(778, 1451)
(778, 1452)
(778, 1453)
(778, 1454)
(778, 1455)
(778, 1456)
(778, 1457)
(778, 1533)
(778, 1534)
(778, 1535)
(778, 1536)
(778, 1537)
(778, 1538)
(778, 1539)
(778, 1540)
(778, 1541)
(778, 1542)
(778, 1543)
(778, 1544)
(778, 1545)
(778, 1546)
(778, 1547)
(778, 1548)
(778, 1565)
(778, 1566)
(778, 1567)
(778, 1568)
(778, 1569)
(778, 1570)
(778, 1571)
(778, 1572)
(778, 1573)
(778, 1574)
(778, 1575)
(778, 1576)
(778, 1577)
(778, 1578)
(778, 1579)
(778, 1580)
(778, 1583)
(778, 1584)
(778, 1585)
(778, 1586)
(778, 1587)
(778, 1588)
(778, 1589)
(778, 1590)
(778, 1591)
(778, 1592)
(778, 1593)
(778, 1594)
(778, 1595)
(778, 1596)
(778, 1597)
(778, 1616)
(778, 1617)
(778, 1630)
(778, 1631)
(778, 1632)
(778, 1633)
(778, 1634)
(778, 1635)
(778, 1636)
(778, 1637)
(778, 1638)
(778, 1639)
(778, 1640)
(778, 1641)
(778, 1642)
(778, 1643)
(778, 1644)
(778, 1645)
(778, 1646)
(778, 1647)
(778, 1648)
(778, 1649)
(778, 1650)
(778, 1651)
(778, 1652)
(778, 1653)
(778, 1654)
(778, 1761)
(778, 1762)
(778, 1763)
(778, 1764)
(778, 1767)
(778, 1768)
(778, 1769)
(778, 1770)
(778, 1771)
(778, 1772)
(778, 1773)
(778, 1774)
(778, 1775)
(778, 1776)
(778, 1777)
(778, 1778)
(778, 1779)
(778, 1780)
(778, 1781)
(778, 1782)
(778, 1783)
(778, 1784)
(778, 1785)
(778, 1786)
(778, 1787)
(778, 1788)
(778, 1789)
(778, 1790)
(778, 1791)
(778, 1792)
(778, 1793)
(778, 1794)
(778, 1795)
(778, 1796)
(778, 1797)
(778, 1798)
(778, 1799)
(778, 1800)
(778, 1801)
(778, 1802)
(778, 1803)
(778, 1804)
(778, 1805)
(778, 1806)
(778, 1807)
(778, 1808)
(778, 1809)
(778, 1810)
(778, 1811)
(778, 1812)
(778, 1813)
(778, 1814)
(778, 1815)
(778, 1816)
(778, 1817)
(778, 1818)
(778, 1819)
(778, 1820)
(778, 1821)
(778, 1822)
(778, 1823)
(778, 1824)
(778, 1825)
(778, 1826)
(778, 1827)
(778, 1828)
(778, 1829)
(778, 1830)
(778, 1831)
(778, 1832)
(778, 1833)
(778, 1834)
(778, 1835)
(778, 1836)
(778, 1837)
(778, 1838)
(778, 1839)
(778, 1840)
(778, 1841)
(778, 1842)
(778, 1843)
(778, 1844)
(778, 1845)
(778, 1846)
(778, 1847)
(778, 1848)
(778, 1849)
(778, 1850)
(778, 1851)
(778, 1852)
(778, 1853)
(778, 1854)
(778, 1855)
(778, 1858)
(778, 1859)
(778, 1860)
(778, 1861)
(778, 1862)
(778, 1863)
(778, 1864)
(778, 1865)
(778, 1866)
(778, 1867)
(778, 1868)
(778, 1869)
(778, 1870)
(778, 1871)
(778, 1872)
(778, 1873)
(778, 1874)
(778, 1875)
(778, 1876)
(778, 1877)
(778, 1878)
(778, 1882)
(778, 1883)
(778, 1884)
(778, 1885)
(778, 1886)
(778, 1887)
(778, 1888)
(778, 1889)
(778, 1890)
(778, 1891)
(778, 1892)
(778, 1893)
(778, 1894)
(778, 1895)
(778, 1896)
(778, 1897)
(778, 1898)
(778, 1899)
(778, 1900)
(778, 1901)
(778, 1902)
(778, 1903)
(778, 1904)
(778, 1905)
(778, 1906)
(778, 1907)
(778, 1908)
(778, 1909)
(778, 1910)
(778, 1957)
(778, 1960)
(778, 1961)
(778, 1962)
(778, 1963)
(778, 1964)
(778, 1965)
(778, 1966)
(778, 1967)
(778, 1968)
(778, 1978)
(778, 1979)
(778, 1980)
(778, 1981)
(778, 1982)
(778, 1983)
(778, 1984)
(778, 1985)
(778, 1986)
(778, 1987)
(778, 1988)
(778, 1992)
(778, 1993)
(778, 1994)
(778, 1995)
(778, 1996)
(778, 1997)
(778, 1998)
(778, 1999)
(778, 2000)
(778, 2001)
(778, 2002)
(778, 2003)
(778, 2004)
(778, 2005)
(778, 2006)
(778, 2007)
(778, 2008)
(778, 2009)
(778, 2010)
(778, 2011)
(778, 2012)
(778, 2013)
(778, 2014)
(778, 2015)
(779, 1458)
(779, 1459)
(779, 1460)
(779, 1461)
(779, 1462)
(779, 1463)
(779, 1464)
(779, 1465)
(779, 1466)
(779, 1467)
(779, 1468)
(779, 1469)
(779, 1470)
(779, 1471)
(779, 1472)
(779, 1473)
(779, 1491)
(779, 1496)
(779, 1497)
(779, 1498)
(779, 1499)
(779, 1500)
(779, 1501)
(779, 1502)
(779, 1528)
(779, 1529)
(779, 1530)
(779, 1531)
(779, 1532)
(779, 1581)
(779, 1598)
(779, 1599)
(779, 1600)
(779, 1601)
(779, 1602)
(779, 1603)
(779, 1604)
(779, 1605)
(779, 1606)
(779, 1607)
(779, 1608)
(779, 1609)
(779, 1610)
(779, 1611)
(779, 1612)
(779, 1613)
(779, 1614)
(779, 1615)
(779, 1618)
(779, 1619)
(779, 1620)
(779, 1621)
(779, 1622)
(779, 1623)
(779, 1624)
(779, 1625)
(779, 1626)
(779, 1627)
(779, 1628)
(779, 1629)
(779, 1879)
(779, 1880)
(779, 1881)
(779, 1911)
(779, 1912)
(779, 1913)
(779, 1914)
(779, 1915)
(779, 1916)
(779, 1917)
(779, 1918)
(779, 1919)
(779, 1920)
(779, 1921)
(779, 1922)
(779, 1923)
(779, 1924)
(779, 1925)
(779, 1926)
(779, 1927)
(779, 1928)
(779, 1929)
(779, 1930)
(779, 1931)
(779, 1932)
(779, 1933)
(779, 1934)
(779, 1935)
(779, 1936)
(779, 1937)
(779, 1938)
(779, 1939)
(779, 1940)
(779, 1941)
(779, 1942)
(779, 1943)
(779, 1944)
(779, 1945)
(779, 1946)
(779, 1948)
(779, 1949)
(779, 1950)
(779, 1951)
(779, 1952)
(779, 1953)
(779, 1954)
(779, 1955)
(779, 1956)
(779, 1958)
(779, 1959)
(779, 1969)
(779, 1970)
(779, 1971)
(779, 1972)
(779, 1973)
(779, 1974)
(779, 1975)
(779, 1976)
(779, 1977)
(779, 1989)
(779, 1990)
(779, 1991)
(779, 2016)
(779, 2017)
(779, 2018)
(779, 2019)
(779, 2020)
(779, 2021)
(779, 2022)
(779, 2023)
(779, 2024)
(779, 2025)
(779, 2026)
(779, 2027)
(779, 2028)
(779, 2029)
(779, 2030)
(779, 2031)
(779, 2032)
(780, 1474)
(780, 1475)
(780, 1476)
(780, 1477)
(780, 1478)
(780, 1479)
(780, 1480)
(780, 1481)
(780, 1482)
(780, 1483)
(780, 1484)
(780, 1485)
(780, 1486)
(780, 1487)
(780, 1488)
(780, 1489)
(780, 1492)
(780, 1493)
(780, 1494)
(780, 1495)
(780, 1503)
(780, 1504)
(780, 1505)
(780, 1506)
(780, 1507)
(780, 1508)
(780, 1509)
(780, 1510)
(780, 1511)
(780, 1512)
(780, 1513)
(780, 1514)
(780, 1515)
(780, 1516)
(780, 1517)
(780, 1518)
(780, 1519)
(780, 1520)
(780, 1522)
(780, 1523)
(780, 1524)
(780, 1525)
(780, 1526)
(780, 1527)
(780, 2033)
(780, 2034)
(780, 2035)
(780, 2036)
(780, 2037)
(780, 2038)
(780, 2086)
(780, 2087)
(780, 2088)
(780, 2089)
(780, 2090)
(780, 2091)
(780, 2092)
(780, 2093)
(780, 2094)
(780, 2095)
(780, 2096)
(780, 2097)
(780, 2098)
(780, 2099)
(780, 2100)
(780, 2130)
(780, 2305)
(780, 2306)
(780, 2307)
(780, 2308)
(780, 2309)
(780, 2310)
(780, 2311)
(781, 1490)
(781, 1521)
(781, 2040)
(781, 2041)
(781, 2042)
(781, 2043)
(781, 2044)
(781, 2045)
(781, 2046)
(781, 2047)
(781, 2048)
(781, 2049)
(781, 2050)
(781, 2051)
(781, 2052)
(781, 2054)
(781, 2055)
(781, 2056)
(781, 2057)
(781, 2058)
(781, 2059)
(781, 2060)
(781, 2061)
(781, 2062)
(781, 2063)
(781, 2064)
(781, 2065)
(781, 2066)
(781, 2067)
(781, 2068)
(781, 2069)
(781, 2070)
(781, 2071)
(781, 2072)
(781, 2073)
(781, 2074)
(781, 2075)
(781, 2076)
(781, 2077)
(781, 2078)
(781, 2079)
(781, 2080)
(781, 2081)
(781, 2082)
(781, 2083)
(781, 2084)
(781, 2085)
(781, 2101)
(781, 2102)
(781, 2103)
(781, 2104)
(781, 2105)
(781, 2106)
(781, 2131)
(781, 2132)
(781, 2133)
(781, 2134)
(781, 2135)
(781, 2136)
(781, 2137)
(781, 2138)
(781, 2139)
(781, 2140)
(781, 2141)
(781, 2142)
(781, 2259)
(781, 2260)
(781, 2290)
(781, 2291)
(781, 2292)
(781, 2293)
(781, 2294)
(781, 2295)
(781, 2296)
(781, 2297)
(781, 2298)
(781, 2299)
(781, 2300)
(781, 2301)
(781, 2302)
(781, 2303)
(781, 2304)
(782, 2053)
(782, 2107)
(782, 2108)
(782, 2109)
(782, 2110)
(782, 2111)
(782, 2112)
(782, 2113)
(782, 2114)
(782, 2115)
(782, 2119)
(782, 2123)
(782, 2124)
(782, 2125)
(782, 2126)
(782, 2127)
(782, 2128)
(782, 2129)
(782, 2143)
(782, 2144)
(782, 2145)
(782, 2146)
(782, 2147)
(782, 2148)
(782, 2149)
(782, 2243)
(782, 2244)
(782, 2245)
(782, 2246)
(782, 2247)
(782, 2248)
(782, 2249)
(782, 2250)
(782, 2251)
(782, 2252)
(782, 2253)
(782, 2254)
(782, 2255)
(782, 2256)
(782, 2257)
(782, 2258)
(782, 2261)
(782, 2262)
(782, 2263)
(782, 2264)
(782, 2265)
(782, 2266)
(782, 2267)
(782, 2268)
(782, 2282)
(782, 2283)
(782, 2284)
(782, 2285)
(782, 2286)
(782, 2287)
(782, 2288)
(782, 2289)
(783, 2116)
(783, 2117)
(783, 2118)
(783, 2120)
(783, 2121)
(783, 2122)
(783, 2150)
(783, 2151)
(783, 2152)
(783, 2153)
(783, 2154)
(783, 2155)
(783, 2156)
(783, 2157)
(783, 2158)
(783, 2159)
(783, 2160)
(783, 2161)
(783, 2162)
(783, 2163)
(783, 2164)
(783, 2240)
(783, 2241)
(783, 2242)
(783, 2269)
(783, 2270)
(783, 2271)
(783, 2272)
(783, 2273)
(783, 2274)
(783, 2275)
(783, 2276)
(783, 2277)
(783, 2278)
(783, 2279)
(783, 2280)
(783, 2281)
(784, 2165)
(784, 2166)
(784, 2167)
(784, 2168)
(784, 2169)
(784, 2170)
(784, 2171)
(784, 2238)
(784, 2239)
(785, 2172)
(785, 2173)
(785, 2174)
(785, 2175)
(785, 2176)
(785, 2177)
(785, 2178)
(785, 2179)
(785, 2180)
(785, 2181)
(785, 2182)
(785, 2183)
(785, 2184)
(785, 2185)
(785, 2186)
(785, 2187)
(785, 2188)
(785, 2189)
(785, 2190)
(785, 2191)
(785, 2192)
(785, 2193)
(785, 2233)
(785, 2234)
(785, 2235)
(785, 2236)
(785, 2237)
(785, 2378)
(786, 2194)
(786, 2195)
(786, 2196)
(786, 2197)
(786, 2198)
(786, 2199)
(786, 2200)
(786, 2201)
(786, 2202)
(786, 2203)
(786, 2204)
(786, 2205)
(786, 2206)
(786, 2207)
(786, 2208)
(786, 2209)
(786, 2210)
(786, 2211)
(786, 2213)
(786, 2214)
(786, 2215)
(786, 2216)
(786, 2217)
(786, 2218)
(786, 2224)
(786, 2225)
(786, 2226)
(786, 2227)
(786, 2228)
(786, 2229)
(786, 2230)
(786, 2231)
(786, 2232)
(787, 2212)
(787, 2221)
(787, 2222)
(787, 2223)
(787, 2377)
(789, 2379)
(791, 2367)
(791, 2368)
(791, 2376)
(792, 2366)
(793, 2365)
(826, 38)
(843, 443)
(843, 444)
(843, 445)
(882, 1638)
(882, 1639)
(882, 1640)
(890, 2371)
(891, 2373)
(892, 2354)
(892, 2370)
(893, 2356)
(893, 2372)
(894, 2357)
(894, 2358)
(894, 2359)
(894, 2360)
(895, 71)
(895, 72)
(895, 73)
(895, 2355)
(896, 74)
(899, 2362)
(900, 2361)
(900, 2365)
(901, 2364)
(901, 2366)
(901, 2367)
(902, 2363)
(902, 2377)
(903, 2375)
(903, 2378)
(904, 2376)
(904, 2379)
(906, 2379)
(907, 2376)
(907, 2378)
(908, 2376)
(908, 2378)
(909, 2376)
(909, 2378)
