(241, 140)(703, 140) - 462
(241, 141)(703, 141) - 462
(242, 142)(703, 142) - 461
(242, 143)(703, 143) - 461
(242, 144)(702, 144) - 460
(242, 145)(702, 145) - 460
(242, 146)(702, 146) - 460
(242, 147)(702, 147) - 460
(242, 148)(702, 148) - 460
(241, 149)(703, 149) - 462
(241, 150)(703, 150) - 462
(241, 151)(703, 151) - 462
(240, 152)(703, 152) - 463
(240, 153)(703, 153) - 463
(240, 154)(703, 154) - 463
(241, 155)(703, 155) - 462
(241, 156)(703, 156) - 462
(241, 157)(703, 157) - 462
(241, 158)(703, 158) - 462
(241, 159)(703, 159) - 462
(241, 160)(703, 160) - 462
(241, 161)(703, 161) - 462
(241, 162)(703, 162) - 462
(241, 163)(703, 163) - 462
(240, 164)(703, 164) - 463
(240, 165)(703, 165) - 463
(239, 166)(703, 166) - 464
(239, 167)(703, 167) - 464
(238, 168)(703, 168) - 465
(237, 169)(703, 169) - 466
(237, 170)(703, 170) - 466
(236, 171)(703, 171) - 467
(236, 172)(703, 172) - 467
(235, 173)(703, 173) - 468
(234, 174)(703, 174) - 469
(234, 175)(703, 175) - 469
(233, 176)(703, 176) - 470
(233, 177)(703, 177) - 470
(233, 178)(703, 178) - 470
(233, 179)(703, 179) - 470
(233, 180)(703, 180) - 470
(233, 181)(703, 181) - 470
(232, 182)(703, 182) - 471
(232, 183)(703, 183) - 471
(233, 184)(703, 184) - 470
(235, 185)(703, 185) - 468
(234, 186)(703, 186) - 469
(235, 187)(703, 187) - 468
(235, 188)(703, 188) - 468
(235, 189)(703, 189) - 468
(235, 190)(703, 190) - 468
(236, 191)(703, 191) - 467
(236, 192)(703, 192) - 467
(237, 193)(703, 193) - 466
(237, 194)(703, 194) - 466
(236, 195)(703, 195) - 467
(236, 196)(703, 196) - 467
(236, 197)(703, 197) - 467
(236, 198)(703, 198) - 467
(236, 199)(703, 199) - 467
(236, 200)(703, 200) - 467
(236, 201)(703, 201) - 467
(235, 202)(703, 202) - 468
(235, 203)(702, 203) - 467
(234, 204)(702, 204) - 468
(234, 205)(703, 205) - 469
(233, 206)(703, 206) - 470
(233, 207)(703, 207) - 470
(233, 208)(703, 208) - 470
(233, 209)(703, 209) - 470
(232, 210)(703, 210) - 471
(234, 211)(703, 211) - 469
(235, 212)(703, 212) - 468
(237, 213)(703, 213) - 466
(237, 214)(703, 214) - 466
(238, 215)(703, 215) - 465
(238, 216)(703, 216) - 465
(238, 217)(703, 217) - 465
(238, 218)(703, 218) - 465
(239, 219)(703, 219) - 464
(238, 220)(703, 220) - 465
(238, 221)(703, 221) - 465
(237, 222)(703, 222) - 466
(233, 223)(703, 223) - 470
(233, 224)(703, 224) - 470
(232, 225)(703, 225) - 471
(232, 226)(702, 226) - 470
(231, 227)(701, 227) - 470
(230, 228)(703, 228) - 473
(230, 229)(703, 229) - 473
(229, 230)(703, 230) - 474
(228, 231)(702, 231) - 474
(228, 232)(702, 232) - 474
(228, 233)(702, 233) - 474
(227, 234)(702, 234) - 475
(227, 235)(702, 235) - 475
(226, 236)(702, 236) - 476
(225, 237)(702, 237) - 477
(224, 238)(702, 238) - 478
(223, 239)(702, 239) - 479
(223, 240)(701, 240) - 478
(222, 241)(702, 241) - 480
(222, 242)(703, 242) - 481
(221, 243)(703, 243) - 482
(221, 244)(703, 244) - 482
(221, 245)(703, 245) - 482
(221, 246)(703, 246) - 482
(220, 247)(703, 247) - 483
(219, 248)(703, 248) - 484
(218, 249)(703, 249) - 485
(217, 250)(703, 250) - 486
(216, 251)(703, 251) - 487
(216, 252)(703, 252) - 487
(216, 253)(703, 253) - 487
(215, 254)(703, 254) - 488
(214, 255)(703, 255) - 489
(214, 256)(703, 256) - 489
(213, 257)(703, 257) - 490
(213, 258)(703, 258) - 490
(213, 259)(703, 259) - 490
(212, 260)(703, 260) - 491
(211, 261)(703, 261) - 492
(211, 262)(703, 262) - 492
(210, 263)(703, 263) - 493
(210, 264)(703, 264) - 493
(209, 265)(703, 265) - 494
(208, 266)(703, 266) - 495
(208, 267)(703, 267) - 495
(208, 268)(703, 268) - 495
(208, 269)(703, 269) - 495
(207, 270)(703, 270) - 496
(207, 271)(703, 271) - 496
(207, 272)(703, 272) - 496
(207, 273)(703, 273) - 496
(206, 274)(703, 274) - 497
(206, 275)(703, 275) - 497
(205, 276)(703, 276) - 498
(205, 277)(703, 277) - 498
(204, 278)(703, 278) - 499
(204, 279)(703, 279) - 499
(203, 280)(703, 280) - 500
(203, 281)(703, 281) - 500
(203, 282)(703, 282) - 500
(202, 283)(703, 283) - 501
(202, 284)(703, 284) - 501
(201, 285)(703, 285) - 502
(201, 286)(703, 286) - 502
(200, 287)(703, 287) - 503
(200, 288)(703, 288) - 503
(199, 289)(703, 289) - 504
(198, 290)(703, 290) - 505
(198, 291)(703, 291) - 505
(197, 292)(703, 292) - 506
(196, 293)(703, 293) - 507
(196, 294)(703, 294) - 507
(196, 295)(703, 295) - 507
(195, 296)(703, 296) - 508
(195, 297)(703, 297) - 508
(195, 298)(703, 298) - 508
(195, 299)(703, 299) - 508
(195, 300)(703, 300) - 508
(195, 301)(703, 301) - 508
(194, 302)(703, 302) - 509
(194, 303)(703, 303) - 509
(194, 304)(703, 304) - 509
(193, 305)(703, 305) - 510
(193, 306)(703, 306) - 510
(193, 307)(703, 307) - 510
(192, 308)(703, 308) - 511
(192, 309)(703, 309) - 511
(192, 310)(703, 310) - 511
(192, 311)(703, 311) - 511
(191, 312)(703, 312) - 512
(191, 313)(703, 313) - 512
(192, 314)(703, 314) - 511
(191, 315)(703, 315) - 512
(191, 316)(703, 316) - 512
(191, 317)(703, 317) - 512
(190, 318)(703, 318) - 513
(190, 319)(703, 319) - 513
(189, 320)(703, 320) - 514
(189, 321)(703, 321) - 514
(189, 322)(703, 322) - 514
(189, 323)(703, 323) - 514
(188, 324)(703, 324) - 515
(188, 325)(703, 325) - 515
(188, 326)(703, 326) - 515
(188, 327)(703, 327) - 515
(187, 328)(703, 328) - 516
(187, 329)(703, 329) - 516
(186, 330)(703, 330) - 517
(186, 331)(703, 331) - 517
(186, 332)(703, 332) - 517
(186, 333)(703, 333) - 517
(187, 334)(703, 334) - 516
(187, 335)(703, 335) - 516
(187, 336)(703, 336) - 516
(188, 337)(703, 337) - 515
(188, 338)(703, 338) - 515
(190, 339)(703, 339) - 513
(190, 340)(703, 340) - 513
(193, 341)(703, 341) - 510
(194, 342)(703, 342) - 509
(193, 343)(703, 343) - 510
(194, 344)(703, 344) - 509
(195, 345)(703, 345) - 508
(195, 346)(703, 346) - 508
(196, 347)(704, 347) - 508
(195, 348)(704, 348) - 509
(195, 349)(704, 349) - 509
(195, 350)(704, 350) - 509
(195, 351)(704, 351) - 509
(195, 352)(704, 352) - 509
(195, 353)(704, 353) - 509
(195, 354)(704, 354) - 509
(195, 355)(703, 355) - 508
(195, 356)(704, 356) - 509
(195, 357)(704, 357) - 509
(195, 358)(704, 358) - 509
(195, 359)(704, 359) - 509
(194, 360)(704, 360) - 510
(194, 361)(704, 361) - 510
(194, 362)(704, 362) - 510
(194, 363)(704, 363) - 510
(194, 364)(704, 364) - 510
(194, 365)(704, 365) - 510
(194, 366)(704, 366) - 510
(196, 367)(704, 367) - 508
(195, 368)(704, 368) - 509
(196, 369)(704, 369) - 508
(196, 370)(704, 370) - 508
(196, 371)(704, 371) - 508
(196, 372)(704, 372) - 508
(197, 373)(704, 373) - 507
(198, 374)(704, 374) - 506
(198, 375)(704, 375) - 506
(198, 376)(704, 376) - 506
(198, 377)(704, 377) - 506
(198, 378)(704, 378) - 506
(198, 379)(704, 379) - 506
(198, 380)(704, 380) - 506
(198, 381)(704, 381) - 506
(198, 382)(704, 382) - 506
(198, 383)(704, 383) - 506
(197, 384)(704, 384) - 507
(198, 385)(704, 385) - 506
(198, 386)(704, 386) - 506
(198, 387)(704, 387) - 506
(199, 388)(704, 388) - 505
(199, 389)(704, 389) - 505
(199, 390)(704, 390) - 505
(202, 391)(704, 391) - 502
(203, 392)(704, 392) - 501
(202, 393)(704, 393) - 502
(203, 394)(704, 394) - 501
(205, 395)(704, 395) - 499
(204, 396)(704, 396) - 500
(204, 397)(704, 397) - 500
(204, 398)(704, 398) - 500
(204, 399)(704, 399) - 500
(204, 400)(704, 400) - 500
(204, 401)(704, 401) - 500
(204, 402)(704, 402) - 500
(204, 403)(704, 403) - 500
(206, 404)(704, 404) - 498
(204, 405)(704, 405) - 500
(204, 407)(704, 407) - 500
(204, 408)(704, 408) - 500
(204, 409)(704, 409) - 500
(205, 410)(704, 410) - 499
(205, 411)(704, 411) - 499
(206, 412)(704, 412) - 498
(206, 413)(704, 413) - 498
(206, 414)(704, 414) - 498
(206, 415)(704, 415) - 498
(206, 416)(704, 416) - 498
(206, 417)(704, 417) - 498
(206, 418)(704, 418) - 498
(207, 419)(704, 419) - 497
(207, 420)(704, 420) - 497
(207, 421)(704, 421) - 497
(207, 422)(704, 422) - 497
(207, 423)(704, 423) - 497
(207, 424)(704, 424) - 497
(207, 425)(704, 425) - 497
(207, 426)(704, 426) - 497
(206, 427)(704, 427) - 498
(206, 428)(704, 428) - 498
(206, 429)(704, 429) - 498
(206, 430)(704, 430) - 498
(205, 431)(704, 431) - 499
(205, 432)(704, 432) - 499
(205, 433)(704, 433) - 499
(205, 434)(704, 434) - 499
(205, 435)(704, 435) - 499
(205, 436)(704, 436) - 499
(206, 437)(704, 437) - 498
(206, 438)(704, 438) - 498
(206, 439)(704, 439) - 498
(206, 440)(704, 440) - 498
(206, 441)(704, 441) - 498
(206, 442)(704, 442) - 498
(206, 443)(704, 443) - 498
(206, 444)(704, 444) - 498
(207, 445)(704, 445) - 497
(207, 446)(704, 446) - 497
(208, 447)(704, 447) - 496
(208, 448)(704, 448) - 496
(209, 449)(704, 449) - 495
(209, 450)(704, 450) - 495
(209, 451)(705, 451) - 496
(209, 452)(705, 452) - 496
(209, 453)(704, 453) - 495
(209, 454)(704, 454) - 495
(209, 455)(704, 455) - 495
(209, 456)(704, 456) - 495
(208, 457)(704, 457) - 496
(208, 458)(704, 458) - 496
(208, 459)(704, 459) - 496
(208, 460)(704, 460) - 496
(208, 461)(705, 461) - 497
(208, 462)(705, 462) - 497
(208, 463)(705, 463) - 497
(207, 464)(705, 464) - 498
(207, 465)(705, 465) - 498
(207, 466)(705, 466) - 498
(207, 467)(705, 467) - 498
(207, 468)(704, 468) - 497
(207, 469)(704, 469) - 497
(207, 470)(705, 470) - 498
(207, 471)(705, 471) - 498
(207, 472)(704, 472) - 497
(207, 473)(704, 473) - 497
(207, 474)(704, 474) - 497
(207, 475)(705, 475) - 498
(207, 476)(704, 476) - 497
(207, 477)(704, 477) - 497
(207, 478)(704, 478) - 497
(206, 479)(704, 479) - 498
(206, 480)(704, 480) - 498
(207, 481)(704, 481) - 497
(207, 482)(705, 482) - 498
(207, 483)(705, 483) - 498
(208, 484)(704, 484) - 496
(208, 485)(704, 485) - 496
(209, 486)(704, 486) - 495
(210, 487)(704, 487) - 494
(210, 488)(704, 488) - 494
(210, 489)(704, 489) - 494
(210, 490)(704, 490) - 494
(210, 491)(704, 491) - 494
(210, 492)(704, 492) - 494
(209, 493)(704, 493) - 495
(209, 494)(704, 494) - 495
(209, 495)(704, 495) - 495
(208, 496)(704, 496) - 496
(211, 499)(704, 499) - 493
(211, 500)(704, 500) - 493
(211, 501)(704, 501) - 493
(212, 502)(704, 502) - 492
(212, 503)(704, 503) - 492
(212, 504)(704, 504) - 492
(212, 505)(704, 505) - 492
(212, 506)(704, 506) - 492
(212, 507)(704, 507) - 492
(212, 508)(704, 508) - 492
(212, 509)(704, 509) - 492
(212, 510)(704, 510) - 492
(211, 511)(704, 511) - 493
(211, 512)(704, 512) - 493
(211, 513)(704, 513) - 493
(211, 514)(704, 514) - 493
(211, 515)(704, 515) - 493
(211, 516)(704, 516) - 493
(212, 517)(704, 517) - 492
(212, 518)(704, 518) - 492
(212, 519)(704, 519) - 492
(213, 520)(704, 520) - 491
(213, 521)(704, 521) - 491
(213, 522)(704, 522) - 491
(212, 523)(704, 523) - 492
(212, 524)(704, 524) - 492
(212, 525)(704, 525) - 492
(212, 526)(704, 526) - 492
(212, 527)(704, 527) - 492
(212, 528)(704, 528) - 492
(212, 529)(704, 529) - 492
(213, 530)(704, 530) - 491
(213, 531)(704, 531) - 491
(214, 532)(704, 532) - 490
(214, 533)(704, 533) - 490
(214, 534)(704, 534) - 490
(215, 535)(704, 535) - 489
(215, 536)(704, 536) - 489
(215, 537)(704, 537) - 489
(215, 538)(704, 538) - 489
(215, 539)(704, 539) - 489
(216, 540)(704, 540) - 488
(216, 541)(705, 541) - 489
(216, 542)(705, 542) - 489
(217, 543)(704, 543) - 487
(218, 544)(704, 544) - 486
(218, 545)(704, 545) - 486
(218, 546)(704, 546) - 486
(219, 547)(704, 547) - 485
(219, 548)(704, 548) - 485
(219, 549)(704, 549) - 485
(219, 550)(704, 550) - 485
(219, 551)(704, 551) - 485
(219, 552)(704, 552) - 485
(219, 553)(704, 553) - 485
(219, 554)(704, 554) - 485
(219, 555)(704, 555) - 485
(219, 556)(705, 556) - 486
(220, 557)(704, 557) - 484
(220, 558)(704, 558) - 484
(221, 559)(704, 559) - 483
(221, 560)(704, 560) - 483
(220, 561)(704, 561) - 484
(220, 562)(704, 562) - 484
(220, 563)(704, 563) - 484
(220, 564)(704, 564) - 484
(220, 565)(704, 565) - 484
(221, 566)(704, 566) - 483
(219, 567)(704, 567) - 485
(221, 568)(704, 568) - 483
(222, 569)(704, 569) - 482
(221, 570)(704, 570) - 483
(221, 571)(704, 571) - 483
(221, 572)(704, 572) - 483
(221, 573)(704, 573) - 483
(221, 574)(704, 574) - 483
(222, 575)(704, 575) - 482
(222, 576)(704, 576) - 482
(223, 577)(704, 577) - 481
(223, 578)(704, 578) - 481
(223, 579)(704, 579) - 481
(225, 580)(704, 580) - 479
(226, 581)(704, 581) - 478
(225, 582)(704, 582) - 479
(227, 583)(704, 583) - 477
(228, 584)(704, 584) - 476
(227, 585)(704, 585) - 477
(228, 586)(704, 586) - 476
(228, 587)(704, 587) - 476
(228, 588)(704, 588) - 476
(231, 589)(704, 589) - 473
(232, 590)(703, 590) - 471
(232, 591)(704, 591) - 472
(233, 592)(704, 592) - 471
(233, 593)(704, 593) - 471
(234, 594)(704, 594) - 470
(233, 595)(704, 595) - 471
(233, 596)(704, 596) - 471
(232, 597)(704, 597) - 472
(232, 598)(704, 598) - 472
(232, 599)(704, 599) - 472
(233, 600)(704, 600) - 471
(233, 601)(704, 601) - 471
(233, 602)(704, 602) - 471
(234, 603)(704, 603) - 470
(234, 604)(704, 604) - 470
(235, 605)(705, 605) - 470
(235, 606)(704, 606) - 469
(235, 607)(704, 607) - 469
(236, 608)(704, 608) - 468
(236, 609)(704, 609) - 468
(236, 610)(704, 610) - 468
(237, 611)(704, 611) - 467
(237, 612)(704, 612) - 467
(237, 613)(704, 613) - 467
(237, 614)(704, 614) - 467
(237, 615)(704, 615) - 467
(237, 616)(704, 616) - 467
(238, 617)(704, 617) - 466
(238, 618)(704, 618) - 466
(239, 619)(704, 619) - 465
(239, 620)(704, 620) - 465
(239, 621)(704, 621) - 465
(238, 622)(704, 622) - 466
(239, 623)(704, 623) - 465
(238, 624)(704, 624) - 466
(236, 625)(704, 625) - 468
(234, 626)(704, 626) - 470
(234, 627)(704, 627) - 470
(234, 628)(704, 628) - 470
(236, 629)(704, 629) - 468
(238, 630)(704, 630) - 466
(237, 631)(704, 631) - 467
(238, 632)(704, 632) - 466
(238, 633)(704, 633) - 466
(238, 634)(704, 634) - 466
(237, 635)(704, 635) - 467
(237, 636)(704, 636) - 467
(237, 637)(704, 637) - 467
(237, 638)(704, 638) - 467
(237, 639)(704, 639) - 467
(237, 640)(704, 640) - 467
(238, 641)(704, 641) - 466
(238, 642)(704, 642) - 466
(240, 643)(704, 643) - 464
(239, 644)(704, 644) - 465
(239, 645)(704, 645) - 465
(239, 646)(704, 646) - 465
(239, 647)(704, 647) - 465
(241, 648)(704, 648) - 463
(242, 649)(704, 649) - 462
(242, 650)(704, 650) - 462
(243, 651)(704, 651) - 461
(244, 652)(704, 652) - 460
(243, 653)(704, 653) - 461
(243, 654)(704, 654) - 461
(243, 655)(704, 655) - 461
(243, 656)(704, 656) - 461
(242, 657)(704, 657) - 462
(242, 658)(704, 658) - 462
(241, 659)(704, 659) - 463
(241, 660)(704, 660) - 463
(241, 661)(704, 661) - 463
(243, 662)(704, 662) - 461
(244, 663)(704, 663) - 460
(245, 664)(704, 664) - 459
(244, 665)(704, 665) - 460
(245, 666)(704, 666) - 459
(244, 667)(704, 667) - 460
(245, 668)(704, 668) - 459
(244, 669)(704, 669) - 460
(242, 670)(704, 670) - 462
(240, 671)(704, 671) - 464
(243, 672)(704, 672) - 461
(243, 673)(704, 673) - 461
(245, 674)(704, 674) - 459
(245, 675)(704, 675) - 459
(244, 676)(704, 676) - 460
(245, 677)(704, 677) - 459
(245, 678)(704, 678) - 459
(247, 679)(704, 679) - 457
(247, 680)(704, 680) - 457
(248, 682)(704, 682) - 456
(249, 683)(704, 683) - 455
(249, 684)(704, 684) - 455
(249, 685)(704, 685) - 455
(250, 686)(704, 686) - 454
(251, 687)(704, 687) - 453
(252, 688)(704, 688) - 452
(255, 689)(704, 689) - 449
(256, 690)(704, 690) - 448
(256, 691)(704, 691) - 448
(257, 692)(704, 692) - 447
(258, 693)(704, 693) - 446
(259, 694)(704, 694) - 445
(261, 695)(704, 695) - 443
(262, 696)(704, 696) - 442
(261, 697)(704, 697) - 443
(262, 698)(704, 698) - 442
(263, 699)(704, 699) - 441
(263, 700)(704, 700) - 441
(264, 701)(704, 701) - 440
(264, 702)(704, 702) - 440
(264, 703)(704, 703) - 440
(264, 704)(704, 704) - 440
(265, 705)(704, 705) - 439
(265, 706)(704, 706) - 439
(265, 707)(704, 707) - 439
(264, 708)(704, 708) - 440
(263, 709)(704, 709) - 441
(263, 710)(704, 710) - 441
(263, 711)(704, 711) - 441
(263, 712)(704, 712) - 441
(263, 713)(704, 713) - 441
(263, 714)(704, 714) - 441
(263, 715)(704, 715) - 441
(263, 716)(704, 716) - 441
(263, 717)(704, 717) - 441
(263, 718)(704, 718) - 441
(264, 719)(704, 719) - 440
(264, 720)(704, 720) - 440
(265, 721)(704, 721) - 439
(265, 722)(704, 722) - 439
(266, 723)(704, 723) - 438
(266, 724)(704, 724) - 438
(266, 725)(704, 725) - 438
(266, 726)(704, 726) - 438
(267, 727)(704, 727) - 437
(267, 728)(704, 728) - 437
(267, 729)(704, 729) - 437
(267, 730)(704, 730) - 437
(269, 731)(704, 731) - 435
(272, 732)(704, 732) - 432
(271, 733)(704, 733) - 433
(273, 734)(704, 734) - 431
(272, 735)(704, 735) - 432
(272, 736)(704, 736) - 432
(274, 737)(704, 737) - 430
(275, 738)(704, 738) - 429
(276, 739)(704, 739) - 428
(277, 740)(704, 740) - 427
(278, 741)(704, 741) - 426
(277, 742)(704, 742) - 427
(278, 743)(704, 743) - 426
(279, 744)(704, 744) - 425
(280, 745)(704, 745) - 424
(280, 746)(704, 746) - 424
(281, 747)(704, 747) - 423
(282, 748)(704, 748) - 422
(284, 749)(704, 749) - 420
(283, 750)(704, 750) - 421
(284, 751)(704, 751) - 420
(285, 752)(704, 752) - 419
(285, 753)(704, 753) - 419
(286, 754)(704, 754) - 418
(286, 755)(704, 755) - 418
(287, 756)(704, 756) - 417
(287, 757)(704, 757) - 417
(287, 758)(704, 758) - 417
(286, 759)(704, 759) - 418
(286, 760)(704, 760) - 418
(286, 761)(704, 761) - 418
(285, 762)(704, 762) - 419
(285, 763)(704, 763) - 419
(284, 764)(704, 764) - 420
(283, 765)(704, 765) - 421
(283, 766)(704, 766) - 421
(283, 767)(704, 767) - 421
(282, 768)(704, 768) - 422
(282, 769)(704, 769) - 422
(281, 770)(704, 770) - 423
(281, 771)(704, 771) - 423
(278, 774)(705, 774) - 427
(278, 775)(704, 775) - 426
(278, 776)(704, 776) - 426
(278, 777)(704, 777) - 426
(278, 778)(704, 778) - 426
(277, 779)(704, 779) - 427
(277, 780)(704, 780) - 427
(277, 781)(704, 781) - 427
(276, 782)(704, 782) - 428
(276, 783)(704, 783) - 428
(276, 784)(704, 784) - 428
(276, 785)(704, 785) - 428
(276, 786)(704, 786) - 428
(276, 787)(704, 787) - 428
(276, 788)(704, 788) - 428
(276, 789)(704, 789) - 428
(276, 790)(704, 790) - 428
(276, 791)(704, 791) - 428
(276, 792)(704, 792) - 428
(276, 793)(704, 793) - 428
(277, 794)(704, 794) - 427
(277, 795)(704, 795) - 427
(277, 796)(704, 796) - 427
(277, 797)(704, 797) - 427
(277, 798)(704, 798) - 427
(277, 799)(704, 799) - 427
(278, 800)(704, 800) - 426
(280, 801)(704, 801) - 424
(279, 802)(704, 802) - 425
(281, 803)(704, 803) - 423
(282, 804)(704, 804) - 422
(281, 805)(704, 805) - 423
(282, 806)(704, 806) - 422
(282, 807)(704, 807) - 422
(282, 808)(704, 808) - 422
(282, 809)(704, 809) - 422
(282, 810)(704, 810) - 422
(283, 811)(704, 811) - 421
(283, 812)(704, 812) - 421
(285, 813)(704, 813) - 419
(284, 814)(704, 814) - 420
(285, 815)(704, 815) - 419
(285, 816)(704, 816) - 419
(286, 817)(704, 817) - 418
(287, 818)(704, 818) - 417
(289, 819)(704, 819) - 415
(288, 820)(704, 820) - 416
(290, 821)(704, 821) - 414
(289, 822)(704, 822) - 415
(290, 823)(704, 823) - 414
(292, 824)(704, 824) - 412
(291, 825)(704, 825) - 413
(292, 826)(704, 826) - 412
(294, 827)(704, 827) - 410
(293, 828)(704, 828) - 411
(293, 829)(704, 829) - 411
(294, 830)(704, 830) - 410
(294, 831)(704, 831) - 410
(294, 832)(704, 832) - 410
(295, 833)(704, 833) - 409
(295, 834)(704, 834) - 409
(296, 835)(704, 835) - 408
(296, 836)(704, 836) - 408
(296, 837)(704, 837) - 408
(297, 838)(704, 838) - 407
(297, 839)(704, 839) - 407
(297, 840)(704, 840) - 407
(299, 841)(704, 841) - 405
(300, 842)(704, 842) - 404
(299, 843)(704, 843) - 405
(299, 844)(704, 844) - 405
(299, 845)(704, 845) - 405
(299, 846)(704, 846) - 405
(299, 847)(704, 847) - 405
(298, 848)(704, 848) - 406
(298, 849)(704, 849) - 406
(299, 850)(704, 850) - 405
(299, 851)(704, 851) - 405
(299, 852)(704, 852) - 405
(299, 853)(704, 853) - 405
(300, 854)(704, 854) - 404
(300, 855)(704, 855) - 404
(300, 856)(704, 856) - 404
(300, 857)(704, 857) - 404
(301, 858)(704, 858) - 403
(301, 859)(704, 859) - 403
(301, 860)(704, 860) - 403
(301, 861)(704, 861) - 403
(301, 862)(704, 862) - 403
(301, 863)(704, 863) - 403
(301, 864)(704, 864) - 403
(301, 865)(704, 865) - 403
(301, 867)(704, 867) - 403
(301, 868)(704, 868) - 403
(301, 869)(704, 869) - 403
(300, 870)(704, 870) - 404
(300, 871)(704, 871) - 404
(300, 872)(704, 872) - 404
(300, 873)(704, 873) - 404
(300, 874)(704, 874) - 404
(300, 875)(704, 875) - 404
(300, 876)(704, 876) - 404
(300, 877)(704, 877) - 404
(300, 878)(704, 878) - 404
(301, 879)(704, 879) - 403
(301, 880)(704, 880) - 403
(302, 881)(704, 881) - 402
(302, 882)(704, 882) - 402
(302, 883)(704, 883) - 402
(303, 884)(704, 884) - 401
(305, 885)(704, 885) - 399
(304, 886)(704, 886) - 400
(306, 887)(704, 887) - 398
(305, 888)(704, 888) - 399
(306, 889)(704, 889) - 398
(308, 890)(704, 890) - 396
(307, 891)(704, 891) - 397
(309, 892)(704, 892) - 395
(309, 893)(704, 893) - 395
(310, 894)(704, 894) - 394
(311, 895)(704, 895) - 393
(312, 896)(704, 896) - 392
(315, 897)(704, 897) - 389
(316, 898)(704, 898) - 388
(317, 899)(704, 899) - 387
(318, 900)(704, 900) - 386
(319, 901)(704, 901) - 385
(318, 902)(704, 902) - 386
(319, 903)(704, 903) - 385
(320, 904)(704, 904) - 384
(320, 905)(704, 905) - 384
(321, 906)(704, 906) - 383
(321, 907)(704, 907) - 383
(323, 908)(704, 908) - 381
(322, 909)(704, 909) - 382
(322, 910)(704, 910) - 382
(323, 911)(704, 911) - 381
(323, 912)(704, 912) - 381
(323, 913)(704, 913) - 381
(323, 914)(704, 914) - 381
(323, 915)(704, 915) - 381
(323, 916)(704, 916) - 381
(323, 917)(704, 917) - 381
(323, 918)(704, 918) - 381
(322, 919)(704, 919) - 382
(322, 920)(704, 920) - 382
(323, 921)(704, 921) - 381
(321, 922)(704, 922) - 383
(322, 923)(704, 923) - 382
(320, 924)(704, 924) - 384
(319, 925)(704, 925) - 385
(318, 926)(704, 926) - 386
(319, 927)(704, 927) - 385
(318, 928)(704, 928) - 386
(317, 929)(704, 929) - 387
(316, 930)(704, 930) - 388
(315, 931)(704, 931) - 389
(313, 932)(704, 932) - 391
(312, 933)(704, 933) - 392
(310, 934)(704, 934) - 394
(309, 935)(704, 935) - 395
(310, 936)(704, 936) - 394
(309, 937)(704, 937) - 395
(306, 938)(704, 938) - 398
(307, 939)(704, 939) - 397
(306, 940)(704, 940) - 398
(305, 941)(704, 941) - 399
(303, 942)(704, 942) - 401
(303, 943)(704, 943) - 401
(302, 944)(704, 944) - 402
(302, 945)(704, 945) - 402
(301, 946)(704, 946) - 403
(301, 947)(704, 947) - 403
(300, 948)(704, 948) - 404
(300, 949)(704, 949) - 404
(299, 950)(704, 950) - 405
(299, 951)(704, 951) - 405
(298, 952)(704, 952) - 406
(298, 953)(704, 953) - 406
(298, 954)(704, 954) - 406
(297, 955)(704, 955) - 407
(296, 956)(704, 956) - 408
(296, 957)(704, 957) - 408
(296, 958)(704, 958) - 408
(296, 959)(704, 959) - 408
(295, 960)(704, 960) - 409
(295, 961)(704, 961) - 409
(295, 962)(704, 962) - 409
(295, 963)(704, 963) - 409
(295, 964)(704, 964) - 409
(295, 965)(704, 965) - 409
(294, 966)(704, 966) - 410
(294, 967)(704, 967) - 410
(295, 968)(704, 968) - 409
(295, 969)(704, 969) - 409
(295, 970)(704, 970) - 409
(295, 971)(704, 971) - 409
(295, 972)(704, 972) - 409
(294, 973)(704, 973) - 410
(294, 974)(704, 974) - 410
(294, 975)(704, 975) - 410
(294, 976)(704, 976) - 410
(294, 977)(704, 977) - 410
(294, 978)(704, 978) - 410
(294, 979)(704, 979) - 410
(294, 980)(704, 980) - 410
(294, 981)(704, 981) - 410
(293, 982)(704, 982) - 411
(293, 983)(704, 983) - 411
(293, 984)(704, 984) - 411
(293, 985)(704, 985) - 411
(292, 986)(704, 986) - 412
(292, 987)(704, 987) - 412
(292, 988)(704, 988) - 412
(292, 989)(704, 989) - 412
(291, 990)(704, 990) - 413
(291, 991)(704, 991) - 413
(291, 992)(704, 992) - 413
(291, 993)(704, 993) - 413
(291, 994)(704, 994) - 413
(291, 995)(704, 995) - 413
(290, 996)(704, 996) - 414
(290, 997)(704, 997) - 414
(290, 998)(704, 998) - 414
(290, 999)(704, 999) - 414
(290, 1000)(704, 1000) - 414
(290, 1001)(704, 1001) - 414
(290, 1002)(704, 1002) - 414
(290, 1003)(704, 1003) - 414
(290, 1004)(704, 1004) - 414
(289, 1005)(704, 1005) - 415
(289, 1006)(704, 1006) - 415
(289, 1007)(704, 1007) - 415
(289, 1008)(704, 1008) - 415
(288, 1009)(704, 1009) - 416
(288, 1010)(704, 1010) - 416
(288, 1011)(704, 1011) - 416
(288, 1012)(704, 1012) - 416
(288, 1013)(704, 1013) - 416
(288, 1014)(704, 1014) - 416
(288, 1015)(704, 1015) - 416
(288, 1016)(704, 1016) - 416
(288, 1017)(704, 1017) - 416
(288, 1018)(704, 1018) - 416
(288, 1019)(704, 1019) - 416
(288, 1020)(704, 1020) - 416
(288, 1021)(704, 1021) - 416
(288, 1022)(704, 1022) - 416
(288, 1023)(704, 1023) - 416
(288, 1024)(704, 1024) - 416
(288, 1025)(704, 1025) - 416
(289, 1026)(704, 1026) - 415
(289, 1027)(704, 1027) - 415
(289, 1028)(704, 1028) - 415
(289, 1029)(704, 1029) - 415
(290, 1030)(704, 1030) - 414
(290, 1031)(704, 1031) - 414
(290, 1032)(704, 1032) - 414
(290, 1033)(704, 1033) - 414
(290, 1034)(704, 1034) - 414
(291, 1035)(704, 1035) - 413
(291, 1036)(704, 1036) - 413
(291, 1037)(704, 1037) - 413
(291, 1038)(704, 1038) - 413
(291, 1039)(704, 1039) - 413
(291, 1040)(704, 1040) - 413
(291, 1041)(704, 1041) - 413
(292, 1042)(704, 1042) - 412
(292, 1043)(704, 1043) - 412
(292, 1044)(704, 1044) - 412
(292, 1045)(704, 1045) - 412
(292, 1046)(704, 1046) - 412
(293, 1047)(704, 1047) - 411
(294, 1048)(704, 1048) - 410
(294, 1049)(702, 1049) - 408
(294, 1050)(704, 1050) - 410
(294, 1051)(704, 1051) - 410
(295, 1052)(704, 1052) - 409
(295, 1053)(704, 1053) - 409
(295, 1054)(704, 1054) - 409
(295, 1055)(704, 1055) - 409
(295, 1056)(704, 1056) - 409
(295, 1057)(704, 1057) - 409
(295, 1058)(704, 1058) - 409
(295, 1059)(704, 1059) - 409
(295, 1060)(704, 1060) - 409
(296, 1061)(704, 1061) - 408
(298, 1062)(704, 1062) - 406
(299, 1063)(704, 1063) - 405
(298, 1064)(704, 1064) - 406
(298, 1065)(704, 1065) - 406
(299, 1066)(704, 1066) - 405
(299, 1067)(704, 1067) - 405
(299, 1068)(704, 1068) - 405
(299, 1069)(704, 1069) - 405
(299, 1070)(704, 1070) - 405
(299, 1071)(704, 1071) - 405
(299, 1072)(704, 1072) - 405
(299, 1073)(704, 1073) - 405
(299, 1074)(704, 1074) - 405
(299, 1075)(704, 1075) - 405
(299, 1076)(704, 1076) - 405
(299, 1077)(704, 1077) - 405
(298, 1078)(704, 1078) - 406
(298, 1079)(704, 1079) - 406
(298, 1080)(704, 1080) - 406
(298, 1081)(704, 1081) - 406
(298, 1082)(704, 1082) - 406
(298, 1083)(704, 1083) - 406
(297, 1084)(704, 1084) - 407
(297, 1085)(704, 1085) - 407
(296, 1086)(704, 1086) - 408
(295, 1087)(704, 1087) - 409
(295, 1088)(704, 1088) - 409
(294, 1089)(704, 1089) - 410
(294, 1090)(704, 1090) - 410
(293, 1091)(704, 1091) - 411
(293, 1092)(704, 1092) - 411
(293, 1093)(704, 1093) - 411
(292, 1094)(704, 1094) - 412
(292, 1095)(704, 1095) - 412
(292, 1096)(704, 1096) - 412
(292, 1097)(704, 1097) - 412
(291, 1098)(704, 1098) - 413
(291, 1099)(704, 1099) - 413
(291, 1100)(704, 1100) - 413
(291, 1101)(704, 1101) - 413
(291, 1102)(704, 1102) - 413
(291, 1103)(704, 1103) - 413
(291, 1104)(704, 1104) - 413
(291, 1105)(704, 1105) - 413
(291, 1106)(704, 1106) - 413
(291, 1107)(704, 1107) - 413
(291, 1108)(704, 1108) - 413
(290, 1109)(704, 1109) - 414
(290, 1110)(704, 1110) - 414
(290, 1111)(704, 1111) - 414
(290, 1112)(704, 1112) - 414
(290, 1113)(704, 1113) - 414
(289, 1114)(704, 1114) - 415
(289, 1115)(704, 1115) - 415
(289, 1116)(704, 1116) - 415
(289, 1117)(704, 1117) - 415
(289, 1118)(704, 1118) - 415
(289, 1119)(704, 1119) - 415
(289, 1120)(704, 1120) - 415
(288, 1121)(704, 1121) - 416
(288, 1122)(704, 1122) - 416
(287, 1123)(704, 1123) - 417
(288, 1124)(704, 1124) - 416
(286, 1125)(704, 1125) - 418
(286, 1126)(704, 1126) - 418
(286, 1127)(704, 1127) - 418
(285, 1128)(704, 1128) - 419
(285, 1129)(704, 1129) - 419
(285, 1130)(704, 1130) - 419
(286, 1131)(704, 1131) - 418
(286, 1132)(704, 1132) - 418
(285, 1133)(704, 1133) - 419
(285, 1134)(704, 1134) - 419
(285, 1135)(704, 1135) - 419
(285, 1136)(704, 1136) - 419
(284, 1137)(704, 1137) - 420
(282, 1139)(704, 1139) - 422
(283, 1140)(702, 1140) - 419
(283, 1141)(704, 1141) - 421
(283, 1142)(704, 1142) - 421
(282, 1143)(704, 1143) - 422
(281, 1144)(704, 1144) - 423
(280, 1145)(704, 1145) - 424
(279, 1146)(704, 1146) - 425
(279, 1147)(704, 1147) - 425
(278, 1148)(704, 1148) - 426
(277, 1149)(704, 1149) - 427
(277, 1150)(704, 1150) - 427
(273, 1151)(704, 1151) - 431
(273, 1152)(704, 1152) - 431
(272, 1153)(704, 1153) - 432
(271, 1154)(704, 1154) - 433
(270, 1155)(704, 1155) - 434
(269, 1156)(704, 1156) - 435
(267, 1157)(704, 1157) - 437
(266, 1158)(704, 1158) - 438
(266, 1159)(704, 1159) - 438
(266, 1160)(704, 1160) - 438
(266, 1161)(704, 1161) - 438
(265, 1162)(704, 1162) - 439
(265, 1163)(704, 1163) - 439
(265, 1164)(704, 1164) - 439
(264, 1165)(704, 1165) - 440
(264, 1166)(704, 1166) - 440
(264, 1167)(704, 1167) - 440
(264, 1168)(704, 1168) - 440
(264, 1169)(704, 1169) - 440
(266, 1170)(704, 1170) - 438
(267, 1171)(704, 1171) - 437
(268, 1172)(704, 1172) - 436
(269, 1173)(704, 1173) - 435
(270, 1174)(704, 1174) - 434
(271, 1175)(704, 1175) - 433
(272, 1176)(704, 1176) - 432
(271, 1177)(704, 1177) - 433
(272, 1178)(704, 1178) - 432
(272, 1179)(704, 1179) - 432
(272, 1180)(704, 1180) - 432
(272, 1181)(704, 1181) - 432
(272, 1182)(704, 1182) - 432
(272, 1183)(704, 1183) - 432
(271, 1184)(704, 1184) - 433
(271, 1185)(704, 1185) - 433
(270, 1186)(704, 1186) - 434
(271, 1187)(704, 1187) - 433
(269, 1188)(704, 1188) - 435
(270, 1189)(704, 1189) - 434
(269, 1190)(704, 1190) - 435
(267, 1191)(704, 1191) - 437
(266, 1192)(704, 1192) - 438
(267, 1193)(704, 1193) - 437
(266, 1194)(704, 1194) - 438
(265, 1195)(704, 1195) - 439
(264, 1196)(704, 1196) - 440
(262, 1197)(704, 1197) - 442
(261, 1198)(704, 1198) - 443
(261, 1199)(704, 1199) - 443
(260, 1200)(704, 1200) - 444
(260, 1201)(704, 1201) - 444
(260, 1202)(704, 1202) - 444
(260, 1203)(704, 1203) - 444
(260, 1204)(704, 1204) - 444
(260, 1205)(704, 1205) - 444
(259, 1206)(704, 1206) - 445
(259, 1207)(704, 1207) - 445
(258, 1208)(704, 1208) - 446
(257, 1209)(704, 1209) - 447
(257, 1210)(704, 1210) - 447
(255, 1211)(704, 1211) - 449
(256, 1212)(704, 1212) - 448
(254, 1213)(704, 1213) - 450
(253, 1214)(704, 1214) - 451
(253, 1215)(704, 1215) - 451
(253, 1216)(704, 1216) - 451
(253, 1217)(704, 1217) - 451
(253, 1218)(704, 1218) - 451
(254, 1219)(704, 1219) - 450
(254, 1220)(704, 1220) - 450
(254, 1221)(704, 1221) - 450
(254, 1222)(704, 1222) - 450
(254, 1223)(704, 1223) - 450
(255, 1224)(704, 1224) - 449
(255, 1225)(704, 1225) - 449
(255, 1226)(704, 1226) - 449
(256, 1227)(704, 1227) - 448
(256, 1228)(704, 1228) - 448
(256, 1229)(704, 1229) - 448
(259, 1230)(705, 1230) - 446
(259, 1231)(705, 1231) - 446
(259, 1232)(704, 1232) - 445
(259, 1233)(704, 1233) - 445
(260, 1234)(704, 1234) - 444
(260, 1235)(704, 1235) - 444
(261, 1236)(704, 1236) - 443
(261, 1237)(704, 1237) - 443
(262, 1238)(704, 1238) - 442
(262, 1239)(704, 1239) - 442
(263, 1240)(704, 1240) - 441
(264, 1241)(704, 1241) - 440
(264, 1242)(704, 1242) - 440
(264, 1243)(704, 1243) - 440
(265, 1244)(704, 1244) - 439
(265, 1245)(704, 1245) - 439
(265, 1246)(704, 1246) - 439
(265, 1247)(704, 1247) - 439
(266, 1248)(704, 1248) - 438
(266, 1249)(704, 1249) - 438
(266, 1250)(704, 1250) - 438
(266, 1251)(704, 1251) - 438
(266, 1252)(704, 1252) - 438
(266, 1253)(704, 1253) - 438
(266, 1254)(704, 1254) - 438
(266, 1255)(704, 1255) - 438
(266, 1256)(704, 1256) - 438
(266, 1257)(704, 1257) - 438
(266, 1258)(704, 1258) - 438
(266, 1259)(704, 1259) - 438
(266, 1260)(704, 1260) - 438
(266, 1261)(704, 1261) - 438
(266, 1262)(704, 1262) - 438
(266, 1263)(704, 1263) - 438
(266, 1264)(704, 1264) - 438
(266, 1265)(704, 1265) - 438
(266, 1266)(704, 1266) - 438
(266, 1267)(704, 1267) - 438
(266, 1268)(704, 1268) - 438
(266, 1269)(704, 1269) - 438
(266, 1270)(704, 1270) - 438
(266, 1271)(704, 1271) - 438
(266, 1272)(704, 1272) - 438
(266, 1273)(704, 1273) - 438
(266, 1274)(704, 1274) - 438
(267, 1275)(704, 1275) - 437
(267, 1276)(704, 1276) - 437
(267, 1277)(704, 1277) - 437
(267, 1278)(704, 1278) - 437
(267, 1279)(704, 1279) - 437
(266, 1280)(704, 1280) - 438
(266, 1281)(704, 1281) - 438
(266, 1282)(704, 1282) - 438
(266, 1283)(704, 1283) - 438
(266, 1284)(704, 1284) - 438
(266, 1285)(704, 1285) - 438
(266, 1286)(704, 1286) - 438
(266, 1287)(704, 1287) - 438
(266, 1288)(704, 1288) - 438
(266, 1289)(704, 1289) - 438
(266, 1290)(704, 1290) - 438
(266, 1291)(704, 1291) - 438
(266, 1292)(704, 1292) - 438
(266, 1293)(704, 1293) - 438
(266, 1294)(704, 1294) - 438
(266, 1295)(704, 1295) - 438
(266, 1296)(704, 1296) - 438
(267, 1297)(704, 1297) - 437
(267, 1298)(704, 1298) - 437
(267, 1299)(704, 1299) - 437
(267, 1300)(704, 1300) - 437
(268, 1301)(704, 1301) - 436
(268, 1302)(704, 1302) - 436
(269, 1303)(704, 1303) - 435
(269, 1304)(704, 1304) - 435
(269, 1305)(704, 1305) - 435
(269, 1306)(704, 1306) - 435
(270, 1307)(704, 1307) - 434
(270, 1308)(704, 1308) - 434
(270, 1309)(704, 1309) - 434
(270, 1310)(704, 1310) - 434
(271, 1311)(704, 1311) - 433
(270, 1312)(704, 1312) - 434
(270, 1313)(704, 1313) - 434
(270, 1314)(704, 1314) - 434
(270, 1315)(704, 1315) - 434
(270, 1316)(704, 1316) - 434
(271, 1317)(704, 1317) - 433
(271, 1318)(704, 1318) - 433
(271, 1319)(704, 1319) - 433
(270, 1320)(704, 1320) - 434
(271, 1321)(704, 1321) - 433
(270, 1322)(704, 1322) - 434
(270, 1323)(703, 1323) - 433
(270, 1324)(704, 1324) - 434
(270, 1325)(704, 1325) - 434
(270, 1326)(704, 1326) - 434
(270, 1327)(704, 1327) - 434
(270, 1328)(704, 1328) - 434
(271, 1329)(704, 1329) - 433
(271, 1330)(704, 1330) - 433
(271, 1331)(704, 1331) - 433
(271, 1332)(704, 1332) - 433
(271, 1333)(704, 1333) - 433
(272, 1334)(704, 1334) - 432
(272, 1335)(704, 1335) - 432
(272, 1336)(704, 1336) - 432
(272, 1337)(704, 1337) - 432
(272, 1338)(704, 1338) - 432
(272, 1339)(704, 1339) - 432
(273, 1340)(704, 1340) - 431
(273, 1341)(704, 1341) - 431
(273, 1342)(704, 1342) - 431
(273, 1343)(704, 1343) - 431
(274, 1344)(704, 1344) - 430
(274, 1345)(704, 1345) - 430
(274, 1346)(704, 1346) - 430
(274, 1347)(704, 1347) - 430
(275, 1348)(704, 1348) - 429
(275, 1349)(704, 1349) - 429
(275, 1350)(704, 1350) - 429
(275, 1351)(704, 1351) - 429
(275, 1352)(704, 1352) - 429
(275, 1353)(704, 1353) - 429
(275, 1354)(704, 1354) - 429
(276, 1355)(704, 1355) - 428
(276, 1356)(704, 1356) - 428
(276, 1357)(704, 1357) - 428
(276, 1358)(704, 1358) - 428
(276, 1359)(704, 1359) - 428
(276, 1360)(704, 1360) - 428
(276, 1361)(704, 1361) - 428
(276, 1362)(704, 1362) - 428
(276, 1363)(704, 1363) - 428
(276, 1364)(704, 1364) - 428
(275, 1365)(704, 1365) - 429
(275, 1366)(704, 1366) - 429
(275, 1367)(704, 1367) - 429
(275, 1368)(704, 1368) - 429
(275, 1369)(704, 1369) - 429
(275, 1370)(704, 1370) - 429
(275, 1371)(704, 1371) - 429
(275, 1372)(704, 1372) - 429
(275, 1373)(704, 1373) - 429
(275, 1374)(704, 1374) - 429
(275, 1375)(704, 1375) - 429
(274, 1376)(704, 1376) - 430
(274, 1377)(704, 1377) - 430
(273, 1378)(704, 1378) - 431
(273, 1379)(704, 1379) - 431
(272, 1380)(704, 1380) - 432
(272, 1381)(704, 1381) - 432
(272, 1382)(704, 1382) - 432
(272, 1383)(704, 1383) - 432
(272, 1384)(704, 1384) - 432
(273, 1385)(704, 1385) - 431
(274, 1386)(704, 1386) - 430
(274, 1387)(704, 1387) - 430
(274, 1388)(704, 1388) - 430
(273, 1389)(704, 1389) - 431
(273, 1390)(704, 1390) - 431
(273, 1391)(704, 1391) - 431
(273, 1392)(704, 1392) - 431
(273, 1393)(704, 1393) - 431
(273, 1394)(704, 1394) - 431
(273, 1395)(704, 1395) - 431
(273, 1396)(704, 1396) - 431
(273, 1397)(704, 1397) - 431
(272, 1398)(704, 1398) - 432
(272, 1399)(704, 1399) - 432
(273, 1400)(704, 1400) - 431
(273, 1401)(704, 1401) - 431
(273, 1402)(704, 1402) - 431
(273, 1403)(704, 1403) - 431
(273, 1404)(704, 1404) - 431
(274, 1405)(704, 1405) - 430
(274, 1406)(704, 1406) - 430
(274, 1407)(704, 1407) - 430
(274, 1408)(704, 1408) - 430
(274, 1409)(704, 1409) - 430
(275, 1410)(704, 1410) - 429
(275, 1411)(704, 1411) - 429
(277, 1412)(704, 1412) - 427
(276, 1413)(704, 1413) - 428
(276, 1415)(704, 1415) - 428
(277, 1416)(704, 1416) - 427
(277, 1417)(704, 1417) - 427
(277, 1418)(704, 1418) - 427
(277, 1419)(704, 1419) - 427
(278, 1420)(704, 1420) - 426
(278, 1421)(704, 1421) - 426
(278, 1422)(704, 1422) - 426
(278, 1423)(704, 1423) - 426
(277, 1424)(704, 1424) - 427
(277, 1425)(704, 1425) - 427
(277, 1426)(704, 1426) - 427
(277, 1427)(704, 1427) - 427
(276, 1428)(704, 1428) - 428
(276, 1429)(704, 1429) - 428
(276, 1430)(704, 1430) - 428
(276, 1431)(704, 1431) - 428
(276, 1432)(704, 1432) - 428
(276, 1433)(704, 1433) - 428
(275, 1434)(704, 1434) - 429
(275, 1435)(704, 1435) - 429
(275, 1436)(704, 1436) - 429
(275, 1437)(704, 1437) - 429
(275, 1438)(704, 1438) - 429
(275, 1439)(704, 1439) - 429
(275, 1440)(704, 1440) - 429
(274, 1441)(704, 1441) - 430
(274, 1442)(704, 1442) - 430
(274, 1443)(704, 1443) - 430
(275, 1444)(704, 1444) - 429
(275, 1445)(704, 1445) - 429
(275, 1446)(704, 1446) - 429
(275, 1447)(704, 1447) - 429
(275, 1448)(704, 1448) - 429
(275, 1449)(704, 1449) - 429
(276, 1450)(704, 1450) - 428
(276, 1451)(704, 1451) - 428
(276, 1452)(704, 1452) - 428
(276, 1453)(704, 1453) - 428
(275, 1454)(704, 1454) - 429
(275, 1455)(704, 1455) - 429
(276, 1456)(704, 1456) - 428
(275, 1457)(704, 1457) - 429
(274, 1458)(704, 1458) - 430
(273, 1459)(704, 1459) - 431
(271, 1460)(704, 1460) - 433
(272, 1461)(704, 1461) - 432
(270, 1462)(704, 1462) - 434
(270, 1463)(704, 1463) - 434
(269, 1464)(704, 1464) - 435
(269, 1465)(704, 1465) - 435
(269, 1466)(704, 1466) - 435
(269, 1467)(704, 1467) - 435
(269, 1468)(704, 1468) - 435
(269, 1469)(704, 1469) - 435
(269, 1470)(704, 1470) - 435
(269, 1471)(704, 1471) - 435
(269, 1472)(704, 1472) - 435
(270, 1473)(704, 1473) - 434
(270, 1474)(704, 1474) - 434
(270, 1475)(704, 1475) - 434
(270, 1476)(704, 1476) - 434
(270, 1477)(704, 1477) - 434
(269, 1478)(704, 1478) - 435
(270, 1479)(704, 1479) - 434
(269, 1480)(704, 1480) - 435
(268, 1481)(704, 1481) - 436
(266, 1482)(704, 1482) - 438
(265, 1483)(704, 1483) - 439
(266, 1484)(704, 1484) - 438
(265, 1485)(704, 1485) - 439
(264, 1486)(704, 1486) - 440
(263, 1487)(704, 1487) - 441
(261, 1488)(704, 1488) - 443
(262, 1489)(704, 1489) - 442
(261, 1490)(704, 1490) - 443
(259, 1491)(704, 1491) - 445
(259, 1492)(704, 1492) - 445
(258, 1493)(704, 1493) - 446
(259, 1494)(704, 1494) - 445
(257, 1495)(704, 1495) - 447
(258, 1496)(704, 1496) - 446
(256, 1497)(704, 1497) - 448
(257, 1498)(704, 1498) - 447
(255, 1499)(704, 1499) - 449
(255, 1500)(704, 1500) - 449
(255, 1501)(704, 1501) - 449
(255, 1502)(704, 1502) - 449
(255, 1503)(704, 1503) - 449
(255, 1504)(704, 1504) - 449
(256, 1505)(704, 1505) - 448
(256, 1506)(703, 1506) - 447
(256, 1507)(704, 1507) - 448
(256, 1508)(704, 1508) - 448
(257, 1509)(704, 1509) - 447
(257, 1510)(704, 1510) - 447
(258, 1511)(704, 1511) - 446
(258, 1512)(704, 1512) - 446
(258, 1513)(704, 1513) - 446
(258, 1514)(704, 1514) - 446
(258, 1515)(704, 1515) - 446
(257, 1516)(704, 1516) - 447
(257, 1517)(704, 1517) - 447
(257, 1518)(704, 1518) - 447
(257, 1519)(704, 1519) - 447
(257, 1520)(703, 1520) - 446
(257, 1521)(704, 1521) - 447
(256, 1522)(704, 1522) - 448
(256, 1523)(704, 1523) - 448
(257, 1524)(704, 1524) - 447
(257, 1525)(704, 1525) - 447
(257, 1526)(704, 1526) - 447
(257, 1527)(704, 1527) - 447
(257, 1528)(704, 1528) - 447
(258, 1529)(704, 1529) - 446
(258, 1530)(704, 1530) - 446
(259, 1531)(704, 1531) - 445
(259, 1532)(704, 1532) - 445
(259, 1533)(704, 1533) - 445
(260, 1534)(704, 1534) - 444
(260, 1535)(704, 1535) - 444
(260, 1536)(704, 1536) - 444
(261, 1537)(704, 1537) - 443
(261, 1538)(704, 1538) - 443
(261, 1539)(704, 1539) - 443
(262, 1540)(704, 1540) - 442
(262, 1541)(704, 1541) - 442
(262, 1542)(704, 1542) - 442
(262, 1543)(704, 1543) - 442
(263, 1544)(704, 1544) - 441
(263, 1545)(704, 1545) - 441
(263, 1546)(704, 1546) - 441
(264, 1547)(704, 1547) - 440
(264, 1548)(704, 1548) - 440
(264, 1549)(704, 1549) - 440
(264, 1550)(704, 1550) - 440
(264, 1551)(704, 1551) - 440
(264, 1552)(704, 1552) - 440
(264, 1553)(704, 1553) - 440
(265, 1554)(704, 1554) - 439
(265, 1555)(704, 1555) - 439
(265, 1556)(704, 1556) - 439
(265, 1557)(704, 1557) - 439
(264, 1558)(704, 1558) - 440
(264, 1559)(704, 1559) - 440
(264, 1560)(704, 1560) - 440
(264, 1561)(704, 1561) - 440
(264, 1562)(704, 1562) - 440
(263, 1563)(704, 1563) - 441
(263, 1564)(704, 1564) - 441
(263, 1565)(704, 1565) - 441
(263, 1566)(704, 1566) - 441
(263, 1567)(704, 1567) - 441
(264, 1568)(704, 1568) - 440
(264, 1569)(704, 1569) - 440
(264, 1570)(704, 1570) - 440
(264, 1571)(704, 1571) - 440
(264, 1572)(704, 1572) - 440
(264, 1573)(704, 1573) - 440
(264, 1574)(704, 1574) - 440
(263, 1575)(704, 1575) - 441
(263, 1576)(704, 1576) - 441
(263, 1577)(704, 1577) - 441
(263, 1578)(704, 1578) - 441
(264, 1579)(704, 1579) - 440
(264, 1580)(704, 1580) - 440
(264, 1581)(704, 1581) - 440
(263, 1582)(704, 1582) - 441
(263, 1583)(704, 1583) - 441
(263, 1584)(704, 1584) - 441
(263, 1585)(704, 1585) - 441
(263, 1586)(704, 1586) - 441
(263, 1587)(704, 1587) - 441
(263, 1588)(704, 1588) - 441
(263, 1589)(704, 1589) - 441
(264, 1590)(704, 1590) - 440
(264, 1591)(704, 1591) - 440
(264, 1592)(704, 1592) - 440
(265, 1593)(704, 1593) - 439
(265, 1594)(704, 1594) - 439
(266, 1595)(704, 1595) - 438
(266, 1596)(705, 1596) - 439
(266, 1597)(702, 1597) - 436
(266, 1598)(704, 1598) - 438
(266, 1599)(704, 1599) - 438
(266, 1600)(703, 1600) - 437
(266, 1601)(703, 1601) - 437
(266, 1602)(703, 1602) - 437
(266, 1603)(703, 1603) - 437
(266, 1604)(703, 1604) - 437
(266, 1605)(704, 1605) - 438
(266, 1606)(704, 1606) - 438
(266, 1607)(704, 1607) - 438
(266, 1608)(703, 1608) - 437
(266, 1609)(703, 1609) - 437
(266, 1610)(703, 1610) - 437
(265, 1611)(704, 1611) - 439
(265, 1612)(704, 1612) - 439
(265, 1613)(704, 1613) - 439
(266, 1614)(704, 1614) - 438
(266, 1615)(704, 1615) - 438
(266, 1616)(704, 1616) - 438
(266, 1617)(704, 1617) - 438
(266, 1618)(704, 1618) - 438
(266, 1619)(704, 1619) - 438
(266, 1620)(704, 1620) - 438
(267, 1621)(704, 1621) - 437
(267, 1622)(704, 1622) - 437
(267, 1623)(704, 1623) - 437
(267, 1624)(704, 1624) - 437
(267, 1625)(704, 1625) - 437
(267, 1626)(704, 1626) - 437
(267, 1627)(704, 1627) - 437
(267, 1628)(704, 1628) - 437
(267, 1629)(704, 1629) - 437
(267, 1630)(704, 1630) - 437
(267, 1631)(704, 1631) - 437
(267, 1632)(704, 1632) - 437
(267, 1633)(704, 1633) - 437
(267, 1634)(704, 1634) - 437
(268, 1635)(704, 1635) - 436
(268, 1636)(704, 1636) - 436
(268, 1637)(704, 1637) - 436
(268, 1638)(704, 1638) - 436
(269, 1639)(704, 1639) - 435
(269, 1640)(704, 1640) - 435
(269, 1641)(704, 1641) - 435
(269, 1642)(704, 1642) - 435
(269, 1643)(704, 1643) - 435
(269, 1644)(704, 1644) - 435
(269, 1645)(704, 1645) - 435
(269, 1646)(704, 1646) - 435
(269, 1647)(704, 1647) - 435
(268, 1648)(704, 1648) - 436
(268, 1649)(704, 1649) - 436
(268, 1650)(704, 1650) - 436
(268, 1651)(704, 1651) - 436
(268, 1652)(704, 1652) - 436
(268, 1653)(704, 1653) - 436
(268, 1654)(704, 1654) - 436
(268, 1655)(704, 1655) - 436
(268, 1656)(704, 1656) - 436
(268, 1657)(704, 1657) - 436
(267, 1658)(704, 1658) - 437
(267, 1659)(704, 1659) - 437
(267, 1660)(704, 1660) - 437
(267, 1661)(704, 1661) - 437
(267, 1662)(704, 1662) - 437
(266, 1663)(704, 1663) - 438
(266, 1664)(704, 1664) - 438
(266, 1665)(704, 1665) - 438
(266, 1666)(704, 1666) - 438
(266, 1667)(704, 1667) - 438
(266, 1668)(704, 1668) - 438
(266, 1669)(704, 1669) - 438
(266, 1670)(704, 1670) - 438
(266, 1671)(704, 1671) - 438
(266, 1672)(704, 1672) - 438
(265, 1673)(704, 1673) - 439
(265, 1674)(704, 1674) - 439
(265, 1675)(704, 1675) - 439
(265, 1676)(704, 1676) - 439
(265, 1677)(704, 1677) - 439
(265, 1678)(704, 1678) - 439
(265, 1679)(704, 1679) - 439
(265, 1680)(704, 1680) - 439
(266, 1681)(705, 1681) - 439
(266, 1682)(704, 1682) - 438
(266, 1683)(704, 1683) - 438
(266, 1684)(705, 1684) - 439
(266, 1685)(704, 1685) - 438
(266, 1686)(704, 1686) - 438
(266, 1687)(704, 1687) - 438
(266, 1688)(704, 1688) - 438
(266, 1689)(704, 1689) - 438
(266, 1690)(702, 1690) - 436
(266, 1691)(704, 1691) - 438
(266, 1692)(704, 1692) - 438
(266, 1693)(704, 1693) - 438
(265, 1694)(704, 1694) - 439
(265, 1695)(704, 1695) - 439
(265, 1696)(704, 1696) - 439
(265, 1697)(704, 1697) - 439
(265, 1698)(704, 1698) - 439
(265, 1699)(704, 1699) - 439
(265, 1700)(704, 1700) - 439
(265, 1701)(704, 1701) - 439
(266, 1702)(704, 1702) - 438
(266, 1703)(704, 1703) - 438
(266, 1704)(704, 1704) - 438
(266, 1705)(704, 1705) - 438
(266, 1706)(704, 1706) - 438
(266, 1707)(704, 1707) - 438
(266, 1708)(704, 1708) - 438
(266, 1709)(704, 1709) - 438
(266, 1710)(704, 1710) - 438
(266, 1711)(704, 1711) - 438
(266, 1712)(704, 1712) - 438
(266, 1713)(704, 1713) - 438
(266, 1714)(704, 1714) - 438
(266, 1715)(704, 1715) - 438
(266, 1716)(704, 1716) - 438
(267, 1717)(704, 1717) - 437
(267, 1718)(704, 1718) - 437
(267, 1719)(704, 1719) - 437
(267, 1720)(704, 1720) - 437
(267, 1721)(704, 1721) - 437
(267, 1722)(704, 1722) - 437
(267, 1723)(704, 1723) - 437
(267, 1724)(704, 1724) - 437
(266, 1725)(704, 1725) - 438
(266, 1726)(704, 1726) - 438
(266, 1727)(704, 1727) - 438
(266, 1728)(704, 1728) - 438
(266, 1729)(704, 1729) - 438
(266, 1730)(704, 1730) - 438
(266, 1731)(704, 1731) - 438
(266, 1732)(704, 1732) - 438
(266, 1733)(704, 1733) - 438
(266, 1734)(704, 1734) - 438
(265, 1735)(704, 1735) - 439
(265, 1736)(704, 1736) - 439
(265, 1737)(704, 1737) - 439
(265, 1738)(704, 1738) - 439
(265, 1739)(704, 1739) - 439
(265, 1740)(704, 1740) - 439
(265, 1741)(704, 1741) - 439
(264, 1742)(704, 1742) - 440
(264, 1743)(704, 1743) - 440
(264, 1744)(704, 1744) - 440
(264, 1745)(704, 1745) - 440
(264, 1746)(704, 1746) - 440
(263, 1747)(704, 1747) - 441
(263, 1748)(704, 1748) - 441
(263, 1749)(704, 1749) - 441
(262, 1750)(704, 1750) - 442
(262, 1751)(704, 1751) - 442
(262, 1752)(704, 1752) - 442
(262, 1753)(704, 1753) - 442
(261, 1754)(704, 1754) - 443
(261, 1755)(704, 1755) - 443
(261, 1756)(704, 1756) - 443
(261, 1757)(704, 1757) - 443
(261, 1758)(704, 1758) - 443
(260, 1759)(704, 1759) - 444
(260, 1760)(704, 1760) - 444
(260, 1761)(704, 1761) - 444
(260, 1762)(704, 1762) - 444
(260, 1763)(704, 1763) - 444
(260, 1764)(704, 1764) - 444
(259, 1765)(704, 1765) - 445
(259, 1766)(704, 1766) - 445
(259, 1767)(704, 1767) - 445
(259, 1768)(704, 1768) - 445
(260, 1769)(704, 1769) - 444
(260, 1770)(704, 1770) - 444
(260, 1771)(704, 1771) - 444
(260, 1772)(704, 1772) - 444
(260, 1773)(704, 1773) - 444
(259, 1774)(704, 1774) - 445
(259, 1775)(704, 1775) - 445
(259, 1776)(704, 1776) - 445
(259, 1777)(704, 1777) - 445
(259, 1778)(704, 1778) - 445
(258, 1779)(704, 1779) - 446
(258, 1780)(704, 1780) - 446
(258, 1781)(704, 1781) - 446
(258, 1782)(703, 1782) - 445
(258, 1783)(704, 1783) - 446
(258, 1784)(704, 1784) - 446
(258, 1785)(704, 1785) - 446
(258, 1786)(704, 1786) - 446
(258, 1787)(703, 1787) - 445
(258, 1788)(704, 1788) - 446
(258, 1789)(703, 1789) - 445
(258, 1790)(704, 1790) - 446
(258, 1791)(704, 1791) - 446
(258, 1792)(704, 1792) - 446
(258, 1793)(704, 1793) - 446
(258, 1794)(704, 1794) - 446
(258, 1795)(704, 1795) - 446
(258, 1796)(704, 1796) - 446
(258, 1797)(703, 1797) - 445
(258, 1798)(704, 1798) - 446
(258, 1799)(704, 1799) - 446
(258, 1800)(704, 1800) - 446
(258, 1801)(704, 1801) - 446
(257, 1802)(704, 1802) - 447
(257, 1803)(704, 1803) - 447
(257, 1804)(704, 1804) - 447
(257, 1805)(704, 1805) - 447
(257, 1806)(704, 1806) - 447
(257, 1807)(704, 1807) - 447
(257, 1808)(704, 1808) - 447
(257, 1809)(704, 1809) - 447
(257, 1810)(703, 1810) - 446
(257, 1811)(703, 1811) - 446
(257, 1812)(704, 1812) - 447
(257, 1813)(704, 1813) - 447
(257, 1814)(703, 1814) - 446
(257, 1815)(703, 1815) - 446
(257, 1816)(703, 1816) - 446
(257, 1817)(703, 1817) - 446
(257, 1818)(703, 1818) - 446
(257, 1819)(703, 1819) - 446
(257, 1820)(703, 1820) - 446
(257, 1821)(703, 1821) - 446
(257, 1822)(703, 1822) - 446
(257, 1823)(703, 1823) - 446
(257, 1824)(703, 1824) - 446
(257, 1825)(703, 1825) - 446
(257, 1826)(703, 1826) - 446
(256, 1827)(703, 1827) - 447
(256, 1828)(703, 1828) - 447
(256, 1829)(703, 1829) - 447
(256, 1830)(703, 1830) - 447
(256, 1831)(703, 1831) - 447
(257, 1832)(703, 1832) - 446
(257, 1833)(703, 1833) - 446
(257, 1834)(703, 1834) - 446
(257, 1835)(703, 1835) - 446
(257, 1836)(703, 1836) - 446
(257, 1837)(703, 1837) - 446
(257, 1838)(703, 1838) - 446
(257, 1839)(703, 1839) - 446
(257, 1840)(703, 1840) - 446
(256, 1841)(703, 1841) - 447
(256, 1842)(703, 1842) - 447
(256, 1843)(703, 1843) - 447
(256, 1844)(703, 1844) - 447
(257, 1845)(703, 1845) - 446
(257, 1846)(703, 1846) - 446
(257, 1847)(703, 1847) - 446
(257, 1848)(703, 1848) - 446
(257, 1849)(703, 1849) - 446
(257, 1850)(703, 1850) - 446
(257, 1851)(703, 1851) - 446
(257, 1852)(703, 1852) - 446
(257, 1853)(703, 1853) - 446
(257, 1854)(703, 1854) - 446
(257, 1855)(703, 1855) - 446
(257, 1856)(703, 1856) - 446
(257, 1857)(703, 1857) - 446
(258, 1858)(703, 1858) - 445
(258, 1859)(703, 1859) - 445
(258, 1860)(703, 1860) - 445
(258, 1861)(703, 1861) - 445
(258, 1862)(703, 1862) - 445
(258, 1863)(703, 1863) - 445
(259, 1864)(703, 1864) - 444
(259, 1865)(703, 1865) - 444
(259, 1866)(703, 1866) - 444
(258, 1867)(703, 1867) - 445
(259, 1868)(703, 1868) - 444
(258, 1869)(703, 1869) - 445
(258, 1870)(703, 1870) - 445
(258, 1871)(704, 1871) - 446
(259, 1873)(703, 1873) - 444
(259, 1874)(703, 1874) - 444
(259, 1875)(703, 1875) - 444
(259, 1876)(703, 1876) - 444
(259, 1877)(703, 1877) - 444
(259, 1878)(703, 1878) - 444
(259, 1879)(703, 1879) - 444
(259, 1880)(703, 1880) - 444
(259, 1881)(703, 1881) - 444
(259, 1882)(703, 1882) - 444
(259, 1883)(703, 1883) - 444
(259, 1884)(703, 1884) - 444
(259, 1885)(703, 1885) - 444
(259, 1886)(703, 1886) - 444
(259, 1887)(703, 1887) - 444
(260, 1888)(703, 1888) - 443
(260, 1889)(703, 1889) - 443
(260, 1890)(703, 1890) - 443
(260, 1891)(703, 1891) - 443
(261, 1892)(703, 1892) - 442
(261, 1893)(703, 1893) - 442
(261, 1894)(703, 1894) - 442
(261, 1895)(703, 1895) - 442
(261, 1896)(703, 1896) - 442
(261, 1897)(703, 1897) - 442
(262, 1898)(703, 1898) - 441
(262, 1899)(703, 1899) - 441
(262, 1900)(703, 1900) - 441
(263, 1901)(703, 1901) - 440
(263, 1902)(703, 1902) - 440
(264, 1903)(703, 1903) - 439
(264, 1904)(703, 1904) - 439
(264, 1905)(703, 1905) - 439
(264, 1906)(703, 1906) - 439
(264, 1907)(703, 1907) - 439
(264, 1908)(703, 1908) - 439
(264, 1909)(703, 1909) - 439
(264, 1910)(703, 1910) - 439
(264, 1911)(703, 1911) - 439
(264, 1912)(703, 1912) - 439
(264, 1913)(703, 1913) - 439
(264, 1914)(703, 1914) - 439
(264, 1915)(703, 1915) - 439
(264, 1916)(703, 1916) - 439
(264, 1917)(703, 1917) - 439
(264, 1918)(703, 1918) - 439
(264, 1919)(703, 1919) - 439
(264, 1920)(703, 1920) - 439
(264, 1921)(703, 1921) - 439
(264, 1922)(703, 1922) - 439
(264, 1923)(703, 1923) - 439
(265, 1924)(703, 1924) - 438
(265, 1925)(703, 1925) - 438
(265, 1926)(703, 1926) - 438
(265, 1927)(703, 1927) - 438
(265, 1928)(703, 1928) - 438
(265, 1929)(703, 1929) - 438
(265, 1930)(703, 1930) - 438
(264, 1931)(703, 1931) - 439
(264, 1932)(703, 1932) - 439
(264, 1933)(703, 1933) - 439
(264, 1934)(703, 1934) - 439
(264, 1935)(703, 1935) - 439
(263, 1936)(703, 1936) - 440
(263, 1937)(703, 1937) - 440
(263, 1938)(703, 1938) - 440
(263, 1939)(703, 1939) - 440
(263, 1940)(703, 1940) - 440
(264, 1941)(703, 1941) - 439
(264, 1942)(703, 1942) - 439
(264, 1943)(703, 1943) - 439
(264, 1944)(703, 1944) - 439
(264, 1945)(703, 1945) - 439
(264, 1946)(703, 1946) - 439
(264, 1947)(703, 1947) - 439
(263, 1948)(703, 1948) - 440
(263, 1949)(703, 1949) - 440
(263, 1950)(703, 1950) - 440
(263, 1951)(703, 1951) - 440
(263, 1952)(703, 1952) - 440
(263, 1953)(703, 1953) - 440
(262, 1954)(703, 1954) - 441
(261, 1955)(703, 1955) - 442
(261, 1956)(703, 1956) - 442
(261, 1957)(703, 1957) - 442
(261, 1958)(703, 1958) - 442
(260, 1959)(703, 1959) - 443
(260, 1960)(703, 1960) - 443
(259, 1961)(703, 1961) - 444
(259, 1962)(703, 1962) - 444
(259, 1963)(703, 1963) - 444
(259, 1965)(703, 1965) - 444
(260, 1966)(703, 1966) - 443
(260, 1967)(703, 1967) - 443
(260, 1968)(703, 1968) - 443
(261, 1969)(703, 1969) - 442
(261, 1970)(703, 1970) - 442
(261, 1971)(703, 1971) - 442
(261, 1972)(703, 1972) - 442
(261, 1973)(703, 1973) - 442
(260, 1974)(703, 1974) - 443
(260, 1975)(703, 1975) - 443
(260, 1976)(703, 1976) - 443
(260, 1977)(703, 1977) - 443
(259, 1978)(702, 1978) - 443
(259, 1979)(702, 1979) - 443
(259, 1980)(703, 1980) - 444
(259, 1981)(703, 1981) - 444
(259, 1982)(703, 1982) - 444
(259, 1983)(703, 1983) - 444
(259, 1984)(703, 1984) - 444
(259, 1985)(703, 1985) - 444
(260, 1986)(703, 1986) - 443
(260, 1987)(703, 1987) - 443
(260, 1988)(703, 1988) - 443
(260, 1989)(703, 1989) - 443
(260, 1990)(703, 1990) - 443
(260, 1991)(703, 1991) - 443
(260, 1992)(702, 1992) - 442
(259, 1993)(702, 1993) - 443
(259, 1994)(702, 1994) - 443
(259, 1995)(702, 1995) - 443
(260, 1996)(702, 1996) - 442
(260, 1997)(702, 1997) - 442
(260, 1998)(702, 1998) - 442
(260, 1999)(702, 1999) - 442
(260, 2000)(702, 2000) - 442
(260, 2001)(702, 2001) - 442
(260, 2002)(702, 2002) - 442
(260, 2003)(702, 2003) - 442
(259, 2004)(702, 2004) - 443
(259, 2005)(702, 2005) - 443
(259, 2006)(702, 2006) - 443
(259, 2007)(702, 2007) - 443
(259, 2008)(702, 2008) - 443
(259, 2009)(702, 2009) - 443
(258, 2010)(702, 2010) - 444
(258, 2011)(702, 2011) - 444
(257, 2012)(702, 2012) - 445
(257, 2013)(702, 2013) - 445
(257, 2014)(702, 2014) - 445
(256, 2015)(702, 2015) - 446
(256, 2016)(702, 2016) - 446
(256, 2017)(702, 2017) - 446
(255, 2018)(702, 2018) - 447
(255, 2019)(702, 2019) - 447
(255, 2020)(702, 2020) - 447
(255, 2021)(702, 2021) - 447
(254, 2022)(702, 2022) - 448
(254, 2023)(702, 2023) - 448
(254, 2024)(702, 2024) - 448
(254, 2025)(702, 2025) - 448
(254, 2026)(702, 2026) - 448
(254, 2027)(702, 2027) - 448
(254, 2028)(702, 2028) - 448
(254, 2029)(702, 2029) - 448
(254, 2030)(702, 2030) - 448
(254, 2031)(702, 2031) - 448
(254, 2032)(702, 2032) - 448
(254, 2033)(702, 2033) - 448
(254, 2034)(702, 2034) - 448
(254, 2035)(702, 2035) - 448
(254, 2036)(702, 2036) - 448
(254, 2037)(702, 2037) - 448
(254, 2038)(702, 2038) - 448
(254, 2039)(702, 2039) - 448
(254, 2040)(702, 2040) - 448
(254, 2041)(702, 2041) - 448
(254, 2042)(702, 2042) - 448
(254, 2043)(702, 2043) - 448
(254, 2044)(702, 2044) - 448
(254, 2045)(702, 2045) - 448
(254, 2046)(702, 2046) - 448
(254, 2047)(702, 2047) - 448
(254, 2048)(702, 2048) - 448
(254, 2049)(702, 2049) - 448
(254, 2050)(702, 2050) - 448
(254, 2051)(702, 2051) - 448
(254, 2052)(702, 2052) - 448
(254, 2053)(701, 2053) - 447
(254, 2055)(702, 2055) - 448
(254, 2056)(702, 2056) - 448
(254, 2057)(702, 2057) - 448
(254, 2058)(702, 2058) - 448
(254, 2059)(702, 2059) - 448
(254, 2060)(702, 2060) - 448
(254, 2061)(702, 2061) - 448
(254, 2062)(702, 2062) - 448
(254, 2063)(702, 2063) - 448
(254, 2064)(702, 2064) - 448
(254, 2065)(702, 2065) - 448
(254, 2066)(702, 2066) - 448
(254, 2067)(702, 2067) - 448
(254, 2068)(701, 2068) - 447
(255, 2069)(702, 2069) - 447
(255, 2070)(702, 2070) - 447
(255, 2071)(702, 2071) - 447
(255, 2072)(702, 2072) - 447
(255, 2073)(702, 2073) - 447
(255, 2074)(701, 2074) - 446
(255, 2075)(701, 2075) - 446
(256, 2076)(701, 2076) - 445
(256, 2077)(701, 2077) - 445
(256, 2078)(701, 2078) - 445
(256, 2079)(701, 2079) - 445
(257, 2080)(702, 2080) - 445
(257, 2081)(702, 2081) - 445
(257, 2082)(701, 2082) - 444
(257, 2083)(702, 2083) - 445
(257, 2084)(702, 2084) - 445
(257, 2085)(701, 2085) - 444
(258, 2086)(701, 2086) - 443
(258, 2087)(701, 2087) - 443
(258, 2088)(702, 2088) - 444
(258, 2089)(702, 2089) - 444
(259, 2090)(701, 2090) - 442
(259, 2091)(701, 2091) - 442
(259, 2092)(701, 2092) - 442
(259, 2093)(701, 2093) - 442
(260, 2094)(701, 2094) - 441
(260, 2095)(701, 2095) - 441
(260, 2096)(701, 2096) - 441
(261, 2097)(701, 2097) - 440
(261, 2098)(701, 2098) - 440
(262, 2099)(701, 2099) - 439
(262, 2100)(701, 2100) - 439
(263, 2101)(701, 2101) - 438
(263, 2102)(701, 2102) - 438
(263, 2103)(701, 2103) - 438
(263, 2104)(701, 2104) - 438
(263, 2105)(701, 2105) - 438
(263, 2106)(701, 2106) - 438
(263, 2107)(701, 2107) - 438
(263, 2108)(701, 2108) - 438
(262, 2109)(701, 2109) - 439
(262, 2110)(701, 2110) - 439
(262, 2111)(701, 2111) - 439
(262, 2112)(701, 2112) - 439
(262, 2113)(701, 2113) - 439
(262, 2114)(701, 2114) - 439
(262, 2115)(701, 2115) - 439
(262, 2116)(701, 2116) - 439
(262, 2117)(701, 2117) - 439
(262, 2118)(701, 2118) - 439
(261, 2119)(701, 2119) - 440
(261, 2120)(701, 2120) - 440
(261, 2121)(701, 2121) - 440
(261, 2122)(701, 2122) - 440
(260, 2123)(701, 2123) - 441
(260, 2124)(701, 2124) - 441
(260, 2125)(701, 2125) - 441
(260, 2126)(701, 2126) - 441
(260, 2127)(701, 2127) - 441
(260, 2128)(701, 2128) - 441
(260, 2129)(701, 2129) - 441
(260, 2130)(701, 2130) - 441
(259, 2131)(701, 2131) - 442
(259, 2132)(701, 2132) - 442
(258, 2133)(701, 2133) - 443
(258, 2134)(701, 2134) - 443
(258, 2135)(701, 2135) - 443
(258, 2136)(702, 2136) - 444
(257, 2137)(702, 2137) - 445
(257, 2138)(701, 2138) - 444
(257, 2139)(701, 2139) - 444
(256, 2140)(701, 2140) - 445
(256, 2141)(701, 2141) - 445
(256, 2142)(701, 2142) - 445
(256, 2143)(702, 2143) - 446
(256, 2144)(701, 2144) - 445
(256, 2145)(701, 2145) - 445
(255, 2146)(701, 2146) - 446
(255, 2147)(701, 2147) - 446
(255, 2148)(701, 2148) - 446
(255, 2149)(701, 2149) - 446
(254, 2150)(701, 2150) - 447
(254, 2151)(701, 2151) - 447
(254, 2152)(701, 2152) - 447
(253, 2153)(701, 2153) - 448
(253, 2154)(701, 2154) - 448
(253, 2155)(701, 2155) - 448
(252, 2156)(701, 2156) - 449
(252, 2157)(701, 2157) - 449
(251, 2158)(701, 2158) - 450
(251, 2159)(701, 2159) - 450
(250, 2160)(701, 2160) - 451
(250, 2161)(701, 2161) - 451
(250, 2162)(701, 2162) - 451
(249, 2163)(701, 2163) - 452
(249, 2164)(701, 2164) - 452
(249, 2165)(701, 2165) - 452
(249, 2166)(701, 2166) - 452
(249, 2167)(701, 2167) - 452
(248, 2168)(701, 2168) - 453
(248, 2169)(701, 2169) - 453
(247, 2170)(701, 2170) - 454
(247, 2171)(701, 2171) - 454
(247, 2172)(701, 2172) - 454
(246, 2173)(701, 2173) - 455
(246, 2174)(701, 2174) - 455
(246, 2175)(701, 2175) - 455
(245, 2176)(701, 2176) - 456
(245, 2177)(701, 2177) - 456
(244, 2178)(701, 2178) - 457
(244, 2179)(701, 2179) - 457
(244, 2180)(701, 2180) - 457
(244, 2181)(701, 2181) - 457
(244, 2182)(701, 2182) - 457
(243, 2183)(701, 2183) - 458
(243, 2184)(701, 2184) - 458
(243, 2185)(701, 2185) - 458
(243, 2186)(701, 2186) - 458
(243, 2187)(701, 2187) - 458
(242, 2188)(701, 2188) - 459
(242, 2189)(701, 2189) - 459
(241, 2190)(701, 2190) - 460
(241, 2191)(701, 2191) - 460
(241, 2192)(701, 2192) - 460
(241, 2193)(701, 2193) - 460
(241, 2194)(701, 2194) - 460
(241, 2195)(701, 2195) - 460
(241, 2196)(701, 2196) - 460
(241, 2197)(701, 2197) - 460
(241, 2198)(701, 2198) - 460
(241, 2199)(701, 2199) - 460
(241, 2200)(701, 2200) - 460
(241, 2201)(701, 2201) - 460
(241, 2202)(701, 2202) - 460
(242, 2203)(701, 2203) - 459
(242, 2204)(701, 2204) - 459
(242, 2205)(701, 2205) - 459
(242, 2206)(701, 2206) - 459
(242, 2207)(701, 2207) - 459
(242, 2208)(701, 2208) - 459
(242, 2209)(701, 2209) - 459
(242, 2210)(701, 2210) - 459
(242, 2211)(701, 2211) - 459
(242, 2212)(701, 2212) - 459
(242, 2213)(701, 2213) - 459
(242, 2214)(701, 2214) - 459
(242, 2215)(701, 2215) - 459
(242, 2216)(701, 2216) - 459
(242, 2217)(701, 2217) - 459
(242, 2218)(701, 2218) - 459
(243, 2219)(701, 2219) - 458
(243, 2220)(701, 2220) - 458
(243, 2221)(701, 2221) - 458
(243, 2222)(701, 2222) - 458
(243, 2223)(701, 2223) - 458
(243, 2224)(701, 2224) - 458
(242, 2225)(701, 2225) - 459
(243, 2226)(701, 2226) - 458
(243, 2227)(701, 2227) - 458
(242, 2228)(701, 2228) - 459
(242, 2229)(701, 2229) - 459
(242, 2230)(701, 2230) - 459
(242, 2231)(701, 2231) - 459
(242, 2232)(701, 2232) - 459
(242, 2233)(701, 2233) - 459
(242, 2234)(701, 2234) - 459
(242, 2235)(701, 2235) - 459
(242, 2236)(701, 2236) - 459
(242, 2237)(701, 2237) - 459
(242, 2238)(701, 2238) - 459
(242, 2239)(701, 2239) - 459
(242, 2240)(701, 2240) - 459
(242, 2241)(701, 2241) - 459
(243, 2242)(701, 2242) - 458
(243, 2243)(701, 2243) - 458
(243, 2244)(701, 2244) - 458
(244, 2245)(701, 2245) - 457
(244, 2246)(701, 2246) - 457
(244, 2247)(701, 2247) - 457
(244, 2248)(700, 2248) - 456
(244, 2249)(701, 2249) - 457
(244, 2250)(701, 2250) - 457
(244, 2251)(701, 2251) - 457
(244, 2252)(701, 2252) - 457
(244, 2253)(701, 2253) - 457
(245, 2254)(701, 2254) - 456
(245, 2255)(701, 2255) - 456
(245, 2256)(701, 2256) - 456
(245, 2257)(701, 2257) - 456
(245, 2258)(701, 2258) - 456
(245, 2259)(701, 2259) - 456
(245, 2260)(701, 2260) - 456
(245, 2261)(701, 2261) - 456
(245, 2262)(701, 2262) - 456
(245, 2263)(701, 2263) - 456
(245, 2264)(701, 2264) - 456
(245, 2265)(701, 2265) - 456
(245, 2266)(701, 2266) - 456
(245, 2267)(701, 2267) - 456
(246, 2268)(701, 2268) - 455
(245, 2269)(701, 2269) - 456
(245, 2270)(701, 2270) - 456
(245, 2271)(701, 2271) - 456
(245, 2272)(701, 2272) - 456
(245, 2273)(701, 2273) - 456
(244, 2274)(701, 2274) - 457
(244, 2275)(701, 2275) - 457
(244, 2276)(701, 2276) - 457
(244, 2277)(701, 2277) - 457
(243, 2278)(701, 2278) - 458
(244, 2279)(701, 2279) - 457
(243, 2280)(701, 2280) - 458
(242, 2281)(701, 2281) - 459
(240, 2282)(701, 2282) - 461
(240, 2283)(701, 2283) - 461
(239, 2284)(701, 2284) - 462
(239, 2285)(701, 2285) - 462
(239, 2286)(701, 2286) - 462
(238, 2287)(701, 2287) - 463
(238, 2288)(701, 2288) - 463
(238, 2289)(701, 2289) - 463
(238, 2290)(701, 2290) - 463
(237, 2291)(701, 2291) - 464
(238, 2292)(701, 2292) - 463
(238, 2293)(701, 2293) - 463
(237, 2294)(701, 2294) - 464
(237, 2295)(701, 2295) - 464
(237, 2296)(700, 2296) - 463
(237, 2297)(700, 2297) - 463
(237, 2298)(700, 2298) - 463
(236, 2299)(700, 2299) - 464
(236, 2300)(701, 2300) - 465
(236, 2301)(700, 2301) - 464
(236, 2302)(700, 2302) - 464
(236, 2303)(700, 2303) - 464
(236, 2304)(700, 2304) - 464
(236, 2305)(700, 2305) - 464
(236, 2306)(700, 2306) - 464
(236, 2307)(700, 2307) - 464
(236, 2308)(700, 2308) - 464
(236, 2309)(700, 2309) - 464
(236, 2310)(700, 2310) - 464
(236, 2311)(701, 2311) - 465
(237, 2312)(700, 2312) - 463
(237, 2313)(700, 2313) - 463
(237, 2314)(700, 2314) - 463
(238, 2315)(700, 2315) - 462
(238, 2316)(700, 2316) - 462
(238, 2317)(700, 2317) - 462
(239, 2318)(700, 2318) - 461
(239, 2319)(700, 2319) - 461
(239, 2320)(700, 2320) - 461
(239, 2321)(700, 2321) - 461
(239, 2322)(700, 2322) - 461
(239, 2323)(700, 2323) - 461
