(242, 147)(508, 147) - 266
(242, 148)(508, 148) - 266
(241, 149)(508, 149) - 267
(241, 150)(508, 150) - 267
(241, 151)(508, 151) - 267
(240, 152)(508, 152) - 268
(240, 153)(508, 153) - 268
(240, 154)(508, 154) - 268
(241, 155)(508, 155) - 267
(241, 156)(508, 156) - 267
(241, 157)(508, 157) - 267
(241, 158)(508, 158) - 267
(241, 159)(508, 159) - 267
(241, 160)(508, 160) - 267
(241, 161)(508, 161) - 267
(241, 162)(508, 162) - 267
(241, 163)(508, 163) - 267
(240, 164)(508, 164) - 268
(240, 165)(508, 165) - 268
(239, 166)(508, 166) - 269
(239, 167)(508, 167) - 269
(238, 168)(508, 168) - 270
(237, 169)(508, 169) - 271
(237, 170)(508, 170) - 271
(236, 171)(508, 171) - 272
(236, 172)(508, 172) - 272
(235, 173)(508, 173) - 273
(234, 174)(508, 174) - 274
(234, 175)(508, 175) - 274
(233, 176)(508, 176) - 275
(233, 177)(508, 177) - 275
(233, 178)(508, 178) - 275
(233, 179)(508, 179) - 275
(233, 180)(508, 180) - 275
(233, 181)(508, 181) - 275
(232, 182)(508, 182) - 276
(232, 183)(508, 183) - 276
(233, 184)(508, 184) - 275
(235, 185)(508, 185) - 273
(234, 186)(508, 186) - 274
(235, 187)(508, 187) - 273
(235, 188)(508, 188) - 273
(235, 189)(508, 189) - 273
(235, 190)(508, 190) - 273
(236, 191)(508, 191) - 272
(236, 192)(508, 192) - 272
(237, 193)(508, 193) - 271
(237, 194)(508, 194) - 271
(236, 195)(508, 195) - 272
(236, 196)(508, 196) - 272
(236, 197)(508, 197) - 272
(236, 198)(508, 198) - 272
(236, 199)(508, 199) - 272
(236, 200)(508, 200) - 272
(236, 201)(508, 201) - 272
(235, 202)(508, 202) - 273
(235, 203)(508, 203) - 273
(234, 204)(508, 204) - 274
(234, 205)(508, 205) - 274
(233, 206)(508, 206) - 275
(233, 207)(508, 207) - 275
(233, 208)(508, 208) - 275
(233, 209)(508, 209) - 275
(232, 210)(508, 210) - 276
(234, 211)(508, 211) - 274
(235, 212)(508, 212) - 273
(237, 213)(508, 213) - 271
(237, 214)(508, 214) - 271
(238, 215)(508, 215) - 270
(238, 216)(508, 216) - 270
(238, 217)(508, 217) - 270
(238, 218)(508, 218) - 270
(239, 219)(508, 219) - 269
(238, 220)(508, 220) - 270
(233, 223)(508, 223) - 275
(233, 224)(508, 224) - 275
(225, 237)(508, 237) - 283
(224, 238)(508, 238) - 284
(223, 239)(508, 239) - 285
(223, 240)(508, 240) - 285
(222, 241)(508, 241) - 286
(222, 242)(508, 242) - 286
(221, 243)(508, 243) - 287
(221, 244)(508, 244) - 287
(221, 245)(508, 245) - 287
(221, 246)(508, 246) - 287
(220, 247)(508, 247) - 288
(219, 248)(508, 248) - 289
(218, 249)(508, 249) - 290
(217, 250)(508, 250) - 291
(216, 251)(508, 251) - 292
(216, 252)(508, 252) - 292
(216, 253)(508, 253) - 292
(215, 254)(508, 254) - 293
(214, 255)(508, 255) - 294
(214, 256)(508, 256) - 294
(213, 257)(508, 257) - 295
(213, 258)(508, 258) - 295
(213, 259)(508, 259) - 295
(212, 260)(508, 260) - 296
(211, 261)(508, 261) - 297
(211, 262)(508, 262) - 297
(210, 263)(508, 263) - 298
(210, 264)(508, 264) - 298
(209, 265)(508, 265) - 299
(208, 266)(508, 266) - 300
(208, 267)(508, 267) - 300
(208, 268)(508, 268) - 300
(208, 269)(508, 269) - 300
(207, 270)(508, 270) - 301
(207, 271)(508, 271) - 301
(207, 272)(508, 272) - 301
(207, 273)(508, 273) - 301
(206, 274)(508, 274) - 302
(206, 275)(508, 275) - 302
(205, 276)(508, 276) - 303
(205, 277)(508, 277) - 303
(204, 278)(508, 278) - 304
(204, 279)(508, 279) - 304
(203, 280)(508, 280) - 305
(203, 281)(508, 281) - 305
(203, 282)(508, 282) - 305
(202, 283)(508, 283) - 306
(202, 284)(508, 284) - 306
(201, 285)(508, 285) - 307
(201, 286)(508, 286) - 307
(200, 287)(508, 287) - 308
(200, 288)(508, 288) - 308
(199, 289)(508, 289) - 309
(198, 290)(508, 290) - 310
(198, 291)(508, 291) - 310
(197, 292)(508, 292) - 311
(196, 293)(507, 293) - 311
(196, 294)(507, 294) - 311
(196, 295)(507, 295) - 311
(195, 296)(507, 296) - 312
(195, 297)(507, 297) - 312
(195, 298)(507, 298) - 312
(195, 299)(507, 299) - 312
(195, 300)(507, 300) - 312
(195, 301)(507, 301) - 312
(194, 302)(507, 302) - 313
(194, 303)(507, 303) - 313
(194, 304)(507, 304) - 313
(193, 305)(507, 305) - 314
(193, 306)(507, 306) - 314
(193, 307)(507, 307) - 314
(192, 308)(507, 308) - 315
(192, 309)(507, 309) - 315
(192, 310)(508, 310) - 316
(192, 311)(508, 311) - 316
(192, 314)(508, 314) - 316
(191, 315)(508, 315) - 317
(191, 316)(508, 316) - 317
(191, 317)(508, 317) - 317
(190, 318)(508, 318) - 318
(190, 319)(508, 319) - 318
(189, 320)(508, 320) - 319
(189, 321)(508, 321) - 319
(188, 325)(508, 325) - 320
(188, 326)(508, 326) - 320
(188, 327)(508, 327) - 320
(187, 328)(508, 328) - 321
(187, 329)(508, 329) - 321
(186, 330)(507, 330) - 321
(186, 331)(507, 331) - 321
(186, 332)(507, 332) - 321
(186, 333)(507, 333) - 321
(187, 334)(507, 334) - 320
(187, 335)(507, 335) - 320
(187, 336)(507, 336) - 320
(188, 337)(507, 337) - 319
(188, 338)(507, 338) - 319
(190, 339)(507, 339) - 317
(190, 340)(507, 340) - 317
(193, 341)(507, 341) - 314
(194, 342)(507, 342) - 313
(193, 343)(507, 343) - 314
(194, 344)(507, 344) - 313
(195, 345)(507, 345) - 312
(195, 346)(508, 346) - 313
(196, 347)(508, 347) - 312
(195, 348)(508, 348) - 313
(195, 349)(507, 349) - 312
(195, 350)(507, 350) - 312
(195, 351)(507, 351) - 312
(195, 352)(507, 352) - 312
(195, 353)(508, 353) - 313
(195, 354)(508, 354) - 313
(195, 355)(508, 355) - 313
(195, 356)(508, 356) - 313
(195, 357)(508, 357) - 313
(195, 358)(507, 358) - 312
(195, 359)(507, 359) - 312
(194, 360)(507, 360) - 313
(194, 361)(507, 361) - 313
(194, 362)(507, 362) - 313
(194, 363)(507, 363) - 313
(194, 364)(507, 364) - 313
(194, 365)(507, 365) - 313
(194, 366)(507, 366) - 313
(196, 367)(507, 367) - 311
(195, 368)(507, 368) - 312
(196, 369)(507, 369) - 311
(196, 370)(507, 370) - 311
(196, 371)(507, 371) - 311
(196, 372)(507, 372) - 311
(197, 373)(507, 373) - 310
(198, 374)(507, 374) - 309
(198, 375)(507, 375) - 309
(198, 376)(507, 376) - 309
(198, 377)(507, 377) - 309
(198, 378)(507, 378) - 309
(198, 379)(507, 379) - 309
(198, 380)(507, 380) - 309
(198, 381)(507, 381) - 309
(198, 382)(507, 382) - 309
(198, 383)(507, 383) - 309
(197, 384)(507, 384) - 310
(198, 385)(507, 385) - 309
(198, 386)(507, 386) - 309
(198, 387)(507, 387) - 309
(199, 388)(507, 388) - 308
(199, 389)(507, 389) - 308
(199, 390)(507, 390) - 308
(202, 391)(507, 391) - 305
(203, 392)(507, 392) - 304
(202, 393)(507, 393) - 305
(203, 394)(507, 394) - 304
(205, 395)(507, 395) - 302
(204, 396)(507, 396) - 303
(204, 397)(507, 397) - 303
(204, 398)(507, 398) - 303
(204, 399)(507, 399) - 303
(204, 400)(507, 400) - 303
(204, 401)(507, 401) - 303
(204, 402)(507, 402) - 303
(204, 403)(508, 403) - 304
(204, 406)(508, 406) - 304
(204, 407)(508, 407) - 304
(204, 408)(508, 408) - 304
(204, 409)(508, 409) - 304
(205, 410)(508, 410) - 303
(205, 411)(508, 411) - 303
(206, 412)(508, 412) - 302
(206, 413)(508, 413) - 302
(206, 414)(508, 414) - 302
(206, 415)(508, 415) - 302
(206, 416)(508, 416) - 302
(206, 417)(508, 417) - 302
(206, 418)(508, 418) - 302
(207, 419)(508, 419) - 301
(207, 420)(508, 420) - 301
(207, 421)(508, 421) - 301
(207, 422)(507, 422) - 300
(207, 423)(507, 423) - 300
(207, 424)(507, 424) - 300
(207, 425)(507, 425) - 300
(207, 426)(507, 426) - 300
(206, 427)(507, 427) - 301
(206, 428)(507, 428) - 301
(206, 429)(507, 429) - 301
(206, 430)(507, 430) - 301
(205, 431)(507, 431) - 302
(205, 432)(507, 432) - 302
(205, 433)(507, 433) - 302
(205, 434)(507, 434) - 302
(205, 435)(507, 435) - 302
(205, 436)(508, 436) - 303
(206, 437)(508, 437) - 302
(206, 438)(508, 438) - 302
(206, 439)(508, 439) - 302
(206, 440)(508, 440) - 302
(206, 441)(507, 441) - 301
(206, 442)(507, 442) - 301
(206, 443)(507, 443) - 301
(206, 444)(508, 444) - 302
(207, 445)(508, 445) - 301
(207, 446)(508, 446) - 301
(208, 447)(508, 447) - 300
(208, 448)(508, 448) - 300
(209, 449)(508, 449) - 299
(209, 450)(508, 450) - 299
(209, 451)(507, 451) - 298
(209, 452)(507, 452) - 298
(209, 453)(507, 453) - 298
(209, 454)(507, 454) - 298
(209, 455)(507, 455) - 298
(209, 456)(507, 456) - 298
(208, 457)(507, 457) - 299
(208, 458)(507, 458) - 299
(208, 459)(507, 459) - 299
(208, 460)(507, 460) - 299
(208, 461)(507, 461) - 299
(208, 462)(507, 462) - 299
(208, 463)(507, 463) - 299
(207, 464)(508, 464) - 301
(207, 465)(508, 465) - 301
(207, 466)(508, 466) - 301
(207, 467)(508, 467) - 301
(207, 468)(507, 468) - 300
(207, 469)(507, 469) - 300
(207, 470)(507, 470) - 300
(207, 471)(507, 471) - 300
(207, 472)(507, 472) - 300
(207, 473)(508, 473) - 301
(207, 474)(507, 474) - 300
(207, 475)(507, 475) - 300
(207, 476)(507, 476) - 300
(207, 477)(507, 477) - 300
(207, 478)(507, 478) - 300
(206, 479)(507, 479) - 301
(206, 480)(507, 480) - 301
(207, 481)(507, 481) - 300
(207, 482)(507, 482) - 300
(207, 483)(507, 483) - 300
(208, 484)(507, 484) - 299
(208, 485)(507, 485) - 299
(209, 486)(507, 486) - 298
(210, 487)(507, 487) - 297
(210, 488)(507, 488) - 297
(210, 489)(507, 489) - 297
(210, 490)(507, 490) - 297
(210, 491)(507, 491) - 297
(210, 492)(507, 492) - 297
(209, 493)(507, 493) - 298
(209, 494)(508, 494) - 299
(209, 495)(508, 495) - 299
(211, 498)(508, 498) - 297
(211, 499)(508, 499) - 297
(211, 500)(508, 500) - 297
(212, 502)(508, 502) - 296
(212, 503)(508, 503) - 296
(212, 508)(508, 508) - 296
(212, 509)(508, 509) - 296
(212, 510)(508, 510) - 296
(211, 511)(508, 511) - 297
(211, 512)(508, 512) - 297
(211, 513)(508, 513) - 297
(211, 514)(507, 514) - 296
(211, 515)(507, 515) - 296
(211, 516)(507, 516) - 296
(212, 517)(507, 517) - 295
(212, 518)(507, 518) - 295
(212, 519)(507, 519) - 295
(213, 520)(507, 520) - 294
(213, 521)(507, 521) - 294
(213, 522)(507, 522) - 294
(212, 523)(507, 523) - 295
(212, 524)(507, 524) - 295
(212, 525)(507, 525) - 295
(212, 526)(507, 526) - 295
(212, 527)(507, 527) - 295
(212, 528)(507, 528) - 295
(212, 529)(508, 529) - 296
(213, 530)(508, 530) - 295
(213, 531)(508, 531) - 295
(214, 532)(508, 532) - 294
(214, 533)(507, 533) - 293
(214, 534)(507, 534) - 293
(215, 535)(507, 535) - 292
(215, 536)(507, 536) - 292
(215, 537)(507, 537) - 292
(215, 538)(507, 538) - 292
(215, 539)(507, 539) - 292
(216, 540)(507, 540) - 291
(216, 541)(507, 541) - 291
(216, 542)(507, 542) - 291
(217, 543)(507, 543) - 290
(218, 544)(507, 544) - 289
(218, 545)(507, 545) - 289
(218, 546)(507, 546) - 289
(219, 547)(507, 547) - 288
(219, 548)(507, 548) - 288
(219, 549)(507, 549) - 288
(219, 550)(507, 550) - 288
(219, 551)(507, 551) - 288
(219, 552)(507, 552) - 288
(219, 553)(507, 553) - 288
(219, 554)(507, 554) - 288
(219, 555)(507, 555) - 288
(219, 556)(507, 556) - 288
(220, 557)(507, 557) - 287
(220, 558)(507, 558) - 287
(221, 559)(507, 559) - 286
(221, 560)(507, 560) - 286
(220, 561)(507, 561) - 287
(220, 562)(507, 562) - 287
(220, 563)(507, 563) - 287
(220, 564)(507, 564) - 287
(220, 565)(507, 565) - 287
(221, 566)(507, 566) - 286
(219, 567)(507, 567) - 288
(221, 568)(507, 568) - 286
(222, 569)(507, 569) - 285
(221, 570)(507, 570) - 286
(221, 571)(507, 571) - 286
(221, 572)(507, 572) - 286
(221, 573)(507, 573) - 286
(221, 574)(507, 574) - 286
(222, 575)(507, 575) - 285
(222, 576)(507, 576) - 285
(223, 577)(507, 577) - 284
(223, 578)(507, 578) - 284
(223, 579)(507, 579) - 284
(225, 580)(507, 580) - 282
(226, 581)(507, 581) - 281
(225, 582)(507, 582) - 282
(227, 583)(507, 583) - 280
(228, 584)(507, 584) - 279
(227, 585)(507, 585) - 280
(228, 586)(507, 586) - 279
(228, 587)(508, 587) - 280
(231, 589)(508, 589) - 277
(232, 590)(508, 590) - 276
(232, 591)(508, 591) - 276
(233, 592)(508, 592) - 275
(233, 593)(508, 593) - 275
(234, 594)(508, 594) - 274
(233, 595)(508, 595) - 275
(233, 596)(508, 596) - 275
(232, 597)(508, 597) - 276
(232, 598)(508, 598) - 276
(232, 599)(508, 599) - 276
(233, 600)(508, 600) - 275
(233, 601)(508, 601) - 275
(233, 602)(508, 602) - 275
(234, 603)(508, 603) - 274
(234, 604)(507, 604) - 273
(235, 605)(507, 605) - 272
(235, 606)(507, 606) - 272
(235, 607)(507, 607) - 272
(236, 608)(507, 608) - 271
(236, 609)(507, 609) - 271
(236, 610)(507, 610) - 271
(237, 611)(507, 611) - 270
(237, 612)(507, 612) - 270
(237, 613)(507, 613) - 270
(237, 614)(507, 614) - 270
(237, 615)(507, 615) - 270
(237, 616)(507, 616) - 270
(238, 617)(507, 617) - 269
(238, 618)(507, 618) - 269
(239, 619)(507, 619) - 268
(239, 620)(507, 620) - 268
(239, 621)(507, 621) - 268
(238, 622)(507, 622) - 269
(239, 623)(507, 623) - 268
(238, 624)(507, 624) - 269
(236, 625)(507, 625) - 271
(234, 626)(507, 626) - 273
(234, 627)(507, 627) - 273
(234, 628)(507, 628) - 273
(236, 629)(507, 629) - 271
(238, 630)(507, 630) - 269
(237, 631)(507, 631) - 270
(238, 632)(507, 632) - 269
(238, 633)(507, 633) - 269
(238, 634)(507, 634) - 269
(237, 635)(507, 635) - 270
(237, 636)(507, 636) - 270
(237, 637)(507, 637) - 270
(237, 638)(507, 638) - 270
(237, 639)(507, 639) - 270
(237, 640)(507, 640) - 270
(238, 641)(507, 641) - 269
(238, 642)(507, 642) - 269
(240, 643)(507, 643) - 267
(239, 644)(507, 644) - 268
(239, 645)(507, 645) - 268
(239, 646)(507, 646) - 268
(239, 647)(507, 647) - 268
(241, 648)(507, 648) - 266
(242, 649)(507, 649) - 265
(242, 650)(507, 650) - 265
(243, 651)(507, 651) - 264
(244, 652)(507, 652) - 263
(243, 653)(507, 653) - 264
(243, 654)(507, 654) - 264
(243, 655)(507, 655) - 264
(243, 656)(507, 656) - 264
(242, 657)(507, 657) - 265
(242, 658)(507, 658) - 265
(241, 659)(507, 659) - 266
(241, 660)(507, 660) - 266
(241, 661)(507, 661) - 266
(243, 662)(507, 662) - 264
(244, 663)(507, 663) - 263
(245, 664)(507, 664) - 262
(244, 665)(507, 665) - 263
(245, 666)(507, 666) - 262
(244, 667)(507, 667) - 263
(245, 668)(507, 668) - 262
(244, 669)(507, 669) - 263
(242, 670)(507, 670) - 265
(240, 671)(507, 671) - 267
(243, 672)(507, 672) - 264
(243, 673)(507, 673) - 264
(245, 674)(507, 674) - 262
(245, 675)(507, 675) - 262
(244, 676)(507, 676) - 263
(245, 677)(507, 677) - 262
(245, 678)(507, 678) - 262
(247, 679)(508, 679) - 261
(247, 680)(509, 680) - 262
(248, 681)(508, 681) - 260
(248, 682)(508, 682) - 260
(249, 683)(508, 683) - 259
(249, 684)(508, 684) - 259
(249, 685)(508, 685) - 259
(250, 686)(508, 686) - 258
(251, 687)(508, 687) - 257
(252, 688)(508, 688) - 256
(255, 689)(508, 689) - 253
(256, 690)(508, 690) - 252
(256, 691)(508, 691) - 252
(257, 692)(508, 692) - 251
(258, 693)(508, 693) - 250
(259, 694)(508, 694) - 249
(261, 695)(508, 695) - 247
(262, 696)(508, 696) - 246
(261, 697)(507, 697) - 246
(262, 698)(507, 698) - 245
(263, 699)(507, 699) - 244
(263, 700)(507, 700) - 244
(264, 701)(507, 701) - 243
(264, 702)(507, 702) - 243
(264, 703)(507, 703) - 243
(264, 704)(507, 704) - 243
(265, 705)(507, 705) - 242
(265, 706)(507, 706) - 242
(265, 707)(507, 707) - 242
(264, 708)(507, 708) - 243
(263, 709)(507, 709) - 244
(263, 710)(507, 710) - 244
(263, 711)(507, 711) - 244
(263, 712)(507, 712) - 244
(263, 713)(508, 713) - 245
(263, 714)(508, 714) - 245
(263, 715)(508, 715) - 245
(263, 716)(508, 716) - 245
(263, 717)(508, 717) - 245
(263, 718)(507, 718) - 244
(264, 719)(507, 719) - 243
(264, 720)(508, 720) - 244
(265, 721)(507, 721) - 242
(265, 722)(507, 722) - 242
(266, 723)(507, 723) - 241
(266, 724)(507, 724) - 241
(266, 725)(507, 725) - 241
(266, 726)(507, 726) - 241
(267, 727)(507, 727) - 240
(267, 728)(507, 728) - 240
(267, 729)(507, 729) - 240
(267, 730)(507, 730) - 240
(269, 731)(507, 731) - 238
(272, 732)(507, 732) - 235
(271, 733)(507, 733) - 236
(273, 734)(507, 734) - 234
(272, 735)(507, 735) - 235
(272, 736)(507, 736) - 235
(274, 737)(507, 737) - 233
(275, 738)(508, 738) - 233
(276, 739)(508, 739) - 232
(277, 740)(508, 740) - 231
(278, 741)(508, 741) - 230
(277, 742)(507, 742) - 230
(278, 743)(507, 743) - 229
(279, 744)(508, 744) - 229
(280, 745)(508, 745) - 228
(280, 746)(508, 746) - 228
(281, 747)(507, 747) - 226
(282, 748)(507, 748) - 225
(284, 749)(507, 749) - 223
(283, 750)(508, 750) - 225
(284, 751)(508, 751) - 224
(285, 752)(508, 752) - 223
(285, 753)(507, 753) - 222
(286, 754)(507, 754) - 221
(286, 755)(507, 755) - 221
(287, 756)(507, 756) - 220
(287, 757)(507, 757) - 220
(287, 758)(507, 758) - 220
(286, 759)(507, 759) - 221
(286, 760)(507, 760) - 221
(286, 761)(507, 761) - 221
(285, 762)(507, 762) - 222
(285, 763)(507, 763) - 222
(284, 764)(507, 764) - 223
(283, 765)(507, 765) - 224
(283, 766)(507, 766) - 224
(283, 767)(507, 767) - 224
(282, 768)(507, 768) - 225
(282, 769)(507, 769) - 225
(281, 770)(508, 770) - 227
(281, 771)(508, 771) - 227
(278, 773)(508, 773) - 230
(278, 774)(508, 774) - 230
(278, 775)(508, 775) - 230
(278, 776)(508, 776) - 230
(278, 777)(508, 777) - 230
(278, 778)(508, 778) - 230
(277, 779)(508, 779) - 231
(277, 780)(508, 780) - 231
(277, 781)(508, 781) - 231
(276, 782)(508, 782) - 232
(276, 783)(508, 783) - 232
(276, 784)(508, 784) - 232
(276, 785)(507, 785) - 231
(276, 786)(507, 786) - 231
(276, 787)(507, 787) - 231
(276, 788)(507, 788) - 231
(276, 789)(507, 789) - 231
(276, 790)(507, 790) - 231
(276, 791)(507, 791) - 231
(276, 792)(507, 792) - 231
(276, 793)(507, 793) - 231
(277, 794)(507, 794) - 230
(277, 795)(507, 795) - 230
(277, 796)(507, 796) - 230
(277, 797)(507, 797) - 230
(277, 798)(507, 798) - 230
(277, 799)(507, 799) - 230
(278, 800)(507, 800) - 229
(280, 801)(507, 801) - 227
(279, 802)(507, 802) - 228
(281, 803)(507, 803) - 226
(282, 804)(507, 804) - 225
(281, 805)(507, 805) - 226
(282, 806)(507, 806) - 225
(282, 807)(507, 807) - 225
(282, 808)(507, 808) - 225
(282, 809)(507, 809) - 225
(282, 810)(507, 810) - 225
(283, 811)(507, 811) - 224
(283, 812)(507, 812) - 224
(285, 813)(507, 813) - 222
(284, 814)(507, 814) - 223
(285, 815)(507, 815) - 222
(285, 816)(507, 816) - 222
(286, 817)(507, 817) - 221
(287, 818)(507, 818) - 220
(289, 819)(507, 819) - 218
(288, 820)(507, 820) - 219
(290, 821)(507, 821) - 217
(289, 822)(507, 822) - 218
(290, 823)(507, 823) - 217
(292, 824)(507, 824) - 215
(291, 825)(507, 825) - 216
(292, 826)(507, 826) - 215
(294, 827)(507, 827) - 213
(293, 828)(507, 828) - 214
(293, 829)(507, 829) - 214
(294, 830)(507, 830) - 213
(294, 831)(507, 831) - 213
(294, 832)(507, 832) - 213
(295, 833)(507, 833) - 212
(295, 834)(507, 834) - 212
(296, 835)(507, 835) - 211
(296, 836)(507, 836) - 211
(296, 837)(507, 837) - 211
(297, 838)(507, 838) - 210
(297, 839)(507, 839) - 210
(297, 840)(507, 840) - 210
(299, 841)(507, 841) - 208
(300, 842)(507, 842) - 207
(299, 843)(507, 843) - 208
(299, 844)(507, 844) - 208
(299, 845)(507, 845) - 208
(299, 846)(507, 846) - 208
(299, 847)(507, 847) - 208
(298, 848)(507, 848) - 209
(298, 849)(507, 849) - 209
(299, 850)(507, 850) - 208
(299, 851)(507, 851) - 208
(299, 852)(507, 852) - 208
(299, 853)(507, 853) - 208
(300, 854)(507, 854) - 207
(300, 855)(507, 855) - 207
(300, 856)(507, 856) - 207
(300, 857)(507, 857) - 207
(301, 858)(507, 858) - 206
(301, 859)(507, 859) - 206
(301, 860)(507, 860) - 206
(301, 861)(507, 861) - 206
(301, 862)(507, 862) - 206
(301, 863)(507, 863) - 206
(301, 865)(508, 865) - 207
(301, 866)(508, 866) - 207
(301, 867)(507, 867) - 206
(301, 868)(508, 868) - 207
(301, 869)(508, 869) - 207
(300, 870)(508, 870) - 208
(300, 871)(508, 871) - 208
(300, 872)(508, 872) - 208
(300, 873)(508, 873) - 208
(300, 874)(508, 874) - 208
(300, 875)(508, 875) - 208
(300, 876)(507, 876) - 207
(300, 877)(507, 877) - 207
(300, 878)(507, 878) - 207
(301, 879)(507, 879) - 206
(301, 880)(507, 880) - 206
(302, 881)(507, 881) - 205
(302, 882)(507, 882) - 205
(302, 883)(507, 883) - 205
(303, 884)(508, 884) - 205
(305, 885)(508, 885) - 203
(304, 886)(507, 886) - 203
(306, 887)(507, 887) - 201
(305, 888)(507, 888) - 202
(306, 889)(507, 889) - 201
(308, 890)(507, 890) - 199
(307, 891)(507, 891) - 200
(309, 892)(507, 892) - 198
(309, 893)(507, 893) - 198
(310, 894)(507, 894) - 197
(311, 895)(507, 895) - 196
(312, 896)(507, 896) - 195
(315, 897)(507, 897) - 192
(316, 898)(507, 898) - 191
(317, 899)(507, 899) - 190
(318, 900)(507, 900) - 189
(319, 901)(507, 901) - 188
(318, 902)(507, 902) - 189
(319, 903)(507, 903) - 188
(320, 904)(507, 904) - 187
(320, 905)(507, 905) - 187
(321, 906)(507, 906) - 186
(321, 907)(507, 907) - 186
(323, 908)(507, 908) - 184
(322, 909)(507, 909) - 185
(322, 910)(507, 910) - 185
(323, 911)(508, 911) - 185
(323, 912)(508, 912) - 185
(323, 913)(508, 913) - 185
(323, 914)(508, 914) - 185
(323, 915)(508, 915) - 185
(323, 916)(507, 916) - 184
(323, 917)(507, 917) - 184
(323, 918)(507, 918) - 184
(322, 919)(507, 919) - 185
(322, 920)(507, 920) - 185
(323, 921)(507, 921) - 184
(321, 922)(507, 922) - 186
(322, 923)(507, 923) - 185
(320, 924)(507, 924) - 187
(319, 925)(507, 925) - 188
(318, 926)(507, 926) - 189
(319, 927)(507, 927) - 188
(318, 928)(507, 928) - 189
(317, 929)(507, 929) - 190
(316, 930)(507, 930) - 191
(315, 931)(507, 931) - 192
(313, 932)(507, 932) - 194
(312, 933)(507, 933) - 195
(310, 934)(507, 934) - 197
(309, 935)(507, 935) - 198
(310, 936)(507, 936) - 197
(309, 937)(507, 937) - 198
(306, 938)(507, 938) - 201
(307, 939)(507, 939) - 200
(306, 940)(507, 940) - 201
(305, 941)(507, 941) - 202
(303, 942)(507, 942) - 204
(303, 943)(507, 943) - 204
(302, 944)(507, 944) - 205
(302, 945)(507, 945) - 205
(301, 946)(507, 946) - 206
(301, 947)(506, 947) - 205
(300, 948)(506, 948) - 206
(300, 949)(506, 949) - 206
(299, 950)(506, 950) - 207
(299, 951)(506, 951) - 207
(298, 952)(507, 952) - 209
(298, 953)(507, 953) - 209
(298, 954)(507, 954) - 209
(296, 957)(507, 957) - 211
(296, 958)(506, 958) - 210
(296, 959)(506, 959) - 210
(295, 960)(507, 960) - 212
(295, 961)(510, 961) - 215
(295, 962)(510, 962) - 215
(295, 963)(510, 963) - 215
(295, 964)(510, 964) - 215
(295, 965)(507, 965) - 212
(294, 966)(507, 966) - 213
(294, 967)(507, 967) - 213
(295, 968)(507, 968) - 212
(295, 969)(507, 969) - 212
(295, 970)(507, 970) - 212
(295, 971)(507, 971) - 212
(295, 972)(507, 972) - 212
(294, 973)(507, 973) - 213
(294, 974)(507, 974) - 213
(294, 975)(507, 975) - 213
(294, 976)(507, 976) - 213
(294, 977)(507, 977) - 213
(294, 978)(507, 978) - 213
(294, 979)(507, 979) - 213
(294, 980)(507, 980) - 213
(294, 981)(507, 981) - 213
(293, 982)(507, 982) - 214
(293, 983)(507, 983) - 214
(293, 984)(507, 984) - 214
(293, 985)(507, 985) - 214
(292, 986)(507, 986) - 215
(292, 987)(507, 987) - 215
(292, 988)(507, 988) - 215
(292, 989)(507, 989) - 215
(291, 990)(507, 990) - 216
(291, 991)(507, 991) - 216
(291, 992)(507, 992) - 216
(291, 993)(507, 993) - 216
(291, 994)(507, 994) - 216
(291, 995)(507, 995) - 216
(290, 996)(507, 996) - 217
(290, 997)(507, 997) - 217
(290, 998)(507, 998) - 217
(290, 999)(507, 999) - 217
(290, 1000)(507, 1000) - 217
(290, 1001)(507, 1001) - 217
(290, 1002)(507, 1002) - 217
(290, 1003)(507, 1003) - 217
(290, 1004)(508, 1004) - 218
(289, 1005)(507, 1005) - 218
(289, 1006)(507, 1006) - 218
(289, 1007)(507, 1007) - 218
(289, 1008)(508, 1008) - 219
(288, 1009)(507, 1009) - 219
(288, 1010)(507, 1010) - 219
(288, 1011)(507, 1011) - 219
(288, 1012)(507, 1012) - 219
(288, 1013)(507, 1013) - 219
(288, 1014)(507, 1014) - 219
(288, 1015)(507, 1015) - 219
(288, 1016)(507, 1016) - 219
(288, 1017)(507, 1017) - 219
(288, 1018)(507, 1018) - 219
(288, 1019)(507, 1019) - 219
(288, 1020)(507, 1020) - 219
(288, 1021)(507, 1021) - 219
(288, 1022)(507, 1022) - 219
(288, 1023)(507, 1023) - 219
(288, 1024)(507, 1024) - 219
(288, 1025)(507, 1025) - 219
(289, 1026)(507, 1026) - 218
(289, 1027)(507, 1027) - 218
(289, 1028)(507, 1028) - 218
(289, 1029)(507, 1029) - 218
(290, 1030)(507, 1030) - 217
(290, 1031)(507, 1031) - 217
(290, 1032)(507, 1032) - 217
(290, 1033)(507, 1033) - 217
(290, 1034)(507, 1034) - 217
(291, 1035)(507, 1035) - 216
(291, 1036)(507, 1036) - 216
(291, 1037)(507, 1037) - 216
(291, 1038)(507, 1038) - 216
(291, 1039)(507, 1039) - 216
(291, 1040)(507, 1040) - 216
(291, 1041)(507, 1041) - 216
(292, 1042)(507, 1042) - 215
(292, 1043)(507, 1043) - 215
(292, 1044)(507, 1044) - 215
(292, 1045)(507, 1045) - 215
(292, 1046)(507, 1046) - 215
(293, 1047)(508, 1047) - 215
(294, 1048)(508, 1048) - 214
(294, 1049)(507, 1049) - 213
(294, 1050)(507, 1050) - 213
(294, 1051)(507, 1051) - 213
(295, 1052)(507, 1052) - 212
(295, 1053)(507, 1053) - 212
(295, 1054)(507, 1054) - 212
(295, 1055)(507, 1055) - 212
(295, 1056)(507, 1056) - 212
(295, 1057)(507, 1057) - 212
(295, 1058)(507, 1058) - 212
(295, 1059)(507, 1059) - 212
(295, 1060)(507, 1060) - 212
(296, 1061)(507, 1061) - 211
(298, 1062)(507, 1062) - 209
(299, 1063)(507, 1063) - 208
(298, 1064)(507, 1064) - 209
(298, 1065)(508, 1065) - 210
(299, 1066)(508, 1066) - 209
(299, 1067)(507, 1067) - 208
(299, 1068)(507, 1068) - 208
(299, 1069)(507, 1069) - 208
(299, 1070)(507, 1070) - 208
(299, 1071)(507, 1071) - 208
(299, 1072)(507, 1072) - 208
(299, 1073)(508, 1073) - 209
(299, 1074)(507, 1074) - 208
(299, 1075)(507, 1075) - 208
(299, 1076)(507, 1076) - 208
(299, 1077)(507, 1077) - 208
(298, 1078)(507, 1078) - 209
(298, 1079)(507, 1079) - 209
(298, 1080)(507, 1080) - 209
(298, 1081)(507, 1081) - 209
(298, 1082)(507, 1082) - 209
(298, 1083)(507, 1083) - 209
(297, 1084)(507, 1084) - 210
(297, 1085)(507, 1085) - 210
(296, 1086)(507, 1086) - 211
(295, 1087)(507, 1087) - 212
(295, 1088)(507, 1088) - 212
(294, 1089)(507, 1089) - 213
(294, 1090)(507, 1090) - 213
(293, 1091)(507, 1091) - 214
(293, 1092)(507, 1092) - 214
(293, 1093)(507, 1093) - 214
(292, 1094)(507, 1094) - 215
(292, 1095)(507, 1095) - 215
(292, 1096)(507, 1096) - 215
(292, 1097)(507, 1097) - 215
(291, 1098)(507, 1098) - 216
(291, 1099)(507, 1099) - 216
(291, 1100)(507, 1100) - 216
(291, 1101)(507, 1101) - 216
(291, 1102)(507, 1102) - 216
(291, 1103)(507, 1103) - 216
(291, 1104)(507, 1104) - 216
(291, 1105)(507, 1105) - 216
(291, 1106)(507, 1106) - 216
(291, 1107)(507, 1107) - 216
(291, 1108)(507, 1108) - 216
(290, 1109)(507, 1109) - 217
(290, 1110)(507, 1110) - 217
(290, 1111)(507, 1111) - 217
(290, 1112)(507, 1112) - 217
(290, 1113)(507, 1113) - 217
(289, 1114)(507, 1114) - 218
(289, 1115)(507, 1115) - 218
(289, 1116)(507, 1116) - 218
(289, 1117)(507, 1117) - 218
(289, 1118)(507, 1118) - 218
(289, 1119)(507, 1119) - 218
(289, 1120)(507, 1120) - 218
(288, 1121)(507, 1121) - 219
(288, 1122)(507, 1122) - 219
(287, 1123)(507, 1123) - 220
(288, 1124)(507, 1124) - 219
(286, 1125)(507, 1125) - 221
(286, 1126)(507, 1126) - 221
(286, 1127)(507, 1127) - 221
(285, 1128)(507, 1128) - 222
(285, 1129)(507, 1129) - 222
(285, 1130)(507, 1130) - 222
(286, 1131)(507, 1131) - 221
(286, 1132)(507, 1132) - 221
(285, 1133)(507, 1133) - 222
(285, 1134)(507, 1134) - 222
(285, 1135)(507, 1135) - 222
(285, 1136)(507, 1136) - 222
(284, 1137)(507, 1137) - 223
(283, 1140)(508, 1140) - 225
(283, 1141)(507, 1141) - 224
(283, 1142)(507, 1142) - 224
(282, 1143)(507, 1143) - 225
(281, 1144)(508, 1144) - 227
(280, 1145)(508, 1145) - 228
(279, 1146)(508, 1146) - 229
(279, 1147)(508, 1147) - 229
(278, 1148)(508, 1148) - 230
(277, 1149)(508, 1149) - 231
(277, 1150)(507, 1150) - 230
(273, 1151)(507, 1151) - 234
(273, 1152)(507, 1152) - 234
(272, 1153)(507, 1153) - 235
(271, 1154)(507, 1154) - 236
(270, 1155)(507, 1155) - 237
(269, 1156)(507, 1156) - 238
(267, 1157)(507, 1157) - 240
(266, 1158)(507, 1158) - 241
(266, 1159)(507, 1159) - 241
(266, 1160)(507, 1160) - 241
(266, 1161)(507, 1161) - 241
(265, 1162)(507, 1162) - 242
(265, 1163)(507, 1163) - 242
(265, 1164)(507, 1164) - 242
(264, 1165)(507, 1165) - 243
(264, 1166)(507, 1166) - 243
(264, 1167)(507, 1167) - 243
(264, 1168)(507, 1168) - 243
(264, 1169)(508, 1169) - 244
(266, 1170)(507, 1170) - 241
(267, 1171)(507, 1171) - 240
(268, 1172)(507, 1172) - 239
(269, 1173)(507, 1173) - 238
(270, 1174)(507, 1174) - 237
(271, 1175)(507, 1175) - 236
(272, 1176)(507, 1176) - 235
(271, 1177)(507, 1177) - 236
(272, 1178)(507, 1178) - 235
(272, 1179)(507, 1179) - 235
(272, 1180)(507, 1180) - 235
(272, 1181)(507, 1181) - 235
(272, 1182)(507, 1182) - 235
(272, 1183)(507, 1183) - 235
(271, 1184)(507, 1184) - 236
(271, 1185)(507, 1185) - 236
(270, 1186)(507, 1186) - 237
(271, 1187)(508, 1187) - 237
(269, 1188)(508, 1188) - 239
(270, 1189)(508, 1189) - 238
(269, 1190)(508, 1190) - 239
(267, 1191)(508, 1191) - 241
(266, 1192)(507, 1192) - 241
(267, 1193)(507, 1193) - 240
(266, 1194)(507, 1194) - 241
(265, 1195)(507, 1195) - 242
(264, 1196)(507, 1196) - 243
(262, 1197)(507, 1197) - 245
(261, 1198)(507, 1198) - 246
(261, 1199)(507, 1199) - 246
(260, 1200)(507, 1200) - 247
(260, 1201)(507, 1201) - 247
(260, 1202)(507, 1202) - 247
(260, 1203)(507, 1203) - 247
(260, 1204)(507, 1204) - 247
(260, 1205)(507, 1205) - 247
(259, 1206)(507, 1206) - 248
(259, 1207)(507, 1207) - 248
(258, 1208)(507, 1208) - 249
(257, 1209)(507, 1209) - 250
(257, 1210)(507, 1210) - 250
(255, 1211)(507, 1211) - 252
(256, 1212)(507, 1212) - 251
(254, 1213)(507, 1213) - 253
(253, 1214)(507, 1214) - 254
(253, 1215)(508, 1215) - 255
(253, 1216)(508, 1216) - 255
(253, 1217)(508, 1217) - 255
(253, 1218)(508, 1218) - 255
(254, 1219)(508, 1219) - 254
(254, 1220)(507, 1220) - 253
(254, 1221)(507, 1221) - 253
(254, 1222)(508, 1222) - 254
(254, 1223)(508, 1223) - 254
(255, 1224)(508, 1224) - 253
(255, 1225)(507, 1225) - 252
(255, 1226)(507, 1226) - 252
(256, 1227)(507, 1227) - 251
(256, 1228)(507, 1228) - 251
(256, 1229)(508, 1229) - 252
(259, 1231)(508, 1231) - 249
(259, 1232)(507, 1232) - 248
(259, 1233)(507, 1233) - 248
(260, 1234)(507, 1234) - 247
(260, 1235)(507, 1235) - 247
(261, 1236)(507, 1236) - 246
(261, 1237)(508, 1237) - 247
(262, 1238)(508, 1238) - 246
(262, 1239)(508, 1239) - 246
(263, 1240)(508, 1240) - 245
(264, 1241)(508, 1241) - 244
(264, 1242)(507, 1242) - 243
(264, 1243)(507, 1243) - 243
(265, 1244)(507, 1244) - 242
(265, 1245)(507, 1245) - 242
(265, 1246)(507, 1246) - 242
(265, 1247)(507, 1247) - 242
(266, 1248)(507, 1248) - 241
(266, 1249)(507, 1249) - 241
(266, 1250)(507, 1250) - 241
(266, 1251)(507, 1251) - 241
(266, 1252)(507, 1252) - 241
(266, 1253)(507, 1253) - 241
(266, 1254)(507, 1254) - 241
(266, 1255)(507, 1255) - 241
(266, 1256)(507, 1256) - 241
(266, 1257)(507, 1257) - 241
(266, 1258)(507, 1258) - 241
(266, 1259)(507, 1259) - 241
(266, 1260)(507, 1260) - 241
(266, 1261)(507, 1261) - 241
(266, 1262)(507, 1262) - 241
(266, 1263)(507, 1263) - 241
(266, 1264)(507, 1264) - 241
(266, 1265)(507, 1265) - 241
(266, 1266)(507, 1266) - 241
(266, 1267)(507, 1267) - 241
(266, 1268)(507, 1268) - 241
(266, 1269)(507, 1269) - 241
(266, 1270)(507, 1270) - 241
(266, 1271)(507, 1271) - 241
(266, 1272)(507, 1272) - 241
(266, 1273)(507, 1273) - 241
(266, 1274)(507, 1274) - 241
(267, 1275)(507, 1275) - 240
(267, 1276)(507, 1276) - 240
(267, 1277)(507, 1277) - 240
(267, 1278)(507, 1278) - 240
(267, 1279)(507, 1279) - 240
(266, 1280)(507, 1280) - 241
(266, 1281)(507, 1281) - 241
(266, 1282)(507, 1282) - 241
(266, 1283)(507, 1283) - 241
(266, 1284)(507, 1284) - 241
(266, 1285)(507, 1285) - 241
(266, 1286)(507, 1286) - 241
(266, 1287)(507, 1287) - 241
(266, 1288)(507, 1288) - 241
(266, 1289)(507, 1289) - 241
(266, 1290)(507, 1290) - 241
(266, 1291)(507, 1291) - 241
(266, 1292)(507, 1292) - 241
(266, 1293)(507, 1293) - 241
(266, 1294)(507, 1294) - 241
(266, 1295)(507, 1295) - 241
(266, 1296)(507, 1296) - 241
(267, 1297)(507, 1297) - 240
(267, 1298)(507, 1298) - 240
(267, 1299)(507, 1299) - 240
(267, 1300)(507, 1300) - 240
(268, 1301)(507, 1301) - 239
(268, 1302)(507, 1302) - 239
(269, 1303)(507, 1303) - 238
(269, 1304)(507, 1304) - 238
(269, 1305)(507, 1305) - 238
(269, 1306)(507, 1306) - 238
(270, 1307)(507, 1307) - 237
(270, 1308)(507, 1308) - 237
(270, 1309)(508, 1309) - 238
(270, 1310)(508, 1310) - 238
(271, 1311)(507, 1311) - 236
(270, 1312)(507, 1312) - 237
(270, 1313)(507, 1313) - 237
(270, 1314)(507, 1314) - 237
(270, 1315)(508, 1315) - 238
(270, 1316)(508, 1316) - 238
(271, 1317)(508, 1317) - 237
(271, 1318)(507, 1318) - 236
(271, 1319)(507, 1319) - 236
(270, 1320)(507, 1320) - 237
(270, 1323)(508, 1323) - 238
(270, 1324)(508, 1324) - 238
(270, 1325)(508, 1325) - 238
(270, 1326)(508, 1326) - 238
(270, 1327)(508, 1327) - 238
(270, 1328)(508, 1328) - 238
(271, 1329)(508, 1329) - 237
(271, 1330)(508, 1330) - 237
(271, 1331)(508, 1331) - 237
(271, 1332)(508, 1332) - 237
(271, 1333)(508, 1333) - 237
(272, 1334)(508, 1334) - 236
(272, 1335)(507, 1335) - 235
(272, 1336)(507, 1336) - 235
(272, 1337)(507, 1337) - 235
(272, 1338)(507, 1338) - 235
(272, 1339)(507, 1339) - 235
(273, 1340)(507, 1340) - 234
(273, 1341)(507, 1341) - 234
(273, 1342)(507, 1342) - 234
(273, 1343)(507, 1343) - 234
(274, 1344)(507, 1344) - 233
(274, 1345)(507, 1345) - 233
(274, 1346)(508, 1346) - 234
(274, 1347)(508, 1347) - 234
(275, 1348)(508, 1348) - 233
(275, 1349)(507, 1349) - 232
(275, 1350)(507, 1350) - 232
(275, 1351)(507, 1351) - 232
(275, 1352)(508, 1352) - 233
(275, 1353)(508, 1353) - 233
(275, 1354)(507, 1354) - 232
(276, 1355)(507, 1355) - 231
(276, 1356)(507, 1356) - 231
(276, 1357)(507, 1357) - 231
(276, 1358)(507, 1358) - 231
(276, 1359)(507, 1359) - 231
(276, 1360)(507, 1360) - 231
(276, 1361)(507, 1361) - 231
(276, 1362)(507, 1362) - 231
(276, 1363)(507, 1363) - 231
(276, 1364)(507, 1364) - 231
(275, 1365)(507, 1365) - 232
(275, 1366)(507, 1366) - 232
(275, 1367)(507, 1367) - 232
(275, 1368)(507, 1368) - 232
(275, 1369)(508, 1369) - 233
(275, 1370)(508, 1370) - 233
(275, 1371)(508, 1371) - 233
(275, 1372)(508, 1372) - 233
(275, 1373)(508, 1373) - 233
(275, 1374)(508, 1374) - 233
(275, 1375)(508, 1375) - 233
(274, 1376)(508, 1376) - 234
(274, 1377)(508, 1377) - 234
(273, 1378)(508, 1378) - 235
(273, 1379)(507, 1379) - 234
(272, 1380)(508, 1380) - 236
(272, 1381)(508, 1381) - 236
(272, 1382)(508, 1382) - 236
(272, 1383)(507, 1383) - 235
(272, 1384)(507, 1384) - 235
(273, 1385)(507, 1385) - 234
(274, 1386)(507, 1386) - 233
(274, 1387)(507, 1387) - 233
(274, 1388)(507, 1388) - 233
(273, 1389)(507, 1389) - 234
(273, 1390)(507, 1390) - 234
(273, 1391)(508, 1391) - 235
(273, 1392)(508, 1392) - 235
(273, 1393)(508, 1393) - 235
(273, 1394)(508, 1394) - 235
(273, 1395)(508, 1395) - 235
(273, 1396)(508, 1396) - 235
(273, 1397)(508, 1397) - 235
(272, 1398)(508, 1398) - 236
(272, 1399)(508, 1399) - 236
(273, 1400)(508, 1400) - 235
(273, 1401)(508, 1401) - 235
(273, 1402)(508, 1402) - 235
(273, 1403)(508, 1403) - 235
(273, 1404)(508, 1404) - 235
(274, 1405)(508, 1405) - 234
(274, 1406)(508, 1406) - 234
(274, 1407)(508, 1407) - 234
(274, 1408)(508, 1408) - 234
(274, 1409)(508, 1409) - 234
(275, 1410)(507, 1410) - 232
(275, 1411)(507, 1411) - 232
(276, 1414)(508, 1414) - 232
(276, 1415)(508, 1415) - 232
(277, 1416)(507, 1416) - 230
(277, 1417)(507, 1417) - 230
(277, 1418)(508, 1418) - 231
(277, 1419)(508, 1419) - 231
(278, 1420)(508, 1420) - 230
(278, 1421)(508, 1421) - 230
(278, 1422)(507, 1422) - 229
(278, 1423)(508, 1423) - 230
(277, 1424)(508, 1424) - 231
(277, 1425)(508, 1425) - 231
(277, 1426)(508, 1426) - 231
(277, 1427)(507, 1427) - 230
(276, 1428)(507, 1428) - 231
(276, 1429)(507, 1429) - 231
(276, 1430)(507, 1430) - 231
(276, 1431)(507, 1431) - 231
(276, 1432)(507, 1432) - 231
(276, 1433)(507, 1433) - 231
(275, 1434)(508, 1434) - 233
(275, 1435)(508, 1435) - 233
(275, 1436)(508, 1436) - 233
(275, 1437)(508, 1437) - 233
(275, 1438)(508, 1438) - 233
(275, 1439)(507, 1439) - 232
(275, 1440)(507, 1440) - 232
(274, 1441)(507, 1441) - 233
(274, 1442)(507, 1442) - 233
(274, 1443)(507, 1443) - 233
(275, 1444)(508, 1444) - 233
(275, 1445)(508, 1445) - 233
(275, 1446)(507, 1446) - 232
(275, 1447)(507, 1447) - 232
(275, 1448)(507, 1448) - 232
(275, 1449)(507, 1449) - 232
(276, 1450)(507, 1450) - 231
(276, 1451)(507, 1451) - 231
(276, 1452)(507, 1452) - 231
(276, 1453)(507, 1453) - 231
(275, 1454)(507, 1454) - 232
(275, 1455)(507, 1455) - 232
(276, 1456)(507, 1456) - 231
(275, 1457)(507, 1457) - 232
(274, 1458)(507, 1458) - 233
(273, 1459)(507, 1459) - 234
(271, 1460)(507, 1460) - 236
(272, 1461)(507, 1461) - 235
(270, 1462)(507, 1462) - 237
(270, 1463)(508, 1463) - 238
(269, 1464)(508, 1464) - 239
(269, 1465)(508, 1465) - 239
(269, 1466)(508, 1466) - 239
(269, 1467)(508, 1467) - 239
(269, 1468)(507, 1468) - 238
(269, 1469)(507, 1469) - 238
(269, 1470)(507, 1470) - 238
(269, 1471)(507, 1471) - 238
(269, 1472)(507, 1472) - 238
(270, 1473)(507, 1473) - 237
(270, 1474)(507, 1474) - 237
(270, 1475)(507, 1475) - 237
(270, 1476)(507, 1476) - 237
(270, 1477)(507, 1477) - 237
(269, 1478)(507, 1478) - 238
(270, 1479)(507, 1479) - 237
(269, 1480)(507, 1480) - 238
(268, 1481)(507, 1481) - 239
(266, 1482)(507, 1482) - 241
(265, 1483)(507, 1483) - 242
(266, 1484)(507, 1484) - 241
(265, 1485)(508, 1485) - 243
(264, 1486)(507, 1486) - 243
(263, 1487)(507, 1487) - 244
(261, 1488)(507, 1488) - 246
(262, 1489)(507, 1489) - 245
(261, 1490)(507, 1490) - 246
(259, 1491)(508, 1491) - 249
(259, 1492)(507, 1492) - 248
(258, 1493)(508, 1493) - 250
(259, 1494)(508, 1494) - 249
(257, 1495)(507, 1495) - 250
(258, 1496)(507, 1496) - 249
(256, 1497)(507, 1497) - 251
(257, 1498)(507, 1498) - 250
(255, 1499)(507, 1499) - 252
(255, 1500)(506, 1500) - 251
(255, 1501)(506, 1501) - 251
(255, 1502)(506, 1502) - 251
(255, 1503)(510, 1503) - 255
(256, 1506)(508, 1506) - 252
(256, 1507)(508, 1507) - 252
(256, 1508)(508, 1508) - 252
(257, 1509)(508, 1509) - 251
(257, 1510)(508, 1510) - 251
(258, 1511)(508, 1511) - 250
(258, 1512)(508, 1512) - 250
(258, 1513)(508, 1513) - 250
(258, 1514)(508, 1514) - 250
(258, 1515)(508, 1515) - 250
(257, 1516)(507, 1516) - 250
(257, 1517)(507, 1517) - 250
(257, 1518)(507, 1518) - 250
(257, 1519)(507, 1519) - 250
(257, 1520)(507, 1520) - 250
(257, 1521)(507, 1521) - 250
(256, 1522)(507, 1522) - 251
(256, 1523)(507, 1523) - 251
(257, 1524)(507, 1524) - 250
(257, 1525)(507, 1525) - 250
(257, 1526)(507, 1526) - 250
(257, 1527)(508, 1527) - 251
(257, 1528)(508, 1528) - 251
(258, 1529)(507, 1529) - 249
(258, 1530)(507, 1530) - 249
(259, 1531)(507, 1531) - 248
(259, 1532)(507, 1532) - 248
(259, 1533)(507, 1533) - 248
(260, 1534)(507, 1534) - 247
(260, 1535)(507, 1535) - 247
(260, 1536)(507, 1536) - 247
(261, 1537)(507, 1537) - 246
(261, 1538)(507, 1538) - 246
(261, 1539)(507, 1539) - 246
(262, 1540)(507, 1540) - 245
(262, 1541)(507, 1541) - 245
(262, 1542)(507, 1542) - 245
(262, 1543)(507, 1543) - 245
(263, 1544)(507, 1544) - 244
(263, 1545)(507, 1545) - 244
(263, 1546)(507, 1546) - 244
(264, 1547)(507, 1547) - 243
(264, 1548)(507, 1548) - 243
(264, 1549)(507, 1549) - 243
(264, 1550)(507, 1550) - 243
(264, 1551)(507, 1551) - 243
(264, 1552)(507, 1552) - 243
(264, 1553)(507, 1553) - 243
(265, 1554)(507, 1554) - 242
(265, 1555)(507, 1555) - 242
(265, 1556)(507, 1556) - 242
(265, 1557)(507, 1557) - 242
(264, 1558)(507, 1558) - 243
(264, 1559)(507, 1559) - 243
(264, 1560)(507, 1560) - 243
(264, 1561)(507, 1561) - 243
(264, 1562)(507, 1562) - 243
(263, 1563)(507, 1563) - 244
(263, 1564)(507, 1564) - 244
(263, 1565)(507, 1565) - 244
(263, 1566)(507, 1566) - 244
(263, 1567)(507, 1567) - 244
(264, 1568)(507, 1568) - 243
(264, 1569)(507, 1569) - 243
(264, 1570)(507, 1570) - 243
(264, 1571)(507, 1571) - 243
(264, 1572)(507, 1572) - 243
(264, 1573)(507, 1573) - 243
(264, 1574)(507, 1574) - 243
(263, 1575)(507, 1575) - 244
(263, 1576)(507, 1576) - 244
(263, 1577)(507, 1577) - 244
(263, 1578)(507, 1578) - 244
(264, 1579)(507, 1579) - 243
(264, 1580)(507, 1580) - 243
(264, 1581)(507, 1581) - 243
(263, 1582)(507, 1582) - 244
(263, 1583)(507, 1583) - 244
(263, 1584)(507, 1584) - 244
(263, 1585)(507, 1585) - 244
(263, 1586)(507, 1586) - 244
(263, 1587)(508, 1587) - 245
(263, 1588)(507, 1588) - 244
(263, 1589)(507, 1589) - 244
(264, 1590)(507, 1590) - 243
(264, 1591)(507, 1591) - 243
(264, 1592)(507, 1592) - 243
(265, 1593)(507, 1593) - 242
(265, 1594)(507, 1594) - 242
(266, 1597)(508, 1597) - 242
(266, 1598)(507, 1598) - 241
(266, 1599)(507, 1599) - 241
(266, 1600)(507, 1600) - 241
(266, 1601)(507, 1601) - 241
(266, 1602)(507, 1602) - 241
(266, 1603)(507, 1603) - 241
(266, 1604)(507, 1604) - 241
(266, 1605)(507, 1605) - 241
(266, 1606)(507, 1606) - 241
(266, 1607)(507, 1607) - 241
(266, 1608)(507, 1608) - 241
(266, 1609)(507, 1609) - 241
(266, 1610)(507, 1610) - 241
(265, 1611)(507, 1611) - 242
(265, 1612)(507, 1612) - 242
(265, 1613)(507, 1613) - 242
(266, 1614)(507, 1614) - 241
(266, 1615)(507, 1615) - 241
(266, 1616)(507, 1616) - 241
(266, 1617)(507, 1617) - 241
(266, 1618)(507, 1618) - 241
(266, 1619)(507, 1619) - 241
(266, 1620)(507, 1620) - 241
(267, 1621)(507, 1621) - 240
(267, 1622)(507, 1622) - 240
(267, 1623)(507, 1623) - 240
(267, 1624)(507, 1624) - 240
(267, 1625)(507, 1625) - 240
(267, 1626)(507, 1626) - 240
(267, 1627)(507, 1627) - 240
(267, 1628)(507, 1628) - 240
(267, 1629)(507, 1629) - 240
(267, 1630)(507, 1630) - 240
(267, 1631)(507, 1631) - 240
(267, 1632)(507, 1632) - 240
(267, 1633)(507, 1633) - 240
(267, 1634)(507, 1634) - 240
(268, 1635)(507, 1635) - 239
(268, 1636)(507, 1636) - 239
(268, 1637)(507, 1637) - 239
(268, 1638)(507, 1638) - 239
(269, 1639)(507, 1639) - 238
(269, 1640)(507, 1640) - 238
(269, 1641)(507, 1641) - 238
(269, 1642)(507, 1642) - 238
(269, 1643)(507, 1643) - 238
(269, 1644)(507, 1644) - 238
(269, 1645)(507, 1645) - 238
(269, 1646)(507, 1646) - 238
(269, 1647)(507, 1647) - 238
(268, 1648)(507, 1648) - 239
(268, 1649)(507, 1649) - 239
(268, 1650)(507, 1650) - 239
(268, 1651)(507, 1651) - 239
(268, 1652)(507, 1652) - 239
(268, 1653)(507, 1653) - 239
(268, 1654)(507, 1654) - 239
(268, 1655)(507, 1655) - 239
(268, 1656)(507, 1656) - 239
(268, 1657)(507, 1657) - 239
(267, 1658)(507, 1658) - 240
(267, 1659)(507, 1659) - 240
(267, 1660)(507, 1660) - 240
(267, 1661)(507, 1661) - 240
(267, 1662)(507, 1662) - 240
(266, 1663)(507, 1663) - 241
(266, 1664)(507, 1664) - 241
(266, 1665)(507, 1665) - 241
(266, 1666)(507, 1666) - 241
(266, 1667)(507, 1667) - 241
(266, 1668)(507, 1668) - 241
(266, 1669)(507, 1669) - 241
(266, 1670)(507, 1670) - 241
(266, 1671)(507, 1671) - 241
(266, 1672)(507, 1672) - 241
(265, 1673)(507, 1673) - 242
(265, 1674)(507, 1674) - 242
(265, 1675)(507, 1675) - 242
(265, 1676)(507, 1676) - 242
(265, 1677)(507, 1677) - 242
(265, 1678)(507, 1678) - 242
(265, 1679)(507, 1679) - 242
(265, 1680)(507, 1680) - 242
(266, 1681)(507, 1681) - 241
(266, 1682)(507, 1682) - 241
(266, 1683)(507, 1683) - 241
(266, 1684)(507, 1684) - 241
(266, 1685)(507, 1685) - 241
(266, 1686)(507, 1686) - 241
(266, 1687)(507, 1687) - 241
(266, 1689)(507, 1689) - 241
(266, 1690)(507, 1690) - 241
(266, 1691)(507, 1691) - 241
(266, 1692)(507, 1692) - 241
(266, 1693)(507, 1693) - 241
(265, 1694)(507, 1694) - 242
(265, 1695)(507, 1695) - 242
(265, 1696)(507, 1696) - 242
(265, 1697)(507, 1697) - 242
(265, 1698)(507, 1698) - 242
(265, 1699)(507, 1699) - 242
(265, 1700)(507, 1700) - 242
(265, 1701)(507, 1701) - 242
(266, 1702)(507, 1702) - 241
(266, 1703)(507, 1703) - 241
(266, 1704)(507, 1704) - 241
(266, 1705)(507, 1705) - 241
(266, 1706)(507, 1706) - 241
(266, 1707)(507, 1707) - 241
(266, 1708)(507, 1708) - 241
(266, 1709)(507, 1709) - 241
(266, 1710)(507, 1710) - 241
(266, 1711)(507, 1711) - 241
(266, 1712)(507, 1712) - 241
(266, 1713)(507, 1713) - 241
(266, 1714)(507, 1714) - 241
(266, 1715)(507, 1715) - 241
(266, 1716)(507, 1716) - 241
(267, 1717)(507, 1717) - 240
(267, 1718)(507, 1718) - 240
(267, 1719)(507, 1719) - 240
(267, 1720)(507, 1720) - 240
(267, 1721)(507, 1721) - 240
(267, 1722)(507, 1722) - 240
(267, 1723)(507, 1723) - 240
(267, 1724)(507, 1724) - 240
(266, 1725)(507, 1725) - 241
(266, 1726)(507, 1726) - 241
(266, 1727)(507, 1727) - 241
(266, 1728)(507, 1728) - 241
(266, 1729)(507, 1729) - 241
(266, 1730)(507, 1730) - 241
(266, 1731)(507, 1731) - 241
(266, 1732)(507, 1732) - 241
(266, 1733)(507, 1733) - 241
(266, 1734)(507, 1734) - 241
(265, 1735)(507, 1735) - 242
(265, 1736)(507, 1736) - 242
(265, 1737)(507, 1737) - 242
(265, 1738)(507, 1738) - 242
(265, 1739)(507, 1739) - 242
(265, 1740)(507, 1740) - 242
(265, 1741)(507, 1741) - 242
(264, 1742)(507, 1742) - 243
(264, 1743)(507, 1743) - 243
(264, 1744)(507, 1744) - 243
(264, 1745)(507, 1745) - 243
(264, 1746)(507, 1746) - 243
(263, 1747)(507, 1747) - 244
(263, 1748)(507, 1748) - 244
(263, 1749)(507, 1749) - 244
(262, 1750)(507, 1750) - 245
(262, 1751)(507, 1751) - 245
(262, 1752)(507, 1752) - 245
(262, 1753)(507, 1753) - 245
(261, 1754)(507, 1754) - 246
(261, 1755)(507, 1755) - 246
(261, 1756)(507, 1756) - 246
(261, 1757)(507, 1757) - 246
(261, 1758)(507, 1758) - 246
(260, 1759)(507, 1759) - 247
(260, 1760)(507, 1760) - 247
(260, 1761)(507, 1761) - 247
(260, 1762)(507, 1762) - 247
(260, 1763)(507, 1763) - 247
(260, 1764)(507, 1764) - 247
(259, 1765)(507, 1765) - 248
(259, 1766)(507, 1766) - 248
(259, 1767)(507, 1767) - 248
(259, 1768)(507, 1768) - 248
(260, 1769)(507, 1769) - 247
(260, 1770)(507, 1770) - 247
(260, 1771)(507, 1771) - 247
(260, 1772)(507, 1772) - 247
(260, 1773)(507, 1773) - 247
(259, 1774)(507, 1774) - 248
(259, 1775)(507, 1775) - 248
(259, 1776)(507, 1776) - 248
(259, 1777)(507, 1777) - 248
(259, 1778)(507, 1778) - 248
(258, 1781)(507, 1781) - 249
(258, 1782)(507, 1782) - 249
(258, 1783)(507, 1783) - 249
(258, 1784)(507, 1784) - 249
(258, 1785)(507, 1785) - 249
(258, 1786)(507, 1786) - 249
(258, 1787)(507, 1787) - 249
(258, 1788)(507, 1788) - 249
(258, 1789)(507, 1789) - 249
(258, 1790)(507, 1790) - 249
(258, 1791)(507, 1791) - 249
(258, 1792)(507, 1792) - 249
(258, 1793)(507, 1793) - 249
(258, 1794)(507, 1794) - 249
(258, 1795)(507, 1795) - 249
(258, 1796)(507, 1796) - 249
(258, 1797)(507, 1797) - 249
(258, 1798)(507, 1798) - 249
(258, 1799)(507, 1799) - 249
(258, 1800)(507, 1800) - 249
(258, 1801)(507, 1801) - 249
(257, 1802)(507, 1802) - 250
(257, 1803)(507, 1803) - 250
(257, 1804)(507, 1804) - 250
(257, 1805)(507, 1805) - 250
(257, 1806)(507, 1806) - 250
(257, 1807)(507, 1807) - 250
(257, 1808)(507, 1808) - 250
(257, 1809)(507, 1809) - 250
(257, 1810)(507, 1810) - 250
(257, 1811)(507, 1811) - 250
(257, 1812)(507, 1812) - 250
(257, 1813)(507, 1813) - 250
(257, 1814)(507, 1814) - 250
(257, 1815)(507, 1815) - 250
(257, 1816)(507, 1816) - 250
(257, 1817)(507, 1817) - 250
(257, 1818)(507, 1818) - 250
(257, 1819)(507, 1819) - 250
(257, 1820)(507, 1820) - 250
(257, 1821)(507, 1821) - 250
(257, 1822)(507, 1822) - 250
(257, 1823)(507, 1823) - 250
(257, 1824)(507, 1824) - 250
(257, 1825)(507, 1825) - 250
(257, 1826)(507, 1826) - 250
(256, 1827)(507, 1827) - 251
(256, 1828)(507, 1828) - 251
(256, 1829)(507, 1829) - 251
(256, 1830)(507, 1830) - 251
(256, 1831)(507, 1831) - 251
(257, 1832)(507, 1832) - 250
(257, 1833)(507, 1833) - 250
(257, 1834)(507, 1834) - 250
(257, 1835)(507, 1835) - 250
(257, 1836)(507, 1836) - 250
(257, 1837)(507, 1837) - 250
(257, 1838)(507, 1838) - 250
(257, 1839)(507, 1839) - 250
(257, 1840)(507, 1840) - 250
(256, 1841)(507, 1841) - 251
(256, 1842)(506, 1842) - 250
(256, 1843)(506, 1843) - 250
(256, 1844)(507, 1844) - 251
(257, 1845)(506, 1845) - 249
(257, 1846)(506, 1846) - 249
(257, 1847)(506, 1847) - 249
(257, 1848)(506, 1848) - 249
(257, 1849)(506, 1849) - 249
(257, 1850)(506, 1850) - 249
(257, 1851)(506, 1851) - 249
(257, 1852)(506, 1852) - 249
(257, 1853)(506, 1853) - 249
(257, 1854)(506, 1854) - 249
(257, 1855)(506, 1855) - 249
(257, 1856)(507, 1856) - 250
(257, 1857)(507, 1857) - 250
(258, 1858)(507, 1858) - 249
(258, 1859)(507, 1859) - 249
(258, 1860)(507, 1860) - 249
(258, 1861)(507, 1861) - 249
(258, 1862)(507, 1862) - 249
(258, 1863)(506, 1863) - 248
(259, 1864)(506, 1864) - 247
(259, 1865)(506, 1865) - 247
(259, 1866)(506, 1866) - 247
(258, 1867)(506, 1867) - 248
(259, 1868)(507, 1868) - 248
(258, 1871)(507, 1871) - 249
(259, 1872)(507, 1872) - 248
(259, 1873)(507, 1873) - 248
(259, 1874)(507, 1874) - 248
(259, 1875)(507, 1875) - 248
(259, 1876)(507, 1876) - 248
(259, 1877)(507, 1877) - 248
(259, 1878)(507, 1878) - 248
(259, 1879)(507, 1879) - 248
(259, 1880)(507, 1880) - 248
(259, 1881)(507, 1881) - 248
(259, 1882)(507, 1882) - 248
(259, 1883)(507, 1883) - 248
(259, 1884)(507, 1884) - 248
(259, 1885)(506, 1885) - 247
(259, 1886)(506, 1886) - 247
(259, 1887)(506, 1887) - 247
(260, 1888)(507, 1888) - 247
(260, 1889)(506, 1889) - 246
(260, 1890)(506, 1890) - 246
(260, 1891)(506, 1891) - 246
(261, 1892)(506, 1892) - 245
(261, 1893)(506, 1893) - 245
(261, 1894)(506, 1894) - 245
(261, 1895)(506, 1895) - 245
(261, 1896)(506, 1896) - 245
(261, 1897)(506, 1897) - 245
(262, 1898)(506, 1898) - 244
(262, 1899)(506, 1899) - 244
(262, 1900)(506, 1900) - 244
(263, 1901)(506, 1901) - 243
(263, 1902)(506, 1902) - 243
(264, 1903)(506, 1903) - 242
(264, 1904)(506, 1904) - 242
(264, 1905)(506, 1905) - 242
(264, 1906)(506, 1906) - 242
(264, 1907)(506, 1907) - 242
(264, 1908)(506, 1908) - 242
(264, 1909)(506, 1909) - 242
(264, 1910)(506, 1910) - 242
(264, 1911)(506, 1911) - 242
(264, 1912)(506, 1912) - 242
(264, 1913)(506, 1913) - 242
(264, 1914)(506, 1914) - 242
(264, 1915)(506, 1915) - 242
(264, 1916)(506, 1916) - 242
(264, 1917)(506, 1917) - 242
(264, 1918)(506, 1918) - 242
(264, 1919)(506, 1919) - 242
(264, 1920)(507, 1920) - 243
(264, 1921)(507, 1921) - 243
(264, 1922)(507, 1922) - 243
(264, 1923)(506, 1923) - 242
(265, 1924)(506, 1924) - 241
(265, 1925)(506, 1925) - 241
(265, 1926)(506, 1926) - 241
(265, 1927)(506, 1927) - 241
(265, 1928)(506, 1928) - 241
(265, 1929)(506, 1929) - 241
(265, 1930)(506, 1930) - 241
(264, 1931)(506, 1931) - 242
(264, 1932)(506, 1932) - 242
(264, 1933)(506, 1933) - 242
(264, 1934)(506, 1934) - 242
(264, 1935)(506, 1935) - 242
(263, 1936)(506, 1936) - 243
(263, 1937)(506, 1937) - 243
(263, 1938)(506, 1938) - 243
(263, 1939)(506, 1939) - 243
(263, 1940)(506, 1940) - 243
(264, 1941)(506, 1941) - 242
(264, 1942)(506, 1942) - 242
(264, 1943)(506, 1943) - 242
(264, 1944)(506, 1944) - 242
(264, 1945)(506, 1945) - 242
(264, 1946)(506, 1946) - 242
(264, 1947)(507, 1947) - 243
(263, 1948)(507, 1948) - 244
(263, 1949)(507, 1949) - 244
(263, 1950)(506, 1950) - 243
(263, 1951)(506, 1951) - 243
(263, 1952)(506, 1952) - 243
(263, 1953)(506, 1953) - 243
(262, 1954)(506, 1954) - 244
(261, 1955)(506, 1955) - 245
(261, 1956)(506, 1956) - 245
(261, 1957)(506, 1957) - 245
(261, 1958)(506, 1958) - 245
(260, 1959)(506, 1959) - 246
(259, 1962)(506, 1962) - 247
(259, 1963)(506, 1963) - 247
(259, 1964)(506, 1964) - 247
(259, 1965)(506, 1965) - 247
(260, 1966)(506, 1966) - 246
(260, 1967)(506, 1967) - 246
(260, 1968)(506, 1968) - 246
(261, 1969)(506, 1969) - 245
(261, 1970)(507, 1970) - 246
(261, 1971)(506, 1971) - 245
(261, 1972)(506, 1972) - 245
(261, 1973)(506, 1973) - 245
(260, 1974)(506, 1974) - 246
(260, 1975)(506, 1975) - 246
(260, 1976)(506, 1976) - 246
(260, 1977)(506, 1977) - 246
(259, 1978)(506, 1978) - 247
(259, 1979)(506, 1979) - 247
(259, 1980)(506, 1980) - 247
(259, 1981)(506, 1981) - 247
(259, 1982)(506, 1982) - 247
(259, 1983)(506, 1983) - 247
(259, 1984)(506, 1984) - 247
(259, 1985)(506, 1985) - 247
(260, 1986)(506, 1986) - 246
(260, 1987)(506, 1987) - 246
(260, 1988)(506, 1988) - 246
(260, 1989)(506, 1989) - 246
(260, 1990)(506, 1990) - 246
(260, 1991)(506, 1991) - 246
(260, 1992)(506, 1992) - 246
(259, 1993)(506, 1993) - 247
(259, 1994)(506, 1994) - 247
(259, 1995)(506, 1995) - 247
(260, 1996)(506, 1996) - 246
(260, 1997)(506, 1997) - 246
(260, 1998)(506, 1998) - 246
(260, 1999)(506, 1999) - 246
(260, 2000)(506, 2000) - 246
(260, 2001)(506, 2001) - 246
(260, 2002)(506, 2002) - 246
(260, 2003)(506, 2003) - 246
(259, 2004)(506, 2004) - 247
(259, 2005)(506, 2005) - 247
(259, 2006)(506, 2006) - 247
(259, 2007)(506, 2007) - 247
(259, 2008)(506, 2008) - 247
(259, 2009)(506, 2009) - 247
(258, 2010)(506, 2010) - 248
(258, 2011)(506, 2011) - 248
(257, 2012)(506, 2012) - 249
(257, 2013)(506, 2013) - 249
(257, 2014)(506, 2014) - 249
(256, 2015)(506, 2015) - 250
(256, 2016)(506, 2016) - 250
(256, 2017)(506, 2017) - 250
(255, 2018)(506, 2018) - 251
(255, 2019)(506, 2019) - 251
(255, 2020)(506, 2020) - 251
(255, 2021)(506, 2021) - 251
(254, 2022)(506, 2022) - 252
(254, 2023)(506, 2023) - 252
(254, 2024)(506, 2024) - 252
(254, 2025)(506, 2025) - 252
(254, 2026)(506, 2026) - 252
(254, 2027)(506, 2027) - 252
(254, 2028)(506, 2028) - 252
(254, 2029)(506, 2029) - 252
(254, 2030)(506, 2030) - 252
(254, 2031)(506, 2031) - 252
(254, 2032)(506, 2032) - 252
(254, 2033)(506, 2033) - 252
(254, 2034)(506, 2034) - 252
(254, 2035)(506, 2035) - 252
(254, 2036)(506, 2036) - 252
(254, 2037)(506, 2037) - 252
(254, 2038)(506, 2038) - 252
(254, 2039)(506, 2039) - 252
(254, 2040)(506, 2040) - 252
(254, 2041)(506, 2041) - 252
(254, 2042)(506, 2042) - 252
(254, 2043)(506, 2043) - 252
(254, 2044)(506, 2044) - 252
(254, 2045)(506, 2045) - 252
(254, 2046)(506, 2046) - 252
(254, 2047)(506, 2047) - 252
(254, 2048)(506, 2048) - 252
(254, 2049)(506, 2049) - 252
(254, 2050)(506, 2050) - 252
(254, 2051)(509, 2051) - 255
(254, 2052)(512, 2052) - 258
(254, 2053)(509, 2053) - 255
(254, 2054)(506, 2054) - 252
(254, 2055)(506, 2055) - 252
(254, 2056)(506, 2056) - 252
(254, 2057)(506, 2057) - 252
(254, 2058)(506, 2058) - 252
(254, 2059)(506, 2059) - 252
(254, 2060)(506, 2060) - 252
(254, 2061)(506, 2061) - 252
(254, 2062)(506, 2062) - 252
(254, 2063)(506, 2063) - 252
(254, 2064)(506, 2064) - 252
(254, 2065)(506, 2065) - 252
(254, 2066)(506, 2066) - 252
(254, 2067)(506, 2067) - 252
(254, 2068)(506, 2068) - 252
(255, 2069)(506, 2069) - 251
(255, 2070)(506, 2070) - 251
(255, 2071)(506, 2071) - 251
(255, 2072)(506, 2072) - 251
(255, 2073)(506, 2073) - 251
(255, 2074)(506, 2074) - 251
(255, 2075)(506, 2075) - 251
(256, 2076)(506, 2076) - 250
(256, 2077)(506, 2077) - 250
(256, 2078)(506, 2078) - 250
(256, 2079)(506, 2079) - 250
(257, 2080)(506, 2080) - 249
(257, 2081)(506, 2081) - 249
(257, 2082)(506, 2082) - 249
(257, 2083)(506, 2083) - 249
(257, 2084)(506, 2084) - 249
(257, 2085)(506, 2085) - 249
(258, 2086)(506, 2086) - 248
(258, 2087)(506, 2087) - 248
(258, 2088)(506, 2088) - 248
(258, 2089)(506, 2089) - 248
(259, 2090)(506, 2090) - 247
(259, 2091)(506, 2091) - 247
(259, 2092)(506, 2092) - 247
(259, 2093)(506, 2093) - 247
(260, 2094)(506, 2094) - 246
(260, 2095)(506, 2095) - 246
(260, 2096)(506, 2096) - 246
(261, 2097)(506, 2097) - 245
(261, 2098)(506, 2098) - 245
(262, 2099)(506, 2099) - 244
(262, 2100)(506, 2100) - 244
(263, 2101)(506, 2101) - 243
(263, 2102)(506, 2102) - 243
(263, 2103)(506, 2103) - 243
(263, 2104)(506, 2104) - 243
(263, 2105)(506, 2105) - 243
(263, 2106)(506, 2106) - 243
(263, 2107)(506, 2107) - 243
(263, 2108)(506, 2108) - 243
(262, 2109)(506, 2109) - 244
(262, 2110)(506, 2110) - 244
(262, 2111)(506, 2111) - 244
(262, 2112)(506, 2112) - 244
(262, 2113)(506, 2113) - 244
(262, 2114)(506, 2114) - 244
(262, 2115)(506, 2115) - 244
(262, 2116)(506, 2116) - 244
(262, 2117)(506, 2117) - 244
(262, 2118)(506, 2118) - 244
(261, 2119)(506, 2119) - 245
(261, 2120)(505, 2120) - 244
(261, 2121)(505, 2121) - 244
(261, 2122)(505, 2122) - 244
(260, 2123)(506, 2123) - 246
(260, 2124)(506, 2124) - 246
(260, 2125)(506, 2125) - 246
(260, 2126)(506, 2126) - 246
(260, 2127)(506, 2127) - 246
(260, 2128)(506, 2128) - 246
(260, 2129)(506, 2129) - 246
(260, 2130)(506, 2130) - 246
(259, 2131)(506, 2131) - 247
(259, 2132)(506, 2132) - 247
(258, 2133)(506, 2133) - 248
(258, 2134)(506, 2134) - 248
(258, 2135)(506, 2135) - 248
(258, 2136)(506, 2136) - 248
(257, 2137)(506, 2137) - 249
(257, 2138)(506, 2138) - 249
(257, 2139)(506, 2139) - 249
(256, 2140)(506, 2140) - 250
(256, 2141)(505, 2141) - 249
(256, 2142)(505, 2142) - 249
(256, 2143)(506, 2143) - 250
(256, 2144)(506, 2144) - 250
(256, 2145)(506, 2145) - 250
(255, 2146)(505, 2146) - 250
(255, 2147)(505, 2147) - 250
(255, 2148)(506, 2148) - 251
(255, 2149)(506, 2149) - 251
(254, 2150)(506, 2150) - 252
(254, 2151)(506, 2151) - 252
(254, 2152)(506, 2152) - 252
(253, 2153)(506, 2153) - 253
(253, 2154)(505, 2154) - 252
(253, 2155)(505, 2155) - 252
(252, 2156)(505, 2156) - 253
(252, 2157)(505, 2157) - 253
(251, 2158)(505, 2158) - 254
(251, 2159)(505, 2159) - 254
(250, 2160)(505, 2160) - 255
(250, 2161)(506, 2161) - 256
(250, 2162)(506, 2162) - 256
(249, 2163)(506, 2163) - 257
(249, 2164)(506, 2164) - 257
(249, 2165)(506, 2165) - 257
(249, 2166)(506, 2166) - 257
(249, 2167)(506, 2167) - 257
(248, 2168)(506, 2168) - 258
(248, 2169)(506, 2169) - 258
(247, 2170)(506, 2170) - 259
(247, 2171)(506, 2171) - 259
(247, 2172)(506, 2172) - 259
(246, 2173)(506, 2173) - 260
(246, 2174)(506, 2174) - 260
(246, 2175)(506, 2175) - 260
(245, 2176)(506, 2176) - 261
(245, 2177)(506, 2177) - 261
(244, 2178)(506, 2178) - 262
(244, 2179)(506, 2179) - 262
(244, 2180)(506, 2180) - 262
(244, 2181)(506, 2181) - 262
(244, 2182)(506, 2182) - 262
(243, 2183)(506, 2183) - 263
(243, 2184)(505, 2184) - 262
(243, 2185)(505, 2185) - 262
(243, 2186)(505, 2186) - 262
(243, 2187)(505, 2187) - 262
(242, 2188)(505, 2188) - 263
(242, 2189)(505, 2189) - 263
(241, 2190)(506, 2190) - 265
(241, 2191)(506, 2191) - 265
(241, 2192)(506, 2192) - 265
(241, 2193)(506, 2193) - 265
(241, 2194)(506, 2194) - 265
(241, 2195)(506, 2195) - 265
(241, 2196)(506, 2196) - 265
(241, 2197)(506, 2197) - 265
(241, 2198)(506, 2198) - 265
(241, 2199)(506, 2199) - 265
(241, 2200)(506, 2200) - 265
(241, 2201)(506, 2201) - 265
(241, 2202)(505, 2202) - 264
(242, 2203)(505, 2203) - 263
(242, 2204)(505, 2204) - 263
(242, 2205)(505, 2205) - 263
(242, 2206)(505, 2206) - 263
(242, 2207)(505, 2207) - 263
(242, 2208)(505, 2208) - 263
(242, 2209)(505, 2209) - 263
(242, 2210)(505, 2210) - 263
(242, 2211)(505, 2211) - 263
(242, 2212)(505, 2212) - 263
(242, 2213)(505, 2213) - 263
(242, 2214)(505, 2214) - 263
(242, 2215)(505, 2215) - 263
(242, 2216)(505, 2216) - 263
(242, 2217)(505, 2217) - 263
(242, 2218)(505, 2218) - 263
(243, 2219)(505, 2219) - 262
(243, 2220)(505, 2220) - 262
(243, 2221)(505, 2221) - 262
(243, 2222)(505, 2222) - 262
(243, 2223)(505, 2223) - 262
(243, 2224)(505, 2224) - 262
(242, 2225)(505, 2225) - 263
(243, 2226)(505, 2226) - 262
(243, 2227)(506, 2227) - 263
(242, 2228)(505, 2228) - 263
(242, 2229)(505, 2229) - 263
(242, 2230)(505, 2230) - 263
(242, 2231)(505, 2231) - 263
(242, 2232)(505, 2232) - 263
(242, 2233)(505, 2233) - 263
(242, 2234)(505, 2234) - 263
(242, 2237)(506, 2237) - 264
(242, 2238)(505, 2238) - 263
(242, 2239)(505, 2239) - 263
(242, 2240)(507, 2240) - 265
(242, 2241)(506, 2241) - 264
(243, 2242)(506, 2242) - 263
(243, 2243)(506, 2243) - 263
(243, 2244)(505, 2244) - 262
(244, 2245)(505, 2245) - 261
(244, 2246)(505, 2246) - 261
(244, 2247)(505, 2247) - 261
(244, 2248)(505, 2248) - 261
(244, 2249)(505, 2249) - 261
(244, 2250)(505, 2250) - 261
(244, 2251)(505, 2251) - 261
(244, 2252)(505, 2252) - 261
(244, 2253)(505, 2253) - 261
(245, 2254)(505, 2254) - 260
(245, 2255)(505, 2255) - 260
(245, 2256)(505, 2256) - 260
(245, 2257)(505, 2257) - 260
(245, 2258)(505, 2258) - 260
(245, 2259)(505, 2259) - 260
(245, 2260)(505, 2260) - 260
(245, 2261)(505, 2261) - 260
(245, 2262)(505, 2262) - 260
(245, 2263)(505, 2263) - 260
(245, 2264)(505, 2264) - 260
(245, 2265)(505, 2265) - 260
(245, 2266)(505, 2266) - 260
(245, 2267)(505, 2267) - 260
(246, 2268)(505, 2268) - 259
(245, 2269)(505, 2269) - 260
(245, 2270)(505, 2270) - 260
(245, 2271)(505, 2271) - 260
(245, 2272)(505, 2272) - 260
(245, 2273)(505, 2273) - 260
(244, 2274)(505, 2274) - 261
(244, 2275)(505, 2275) - 261
(244, 2276)(505, 2276) - 261
(244, 2277)(505, 2277) - 261
(243, 2278)(505, 2278) - 262
(244, 2279)(505, 2279) - 261
(243, 2280)(505, 2280) - 262
(242, 2281)(505, 2281) - 263
(240, 2282)(505, 2282) - 265
(240, 2283)(505, 2283) - 265
(239, 2284)(505, 2284) - 266
(239, 2285)(505, 2285) - 266
(239, 2286)(505, 2286) - 266
(238, 2287)(505, 2287) - 267
(238, 2288)(505, 2288) - 267
(238, 2289)(505, 2289) - 267
(238, 2290)(505, 2290) - 267
(237, 2291)(505, 2291) - 268
(238, 2292)(505, 2292) - 267
(238, 2293)(505, 2293) - 267
(237, 2294)(505, 2294) - 268
(237, 2295)(505, 2295) - 268
(237, 2296)(505, 2296) - 268
(237, 2297)(505, 2297) - 268
(237, 2298)(505, 2298) - 268
(236, 2299)(505, 2299) - 269
(236, 2300)(505, 2300) - 269
(236, 2301)(505, 2301) - 269
(236, 2302)(505, 2302) - 269
(236, 2303)(505, 2303) - 269
(236, 2304)(505, 2304) - 269
(236, 2305)(505, 2305) - 269
(236, 2306)(505, 2306) - 269
(236, 2307)(505, 2307) - 269
(236, 2308)(505, 2308) - 269
(236, 2309)(505, 2309) - 269
(236, 2310)(505, 2310) - 269
(236, 2311)(505, 2311) - 269
(237, 2312)(505, 2312) - 268
(237, 2313)(505, 2313) - 268
(237, 2314)(505, 2314) - 268
(238, 2315)(505, 2315) - 267
(238, 2316)(505, 2316) - 267
(238, 2317)(505, 2317) - 267
(239, 2318)(505, 2318) - 266
(239, 2319)(505, 2319) - 266
(239, 2320)(505, 2320) - 266
(239, 2321)(505, 2321) - 266
(239, 2322)(505, 2322) - 266
