(690, 140)(703, 140) - 13
(691, 141)(703, 141) - 12
(691, 142)(703, 142) - 12
(691, 143)(703, 143) - 12
(691, 144)(702, 144) - 11
(691, 145)(702, 145) - 11
(690, 146)(702, 146) - 12
(690, 147)(702, 147) - 12
(690, 148)(702, 148) - 12
(691, 149)(703, 149) - 12
(691, 150)(703, 150) - 12
(691, 151)(703, 151) - 12
(691, 152)(703, 152) - 12
(691, 153)(703, 153) - 12
(691, 154)(703, 154) - 12
(691, 155)(703, 155) - 12
(691, 156)(703, 156) - 12
(691, 157)(703, 157) - 12
(691, 158)(703, 158) - 12
(690, 159)(703, 159) - 13
(690, 160)(703, 160) - 13
(690, 161)(703, 161) - 13
(691, 162)(703, 162) - 12
(691, 163)(703, 163) - 12
(691, 164)(703, 164) - 12
(691, 165)(703, 165) - 12
(691, 166)(703, 166) - 12
(691, 167)(703, 167) - 12
(691, 168)(703, 168) - 12
(691, 169)(703, 169) - 12
(691, 170)(703, 170) - 12
(691, 171)(703, 171) - 12
(691, 172)(703, 172) - 12
(691, 173)(703, 173) - 12
(691, 174)(703, 174) - 12
(691, 175)(703, 175) - 12
(691, 176)(703, 176) - 12
(691, 177)(703, 177) - 12
(691, 178)(703, 178) - 12
(691, 179)(703, 179) - 12
(691, 180)(703, 180) - 12
(691, 181)(703, 181) - 12
(691, 182)(703, 182) - 12
(691, 183)(703, 183) - 12
(691, 184)(703, 184) - 12
(691, 185)(703, 185) - 12
(691, 186)(703, 186) - 12
(691, 187)(703, 187) - 12
(691, 188)(703, 188) - 12
(690, 189)(703, 189) - 13
(690, 190)(703, 190) - 13
(690, 191)(703, 191) - 13
(690, 192)(703, 192) - 13
(690, 193)(703, 193) - 13
(690, 194)(703, 194) - 13
(690, 195)(703, 195) - 13
(690, 196)(703, 196) - 13
(690, 197)(703, 197) - 13
(690, 198)(703, 198) - 13
(690, 199)(703, 199) - 13
(690, 200)(703, 200) - 13
(690, 201)(703, 201) - 13
(690, 202)(703, 202) - 13
(690, 203)(702, 203) - 12
(691, 204)(702, 204) - 11
(691, 205)(703, 205) - 12
(691, 206)(703, 206) - 12
(691, 207)(703, 207) - 12
(691, 208)(703, 208) - 12
(691, 209)(703, 209) - 12
(691, 210)(703, 210) - 12
(691, 211)(703, 211) - 12
(691, 212)(703, 212) - 12
(691, 213)(703, 213) - 12
(691, 214)(703, 214) - 12
(691, 215)(703, 215) - 12
(691, 216)(703, 216) - 12
(691, 217)(703, 217) - 12
(690, 218)(703, 218) - 13
(690, 219)(703, 219) - 13
(690, 220)(703, 220) - 13
(690, 221)(703, 221) - 13
(691, 222)(703, 222) - 12
(690, 223)(703, 223) - 13
(690, 224)(703, 224) - 13
(690, 225)(703, 225) - 13
(690, 226)(702, 226) - 12
(690, 227)(701, 227) - 11
(690, 228)(703, 228) - 13
(690, 229)(703, 229) - 13
(690, 230)(703, 230) - 13
(690, 231)(702, 231) - 12
(690, 232)(702, 232) - 12
(690, 233)(702, 233) - 12
(690, 234)(702, 234) - 12
(690, 235)(702, 235) - 12
(690, 236)(702, 236) - 12
(690, 237)(702, 237) - 12
(690, 238)(702, 238) - 12
(690, 239)(702, 239) - 12
(690, 240)(701, 240) - 11
(690, 241)(702, 241) - 12
(690, 242)(703, 242) - 13
(690, 243)(703, 243) - 13
(690, 244)(703, 244) - 13
(690, 245)(703, 245) - 13
(689, 246)(703, 246) - 14
(689, 247)(703, 247) - 14
(689, 248)(703, 248) - 14
(689, 249)(703, 249) - 14
(689, 250)(703, 250) - 14
(689, 251)(703, 251) - 14
(689, 252)(703, 252) - 14
(689, 253)(703, 253) - 14
(689, 254)(703, 254) - 14
(689, 255)(703, 255) - 14
(689, 256)(703, 256) - 14
(689, 257)(703, 257) - 14
(689, 258)(703, 258) - 14
(688, 259)(703, 259) - 15
(688, 260)(703, 260) - 15
(688, 261)(703, 261) - 15
(688, 262)(703, 262) - 15
(688, 263)(703, 263) - 15
(688, 264)(703, 264) - 15
(688, 265)(703, 265) - 15
(688, 266)(703, 266) - 15
(688, 267)(703, 267) - 15
(688, 268)(703, 268) - 15
(688, 269)(703, 269) - 15
(688, 270)(703, 270) - 15
(688, 271)(703, 271) - 15
(688, 272)(703, 272) - 15
(688, 273)(703, 273) - 15
(688, 274)(703, 274) - 15
(688, 275)(703, 275) - 15
(688, 276)(703, 276) - 15
(688, 277)(703, 277) - 15
(688, 278)(703, 278) - 15
(688, 279)(703, 279) - 15
(688, 280)(703, 280) - 15
(688, 281)(703, 281) - 15
(688, 282)(703, 282) - 15
(688, 283)(703, 283) - 15
(688, 284)(703, 284) - 15
(688, 285)(703, 285) - 15
(688, 286)(703, 286) - 15
(688, 287)(703, 287) - 15
(688, 288)(703, 288) - 15
(688, 289)(703, 289) - 15
(688, 290)(703, 290) - 15
(688, 291)(703, 291) - 15
(688, 292)(703, 292) - 15
(688, 293)(703, 293) - 15
(689, 294)(703, 294) - 14
(689, 295)(703, 295) - 14
(689, 296)(703, 296) - 14
(689, 297)(703, 297) - 14
(689, 298)(703, 298) - 14
(689, 299)(703, 299) - 14
(689, 300)(703, 300) - 14
(689, 301)(703, 301) - 14
(688, 302)(703, 302) - 15
(688, 303)(703, 303) - 15
(688, 304)(703, 304) - 15
(688, 305)(703, 305) - 15
(688, 306)(703, 306) - 15
(688, 307)(703, 307) - 15
(688, 308)(703, 308) - 15
(688, 309)(703, 309) - 15
(688, 310)(703, 310) - 15
(688, 311)(703, 311) - 15
(688, 312)(703, 312) - 15
(687, 313)(703, 313) - 16
(687, 314)(703, 314) - 16
(687, 315)(703, 315) - 16
(687, 316)(703, 316) - 16
(687, 317)(703, 317) - 16
(687, 318)(703, 318) - 16
(687, 319)(703, 319) - 16
(687, 320)(703, 320) - 16
(687, 321)(703, 321) - 16
(688, 322)(703, 322) - 15
(688, 323)(703, 323) - 15
(688, 324)(703, 324) - 15
(687, 325)(703, 325) - 16
(687, 326)(703, 326) - 16
(687, 327)(703, 327) - 16
(687, 328)(703, 328) - 16
(687, 329)(703, 329) - 16
(687, 330)(703, 330) - 16
(687, 331)(703, 331) - 16
(687, 332)(703, 332) - 16
(687, 333)(703, 333) - 16
(687, 334)(703, 334) - 16
(687, 335)(703, 335) - 16
(687, 336)(703, 336) - 16
(687, 337)(703, 337) - 16
(687, 338)(703, 338) - 16
(687, 339)(703, 339) - 16
(687, 340)(703, 340) - 16
(687, 341)(703, 341) - 16
(687, 342)(703, 342) - 16
(687, 343)(703, 343) - 16
(687, 344)(703, 344) - 16
(687, 345)(703, 345) - 16
(687, 346)(703, 346) - 16
(687, 347)(704, 347) - 17
(687, 348)(704, 348) - 17
(687, 349)(704, 349) - 17
(687, 350)(704, 350) - 17
(687, 351)(704, 351) - 17
(687, 352)(704, 352) - 17
(687, 353)(704, 353) - 17
(687, 354)(704, 354) - 17
(688, 355)(703, 355) - 15
(688, 356)(704, 356) - 16
(688, 357)(704, 357) - 16
(688, 358)(704, 358) - 16
(688, 359)(704, 359) - 16
(688, 360)(704, 360) - 16
(688, 361)(704, 361) - 16
(688, 362)(704, 362) - 16
(688, 363)(704, 363) - 16
(688, 364)(704, 364) - 16
(688, 365)(704, 365) - 16
(688, 366)(704, 366) - 16
(688, 367)(704, 367) - 16
(688, 368)(704, 368) - 16
(688, 369)(704, 369) - 16
(688, 370)(704, 370) - 16
(688, 371)(704, 371) - 16
(688, 372)(704, 372) - 16
(688, 373)(704, 373) - 16
(688, 374)(704, 374) - 16
(688, 375)(704, 375) - 16
(688, 376)(704, 376) - 16
(688, 377)(704, 377) - 16
(689, 378)(704, 378) - 15
(689, 379)(704, 379) - 15
(689, 380)(704, 380) - 15
(689, 381)(704, 381) - 15
(689, 382)(704, 382) - 15
(689, 383)(704, 383) - 15
(689, 384)(704, 384) - 15
(689, 385)(704, 385) - 15
(689, 386)(704, 386) - 15
(689, 387)(704, 387) - 15
(688, 388)(704, 388) - 16
(688, 389)(704, 389) - 16
(688, 390)(704, 390) - 16
(688, 391)(704, 391) - 16
(688, 392)(704, 392) - 16
(688, 393)(704, 393) - 16
(688, 394)(704, 394) - 16
(687, 395)(704, 395) - 17
(687, 396)(704, 396) - 17
(687, 397)(704, 397) - 17
(687, 398)(704, 398) - 17
(687, 399)(704, 399) - 17
(687, 400)(704, 400) - 17
(687, 401)(704, 401) - 17
(687, 402)(704, 402) - 17
(686, 403)(704, 403) - 18
(686, 404)(704, 404) - 18
(686, 405)(704, 405) - 18
(686, 407)(704, 407) - 18
(685, 408)(704, 408) - 19
(685, 409)(704, 409) - 19
(685, 410)(704, 410) - 19
(685, 411)(704, 411) - 19
(684, 412)(704, 412) - 20
(684, 413)(704, 413) - 20
(684, 414)(704, 414) - 20
(684, 415)(704, 415) - 20
(684, 416)(704, 416) - 20
(684, 417)(704, 417) - 20
(684, 418)(704, 418) - 20
(684, 419)(704, 419) - 20
(684, 420)(704, 420) - 20
(684, 421)(704, 421) - 20
(684, 422)(704, 422) - 20
(683, 423)(704, 423) - 21
(683, 424)(704, 424) - 21
(683, 425)(704, 425) - 21
(683, 426)(704, 426) - 21
(683, 427)(704, 427) - 21
(683, 428)(704, 428) - 21
(682, 429)(704, 429) - 22
(682, 430)(704, 430) - 22
(682, 431)(704, 431) - 22
(682, 432)(704, 432) - 22
(682, 433)(704, 433) - 22
(682, 434)(704, 434) - 22
(682, 435)(704, 435) - 22
(681, 436)(704, 436) - 23
(681, 437)(704, 437) - 23
(681, 438)(704, 438) - 23
(681, 439)(704, 439) - 23
(681, 440)(704, 440) - 23
(681, 441)(704, 441) - 23
(681, 442)(704, 442) - 23
(680, 443)(704, 443) - 24
(680, 444)(704, 444) - 24
(680, 445)(704, 445) - 24
(680, 446)(704, 446) - 24
(680, 447)(704, 447) - 24
(680, 448)(704, 448) - 24
(680, 449)(704, 449) - 24
(680, 450)(704, 450) - 24
(680, 451)(705, 451) - 25
(680, 452)(705, 452) - 25
(680, 453)(704, 453) - 24
(680, 454)(704, 454) - 24
(680, 455)(704, 455) - 24
(679, 456)(704, 456) - 25
(679, 457)(704, 457) - 25
(679, 458)(704, 458) - 25
(679, 459)(704, 459) - 25
(679, 460)(704, 460) - 25
(679, 461)(705, 461) - 26
(679, 462)(705, 462) - 26
(678, 463)(705, 463) - 27
(678, 464)(705, 464) - 27
(678, 465)(705, 465) - 27
(678, 466)(705, 466) - 27
(678, 467)(705, 467) - 27
(678, 468)(704, 468) - 26
(678, 469)(704, 469) - 26
(678, 470)(705, 470) - 27
(678, 471)(705, 471) - 27
(677, 472)(704, 472) - 27
(677, 473)(704, 473) - 27
(677, 474)(704, 474) - 27
(677, 475)(705, 475) - 28
(677, 476)(704, 476) - 27
(677, 477)(704, 477) - 27
(677, 478)(704, 478) - 27
(677, 479)(704, 479) - 27
(676, 480)(704, 480) - 28
(676, 481)(704, 481) - 28
(676, 482)(705, 482) - 29
(676, 483)(705, 483) - 29
(676, 484)(704, 484) - 28
(676, 485)(704, 485) - 28
(676, 486)(704, 486) - 28
(676, 487)(704, 487) - 28
(676, 488)(704, 488) - 28
(676, 489)(704, 489) - 28
(676, 490)(704, 490) - 28
(676, 491)(704, 491) - 28
(676, 492)(704, 492) - 28
(676, 493)(704, 493) - 28
(676, 494)(704, 494) - 28
(676, 495)(704, 495) - 28
(676, 496)(704, 496) - 28
(676, 499)(704, 499) - 28
(676, 500)(704, 500) - 28
(676, 501)(704, 501) - 28
(676, 502)(704, 502) - 28
(676, 503)(704, 503) - 28
(676, 504)(704, 504) - 28
(676, 505)(704, 505) - 28
(676, 506)(704, 506) - 28
(676, 507)(704, 507) - 28
(676, 508)(704, 508) - 28
(677, 509)(704, 509) - 27
(677, 510)(704, 510) - 27
(677, 511)(704, 511) - 27
(676, 512)(704, 512) - 28
(676, 513)(704, 513) - 28
(676, 514)(704, 514) - 28
(676, 515)(704, 515) - 28
(677, 516)(704, 516) - 27
(677, 517)(704, 517) - 27
(677, 518)(704, 518) - 27
(677, 519)(704, 519) - 27
(677, 520)(704, 520) - 27
(676, 521)(704, 521) - 28
(676, 522)(704, 522) - 28
(677, 523)(704, 523) - 27
(677, 524)(704, 524) - 27
(677, 525)(704, 525) - 27
(677, 526)(704, 526) - 27
(676, 527)(704, 527) - 28
(676, 528)(704, 528) - 28
(676, 529)(704, 529) - 28
(676, 530)(704, 530) - 28
(677, 531)(704, 531) - 27
(677, 532)(704, 532) - 27
(677, 533)(704, 533) - 27
(677, 534)(704, 534) - 27
(677, 535)(704, 535) - 27
(677, 536)(704, 536) - 27
(678, 537)(704, 537) - 26
(678, 538)(704, 538) - 26
(678, 539)(704, 539) - 26
(678, 540)(704, 540) - 26
(678, 541)(705, 541) - 27
(678, 542)(705, 542) - 27
(678, 543)(704, 543) - 26
(679, 544)(704, 544) - 25
(679, 545)(704, 545) - 25
(679, 546)(704, 546) - 25
(679, 547)(704, 547) - 25
(679, 548)(704, 548) - 25
(679, 549)(704, 549) - 25
(679, 550)(704, 550) - 25
(679, 551)(704, 551) - 25
(679, 552)(704, 552) - 25
(680, 553)(704, 553) - 24
(680, 554)(704, 554) - 24
(680, 555)(704, 555) - 24
(680, 556)(705, 556) - 25
(680, 557)(704, 557) - 24
(680, 558)(704, 558) - 24
(680, 559)(704, 559) - 24
(680, 560)(704, 560) - 24
(680, 561)(704, 561) - 24
(680, 562)(704, 562) - 24
(680, 563)(704, 563) - 24
(680, 564)(704, 564) - 24
(680, 565)(704, 565) - 24
(680, 566)(704, 566) - 24
(679, 567)(704, 567) - 25
(680, 568)(704, 568) - 24
(680, 569)(704, 569) - 24
(680, 570)(704, 570) - 24
(680, 571)(704, 571) - 24
(680, 572)(704, 572) - 24
(680, 573)(704, 573) - 24
(680, 574)(704, 574) - 24
(680, 575)(704, 575) - 24
(681, 576)(704, 576) - 23
(681, 577)(704, 577) - 23
(681, 578)(704, 578) - 23
(681, 579)(704, 579) - 23
(681, 580)(704, 580) - 23
(682, 581)(704, 581) - 22
(682, 582)(704, 582) - 22
(682, 583)(704, 583) - 22
(682, 584)(704, 584) - 22
(682, 585)(704, 585) - 22
(682, 586)(704, 586) - 22
(682, 587)(704, 587) - 22
(682, 588)(704, 588) - 22
(682, 589)(704, 589) - 22
(682, 590)(703, 590) - 21
(683, 591)(704, 591) - 21
(683, 592)(704, 592) - 21
(683, 593)(704, 593) - 21
(683, 594)(704, 594) - 21
(683, 595)(704, 595) - 21
(683, 596)(704, 596) - 21
(684, 597)(704, 597) - 20
(684, 598)(704, 598) - 20
(684, 599)(704, 599) - 20
(684, 600)(704, 600) - 20
(684, 601)(704, 601) - 20
(684, 602)(704, 602) - 20
(684, 603)(704, 603) - 20
(684, 604)(704, 604) - 20
(684, 605)(705, 605) - 21
(685, 606)(704, 606) - 19
(685, 607)(704, 607) - 19
(685, 608)(704, 608) - 19
(685, 609)(704, 609) - 19
(685, 610)(704, 610) - 19
(686, 611)(704, 611) - 18
(686, 612)(704, 612) - 18
(686, 613)(704, 613) - 18
(686, 614)(704, 614) - 18
(686, 615)(704, 615) - 18
(686, 616)(704, 616) - 18
(686, 617)(704, 617) - 18
(686, 618)(704, 618) - 18
(686, 619)(704, 619) - 18
(686, 620)(704, 620) - 18
(686, 621)(704, 621) - 18
(687, 622)(704, 622) - 17
(687, 623)(704, 623) - 17
(687, 624)(704, 624) - 17
(687, 625)(704, 625) - 17
(687, 626)(704, 626) - 17
(687, 627)(704, 627) - 17
(687, 628)(704, 628) - 17
(687, 629)(704, 629) - 17
(687, 630)(704, 630) - 17
(687, 631)(704, 631) - 17
(687, 632)(704, 632) - 17
(687, 633)(704, 633) - 17
(687, 634)(704, 634) - 17
(687, 635)(704, 635) - 17
(687, 636)(704, 636) - 17
(687, 637)(704, 637) - 17
(687, 638)(704, 638) - 17
(687, 639)(704, 639) - 17
(687, 640)(704, 640) - 17
(687, 641)(704, 641) - 17
(687, 642)(704, 642) - 17
(687, 643)(704, 643) - 17
(687, 644)(704, 644) - 17
(687, 645)(704, 645) - 17
(687, 646)(704, 646) - 17
(687, 647)(704, 647) - 17
(687, 648)(704, 648) - 17
(687, 649)(704, 649) - 17
(687, 650)(704, 650) - 17
(687, 651)(704, 651) - 17
(687, 652)(704, 652) - 17
(687, 653)(704, 653) - 17
(687, 654)(704, 654) - 17
(687, 655)(704, 655) - 17
(687, 656)(704, 656) - 17
(687, 657)(704, 657) - 17
(687, 658)(704, 658) - 17
(688, 659)(704, 659) - 16
(688, 660)(704, 660) - 16
(688, 661)(704, 661) - 16
(688, 662)(704, 662) - 16
(688, 663)(704, 663) - 16
(688, 664)(704, 664) - 16
(688, 665)(704, 665) - 16
(689, 666)(704, 666) - 15
(689, 667)(704, 667) - 15
(689, 668)(704, 668) - 15
(689, 669)(704, 669) - 15
(688, 670)(704, 670) - 16
(688, 671)(704, 671) - 16
(688, 672)(704, 672) - 16
(688, 673)(704, 673) - 16
(688, 674)(704, 674) - 16
(688, 675)(704, 675) - 16
(688, 676)(704, 676) - 16
(688, 677)(704, 677) - 16
(688, 678)(704, 678) - 16
(687, 679)(704, 679) - 17
(687, 680)(704, 680) - 17
(687, 682)(704, 682) - 17
(687, 683)(704, 683) - 17
(687, 684)(704, 684) - 17
(687, 685)(704, 685) - 17
(688, 686)(704, 686) - 16
(688, 687)(704, 687) - 16
(688, 688)(704, 688) - 16
(688, 689)(704, 689) - 16
(688, 690)(704, 690) - 16
(688, 691)(704, 691) - 16
(689, 692)(704, 692) - 15
(689, 693)(704, 693) - 15
(689, 694)(704, 694) - 15
(689, 695)(704, 695) - 15
(689, 696)(704, 696) - 15
(689, 697)(704, 697) - 15
(690, 698)(704, 698) - 14
(690, 699)(704, 699) - 14
(690, 700)(704, 700) - 14
(690, 701)(704, 701) - 14
(690, 702)(704, 702) - 14
(690, 703)(704, 703) - 14
(690, 704)(704, 704) - 14
(690, 705)(704, 705) - 14
(690, 706)(704, 706) - 14
(690, 707)(704, 707) - 14
(690, 708)(704, 708) - 14
(690, 709)(704, 709) - 14
(690, 710)(704, 710) - 14
(690, 711)(704, 711) - 14
(690, 712)(704, 712) - 14
(689, 713)(704, 713) - 15
(689, 714)(704, 714) - 15
(689, 715)(704, 715) - 15
(689, 716)(704, 716) - 15
(688, 717)(704, 717) - 16
(688, 718)(704, 718) - 16
(688, 719)(704, 719) - 16
(688, 720)(704, 720) - 16
(688, 721)(704, 721) - 16
(688, 722)(704, 722) - 16
(688, 723)(704, 723) - 16
(688, 724)(704, 724) - 16
(687, 725)(704, 725) - 17
(687, 726)(704, 726) - 17
(687, 727)(704, 727) - 17
(687, 728)(704, 728) - 17
(687, 729)(704, 729) - 17
(688, 730)(704, 730) - 16
(687, 731)(704, 731) - 17
(687, 732)(704, 732) - 17
(687, 733)(704, 733) - 17
(687, 734)(704, 734) - 17
(687, 735)(704, 735) - 17
(687, 736)(704, 736) - 17
(687, 737)(704, 737) - 17
(687, 738)(704, 738) - 17
(687, 739)(704, 739) - 17
(687, 740)(704, 740) - 17
(687, 741)(704, 741) - 17
(687, 742)(704, 742) - 17
(687, 743)(704, 743) - 17
(686, 744)(704, 744) - 18
(686, 745)(704, 745) - 18
(686, 746)(704, 746) - 18
(686, 747)(704, 747) - 18
(686, 748)(704, 748) - 18
(686, 749)(704, 749) - 18
(687, 750)(704, 750) - 17
(687, 751)(704, 751) - 17
(687, 752)(704, 752) - 17
(687, 753)(704, 753) - 17
(687, 754)(704, 754) - 17
(687, 755)(704, 755) - 17
(688, 756)(704, 756) - 16
(688, 757)(704, 757) - 16
(688, 758)(704, 758) - 16
(688, 759)(704, 759) - 16
(688, 760)(704, 760) - 16
(688, 761)(704, 761) - 16
(688, 762)(704, 762) - 16
(688, 763)(704, 763) - 16
(688, 764)(704, 764) - 16
(688, 765)(704, 765) - 16
(688, 766)(704, 766) - 16
(688, 767)(704, 767) - 16
(688, 768)(704, 768) - 16
(688, 769)(704, 769) - 16
(688, 770)(704, 770) - 16
(688, 771)(704, 771) - 16
(688, 772)(703, 772) - 15
(688, 774)(705, 774) - 17
(688, 775)(704, 775) - 16
(688, 776)(704, 776) - 16
(687, 777)(704, 777) - 17
(687, 778)(704, 778) - 17
(687, 779)(704, 779) - 17
(687, 780)(704, 780) - 17
(687, 781)(704, 781) - 17
(687, 782)(704, 782) - 17
(687, 783)(704, 783) - 17
(687, 784)(704, 784) - 17
(687, 785)(704, 785) - 17
(687, 786)(704, 786) - 17
(687, 787)(704, 787) - 17
(687, 788)(704, 788) - 17
(687, 789)(704, 789) - 17
(687, 790)(704, 790) - 17
(687, 791)(704, 791) - 17
(687, 792)(704, 792) - 17
(686, 793)(704, 793) - 18
(686, 794)(704, 794) - 18
(686, 795)(704, 795) - 18
(686, 796)(704, 796) - 18
(686, 797)(704, 797) - 18
(686, 798)(704, 798) - 18
(686, 799)(704, 799) - 18
(686, 800)(704, 800) - 18
(686, 801)(704, 801) - 18
(686, 802)(704, 802) - 18
(685, 803)(704, 803) - 19
(685, 804)(704, 804) - 19
(685, 805)(704, 805) - 19
(685, 806)(704, 806) - 19
(685, 807)(704, 807) - 19
(685, 808)(704, 808) - 19
(685, 809)(704, 809) - 19
(685, 810)(704, 810) - 19
(685, 811)(704, 811) - 19
(685, 812)(704, 812) - 19
(685, 813)(704, 813) - 19
(685, 814)(704, 814) - 19
(685, 815)(704, 815) - 19
(685, 816)(704, 816) - 19
(685, 817)(704, 817) - 19
(685, 818)(704, 818) - 19
(685, 819)(704, 819) - 19
(685, 820)(704, 820) - 19
(685, 821)(704, 821) - 19
(685, 822)(704, 822) - 19
(685, 823)(704, 823) - 19
(685, 824)(704, 824) - 19
(685, 825)(704, 825) - 19
(685, 826)(704, 826) - 19
(685, 827)(704, 827) - 19
(685, 828)(704, 828) - 19
(686, 829)(704, 829) - 18
(686, 830)(704, 830) - 18
(686, 831)(704, 831) - 18
(686, 832)(704, 832) - 18
(686, 833)(704, 833) - 18
(686, 834)(704, 834) - 18
(686, 835)(704, 835) - 18
(686, 836)(704, 836) - 18
(686, 837)(704, 837) - 18
(686, 838)(704, 838) - 18
(686, 839)(704, 839) - 18
(686, 840)(704, 840) - 18
(686, 841)(704, 841) - 18
(685, 842)(704, 842) - 19
(686, 843)(704, 843) - 18
(686, 844)(704, 844) - 18
(686, 845)(704, 845) - 18
(685, 846)(704, 846) - 19
(685, 847)(704, 847) - 19
(685, 848)(704, 848) - 19
(685, 849)(704, 849) - 19
(685, 850)(704, 850) - 19
(685, 851)(704, 851) - 19
(685, 852)(704, 852) - 19
(685, 853)(704, 853) - 19
(685, 854)(704, 854) - 19
(685, 855)(704, 855) - 19
(685, 856)(704, 856) - 19
(685, 857)(704, 857) - 19
(685, 858)(704, 858) - 19
(685, 859)(704, 859) - 19
(685, 860)(704, 860) - 19
(685, 861)(704, 861) - 19
(685, 862)(704, 862) - 19
(685, 863)(704, 863) - 19
(685, 864)(704, 864) - 19
(685, 865)(704, 865) - 19
(685, 867)(704, 867) - 19
(685, 868)(704, 868) - 19
(685, 869)(704, 869) - 19
(685, 870)(704, 870) - 19
(685, 871)(704, 871) - 19
(685, 872)(704, 872) - 19
(685, 873)(704, 873) - 19
(684, 874)(704, 874) - 20
(684, 875)(704, 875) - 20
(684, 876)(704, 876) - 20
(684, 877)(704, 877) - 20
(684, 878)(704, 878) - 20
(684, 879)(704, 879) - 20
(684, 880)(704, 880) - 20
(684, 881)(704, 881) - 20
(684, 882)(704, 882) - 20
(684, 883)(704, 883) - 20
(684, 884)(704, 884) - 20
(684, 885)(704, 885) - 20
(684, 886)(704, 886) - 20
(684, 887)(704, 887) - 20
(684, 888)(704, 888) - 20
(684, 889)(704, 889) - 20
(684, 890)(704, 890) - 20
(684, 891)(704, 891) - 20
(684, 892)(704, 892) - 20
(684, 893)(704, 893) - 20
(684, 894)(704, 894) - 20
(684, 895)(704, 895) - 20
(684, 896)(704, 896) - 20
(684, 897)(704, 897) - 20
(684, 898)(704, 898) - 20
(684, 899)(704, 899) - 20
(684, 900)(704, 900) - 20
(684, 901)(704, 901) - 20
(684, 902)(704, 902) - 20
(684, 903)(704, 903) - 20
(684, 904)(704, 904) - 20
(684, 905)(704, 905) - 20
(684, 906)(704, 906) - 20
(684, 907)(704, 907) - 20
(684, 908)(704, 908) - 20
(684, 909)(704, 909) - 20
(684, 910)(704, 910) - 20
(684, 911)(704, 911) - 20
(684, 912)(704, 912) - 20
(684, 913)(704, 913) - 20
(684, 914)(704, 914) - 20
(684, 915)(704, 915) - 20
(685, 916)(704, 916) - 19
(685, 917)(704, 917) - 19
(685, 918)(704, 918) - 19
(685, 919)(704, 919) - 19
(685, 920)(704, 920) - 19
(685, 921)(704, 921) - 19
(685, 922)(704, 922) - 19
(685, 923)(704, 923) - 19
(686, 924)(704, 924) - 18
(686, 925)(704, 925) - 18
(686, 926)(704, 926) - 18
(686, 927)(704, 927) - 18
(686, 928)(704, 928) - 18
(686, 929)(704, 929) - 18
(687, 930)(704, 930) - 17
(687, 931)(704, 931) - 17
(687, 932)(704, 932) - 17
(687, 933)(704, 933) - 17
(687, 934)(704, 934) - 17
(687, 935)(704, 935) - 17
(687, 936)(704, 936) - 17
(687, 937)(704, 937) - 17
(687, 938)(704, 938) - 17
(687, 939)(704, 939) - 17
(688, 940)(704, 940) - 16
(688, 941)(704, 941) - 16
(688, 942)(704, 942) - 16
(688, 943)(704, 943) - 16
(688, 944)(704, 944) - 16
(688, 945)(704, 945) - 16
(689, 946)(704, 946) - 15
(689, 947)(704, 947) - 15
(689, 948)(704, 948) - 15
(689, 949)(704, 949) - 15
(689, 950)(704, 950) - 15
(690, 951)(704, 951) - 14
(690, 952)(704, 952) - 14
(690, 953)(704, 953) - 14
(690, 954)(704, 954) - 14
(690, 955)(704, 955) - 14
(690, 956)(704, 956) - 14
(690, 957)(704, 957) - 14
(690, 958)(704, 958) - 14
(690, 959)(704, 959) - 14
(690, 960)(704, 960) - 14
(690, 961)(704, 961) - 14
(690, 962)(704, 962) - 14
(690, 963)(704, 963) - 14
(690, 964)(704, 964) - 14
(690, 965)(704, 965) - 14
(690, 966)(704, 966) - 14
(690, 967)(704, 967) - 14
(690, 968)(704, 968) - 14
(690, 969)(704, 969) - 14
(690, 970)(704, 970) - 14
(690, 971)(704, 971) - 14
(690, 972)(704, 972) - 14
(690, 973)(704, 973) - 14
(690, 974)(704, 974) - 14
(690, 975)(704, 975) - 14
(690, 976)(704, 976) - 14
(691, 977)(704, 977) - 13
(691, 978)(704, 978) - 13
(691, 979)(704, 979) - 13
(691, 980)(704, 980) - 13
(691, 981)(704, 981) - 13
(691, 982)(704, 982) - 13
(690, 983)(704, 983) - 14
(690, 984)(704, 984) - 14
(690, 985)(704, 985) - 14
(690, 986)(704, 986) - 14
(690, 987)(704, 987) - 14
(690, 988)(704, 988) - 14
(690, 989)(704, 989) - 14
(690, 990)(704, 990) - 14
(690, 991)(704, 991) - 14
(690, 992)(704, 992) - 14
(690, 993)(704, 993) - 14
(690, 994)(704, 994) - 14
(689, 995)(704, 995) - 15
(689, 996)(704, 996) - 15
(689, 997)(704, 997) - 15
(689, 998)(704, 998) - 15
(689, 999)(704, 999) - 15
(689, 1000)(704, 1000) - 15
(689, 1001)(704, 1001) - 15
(689, 1002)(704, 1002) - 15
(689, 1003)(704, 1003) - 15
(689, 1004)(704, 1004) - 15
(689, 1005)(704, 1005) - 15
(690, 1006)(704, 1006) - 14
(690, 1007)(704, 1007) - 14
(690, 1008)(704, 1008) - 14
(690, 1009)(704, 1009) - 14
(690, 1010)(704, 1010) - 14
(690, 1011)(704, 1011) - 14
(689, 1012)(704, 1012) - 15
(689, 1013)(704, 1013) - 15
(689, 1014)(704, 1014) - 15
(689, 1015)(704, 1015) - 15
(689, 1016)(704, 1016) - 15
(689, 1017)(704, 1017) - 15
(689, 1018)(704, 1018) - 15
(689, 1019)(704, 1019) - 15
(689, 1020)(704, 1020) - 15
(688, 1021)(704, 1021) - 16
(688, 1022)(704, 1022) - 16
(688, 1023)(704, 1023) - 16
(688, 1024)(704, 1024) - 16
(688, 1025)(704, 1025) - 16
(688, 1026)(704, 1026) - 16
(688, 1027)(704, 1027) - 16
(688, 1028)(704, 1028) - 16
(688, 1029)(704, 1029) - 16
(688, 1030)(704, 1030) - 16
(688, 1031)(704, 1031) - 16
(688, 1032)(704, 1032) - 16
(688, 1033)(704, 1033) - 16
(688, 1034)(704, 1034) - 16
(688, 1035)(704, 1035) - 16
(688, 1036)(704, 1036) - 16
(688, 1037)(704, 1037) - 16
(687, 1038)(704, 1038) - 17
(687, 1039)(704, 1039) - 17
(687, 1040)(704, 1040) - 17
(687, 1041)(704, 1041) - 17
(687, 1042)(704, 1042) - 17
(687, 1043)(704, 1043) - 17
(687, 1044)(704, 1044) - 17
(686, 1045)(704, 1045) - 18
(686, 1046)(704, 1046) - 18
(687, 1047)(704, 1047) - 17
(687, 1048)(704, 1048) - 17
(686, 1049)(702, 1049) - 16
(686, 1050)(704, 1050) - 18
(686, 1051)(704, 1051) - 18
(686, 1052)(704, 1052) - 18
(686, 1053)(704, 1053) - 18
(686, 1054)(704, 1054) - 18
(686, 1055)(704, 1055) - 18
(686, 1056)(704, 1056) - 18
(686, 1057)(704, 1057) - 18
(686, 1058)(704, 1058) - 18
(686, 1059)(704, 1059) - 18
(686, 1060)(704, 1060) - 18
(686, 1061)(704, 1061) - 18
(686, 1062)(704, 1062) - 18
(686, 1063)(704, 1063) - 18
(686, 1064)(704, 1064) - 18
(686, 1065)(704, 1065) - 18
(686, 1066)(704, 1066) - 18
(686, 1067)(704, 1067) - 18
(686, 1068)(704, 1068) - 18
(686, 1069)(704, 1069) - 18
(686, 1070)(704, 1070) - 18
(686, 1071)(704, 1071) - 18
(686, 1072)(704, 1072) - 18
(686, 1073)(704, 1073) - 18
(686, 1074)(704, 1074) - 18
(686, 1075)(704, 1075) - 18
(686, 1076)(704, 1076) - 18
(686, 1077)(704, 1077) - 18
(686, 1078)(704, 1078) - 18
(686, 1079)(704, 1079) - 18
(686, 1080)(704, 1080) - 18
(686, 1081)(704, 1081) - 18
(686, 1082)(704, 1082) - 18
(686, 1083)(704, 1083) - 18
(686, 1084)(704, 1084) - 18
(686, 1085)(704, 1085) - 18
(686, 1086)(704, 1086) - 18
(686, 1087)(704, 1087) - 18
(686, 1088)(704, 1088) - 18
(686, 1089)(704, 1089) - 18
(686, 1090)(704, 1090) - 18
(686, 1091)(704, 1091) - 18
(686, 1092)(704, 1092) - 18
(686, 1093)(704, 1093) - 18
(686, 1094)(704, 1094) - 18
(686, 1095)(704, 1095) - 18
(686, 1096)(704, 1096) - 18
(686, 1097)(704, 1097) - 18
(686, 1098)(704, 1098) - 18
(686, 1099)(704, 1099) - 18
(686, 1100)(704, 1100) - 18
(686, 1101)(704, 1101) - 18
(686, 1102)(704, 1102) - 18
(686, 1103)(704, 1103) - 18
(686, 1104)(704, 1104) - 18
(686, 1105)(704, 1105) - 18
(686, 1106)(704, 1106) - 18
(686, 1107)(704, 1107) - 18
(686, 1108)(704, 1108) - 18
(686, 1109)(704, 1109) - 18
(686, 1110)(704, 1110) - 18
(686, 1111)(704, 1111) - 18
(686, 1112)(704, 1112) - 18
(686, 1113)(704, 1113) - 18
(687, 1114)(704, 1114) - 17
(687, 1115)(704, 1115) - 17
(686, 1116)(704, 1116) - 18
(686, 1117)(704, 1117) - 18
(686, 1118)(704, 1118) - 18
(687, 1119)(704, 1119) - 17
(687, 1120)(704, 1120) - 17
(687, 1121)(704, 1121) - 17
(687, 1122)(704, 1122) - 17
(687, 1123)(704, 1123) - 17
(687, 1124)(704, 1124) - 17
(687, 1125)(704, 1125) - 17
(687, 1126)(704, 1126) - 17
(687, 1127)(704, 1127) - 17
(687, 1128)(704, 1128) - 17
(687, 1129)(704, 1129) - 17
(687, 1130)(704, 1130) - 17
(688, 1131)(704, 1131) - 16
(688, 1132)(704, 1132) - 16
(688, 1133)(704, 1133) - 16
(688, 1134)(704, 1134) - 16
(688, 1135)(704, 1135) - 16
(688, 1136)(704, 1136) - 16
(688, 1137)(704, 1137) - 16
(688, 1138)(704, 1138) - 16
(688, 1139)(704, 1139) - 16
(687, 1140)(702, 1140) - 15
(688, 1141)(704, 1141) - 16
(687, 1142)(704, 1142) - 17
(687, 1143)(704, 1143) - 17
(687, 1144)(704, 1144) - 17
(687, 1145)(704, 1145) - 17
(687, 1146)(704, 1146) - 17
(687, 1147)(704, 1147) - 17
(687, 1148)(704, 1148) - 17
(687, 1149)(704, 1149) - 17
(687, 1150)(704, 1150) - 17
(687, 1151)(704, 1151) - 17
(687, 1152)(704, 1152) - 17
(687, 1153)(704, 1153) - 17
(687, 1154)(704, 1154) - 17
(687, 1155)(704, 1155) - 17
(687, 1156)(704, 1156) - 17
(687, 1157)(704, 1157) - 17
(687, 1158)(704, 1158) - 17
(687, 1159)(704, 1159) - 17
(687, 1160)(704, 1160) - 17
(687, 1161)(704, 1161) - 17
(687, 1162)(704, 1162) - 17
(687, 1163)(704, 1163) - 17
(687, 1164)(704, 1164) - 17
(687, 1165)(704, 1165) - 17
(687, 1166)(704, 1166) - 17
(687, 1167)(704, 1167) - 17
(687, 1168)(704, 1168) - 17
(687, 1169)(704, 1169) - 17
(687, 1170)(704, 1170) - 17
(687, 1171)(704, 1171) - 17
(687, 1172)(704, 1172) - 17
(687, 1173)(704, 1173) - 17
(687, 1174)(704, 1174) - 17
(687, 1175)(704, 1175) - 17
(687, 1176)(704, 1176) - 17
(687, 1177)(704, 1177) - 17
(687, 1178)(704, 1178) - 17
(687, 1179)(704, 1179) - 17
(687, 1180)(704, 1180) - 17
(687, 1181)(704, 1181) - 17
(687, 1182)(704, 1182) - 17
(687, 1183)(704, 1183) - 17
(687, 1184)(704, 1184) - 17
(687, 1185)(704, 1185) - 17
(688, 1186)(704, 1186) - 16
(688, 1187)(704, 1187) - 16
(688, 1188)(704, 1188) - 16
(688, 1189)(704, 1189) - 16
(689, 1190)(704, 1190) - 15
(689, 1191)(704, 1191) - 15
(689, 1192)(704, 1192) - 15
(689, 1193)(704, 1193) - 15
(689, 1194)(704, 1194) - 15
(689, 1195)(704, 1195) - 15
(689, 1196)(704, 1196) - 15
(689, 1197)(704, 1197) - 15
(689, 1198)(704, 1198) - 15
(689, 1199)(704, 1199) - 15
(689, 1200)(704, 1200) - 15
(689, 1201)(704, 1201) - 15
(688, 1202)(704, 1202) - 16
(688, 1203)(704, 1203) - 16
(688, 1204)(704, 1204) - 16
(688, 1205)(704, 1205) - 16
(688, 1206)(704, 1206) - 16
(688, 1207)(704, 1207) - 16
(688, 1208)(704, 1208) - 16
(689, 1209)(704, 1209) - 15
(689, 1210)(704, 1210) - 15
(689, 1211)(704, 1211) - 15
(689, 1212)(704, 1212) - 15
(689, 1213)(704, 1213) - 15
(690, 1214)(704, 1214) - 14
(690, 1215)(704, 1215) - 14
(690, 1216)(704, 1216) - 14
(690, 1217)(704, 1217) - 14
(691, 1218)(704, 1218) - 13
(691, 1219)(704, 1219) - 13
(690, 1220)(704, 1220) - 14
(690, 1221)(704, 1221) - 14
(691, 1222)(704, 1222) - 13
(691, 1223)(704, 1223) - 13
(691, 1224)(704, 1224) - 13
(691, 1225)(704, 1225) - 13
(691, 1226)(704, 1226) - 13
(691, 1227)(704, 1227) - 13
(691, 1228)(704, 1228) - 13
(691, 1229)(704, 1229) - 13
(691, 1230)(705, 1230) - 14
(691, 1231)(705, 1231) - 14
(690, 1232)(704, 1232) - 14
(691, 1233)(704, 1233) - 13
(691, 1234)(704, 1234) - 13
(691, 1235)(704, 1235) - 13
(691, 1236)(704, 1236) - 13
(690, 1237)(704, 1237) - 14
(690, 1238)(704, 1238) - 14
(690, 1239)(704, 1239) - 14
(690, 1240)(704, 1240) - 14
(690, 1241)(704, 1241) - 14
(690, 1242)(704, 1242) - 14
(690, 1243)(704, 1243) - 14
(690, 1244)(704, 1244) - 14
(690, 1245)(704, 1245) - 14
(690, 1246)(704, 1246) - 14
(690, 1247)(704, 1247) - 14
(690, 1248)(704, 1248) - 14
(690, 1249)(704, 1249) - 14
(690, 1250)(704, 1250) - 14
(690, 1251)(704, 1251) - 14
(690, 1252)(704, 1252) - 14
(690, 1253)(704, 1253) - 14
(690, 1254)(704, 1254) - 14
(690, 1255)(704, 1255) - 14
(690, 1256)(704, 1256) - 14
(690, 1257)(704, 1257) - 14
(690, 1258)(704, 1258) - 14
(690, 1259)(704, 1259) - 14
(690, 1260)(704, 1260) - 14
(690, 1261)(704, 1261) - 14
(690, 1262)(704, 1262) - 14
(690, 1263)(704, 1263) - 14
(690, 1264)(704, 1264) - 14
(690, 1265)(704, 1265) - 14
(690, 1266)(704, 1266) - 14
(690, 1267)(704, 1267) - 14
(690, 1268)(704, 1268) - 14
(690, 1269)(704, 1269) - 14
(690, 1270)(704, 1270) - 14
(690, 1271)(704, 1271) - 14
(690, 1272)(704, 1272) - 14
(690, 1273)(704, 1273) - 14
(690, 1274)(704, 1274) - 14
(690, 1275)(704, 1275) - 14
(690, 1276)(704, 1276) - 14
(690, 1277)(704, 1277) - 14
(690, 1278)(704, 1278) - 14
(690, 1279)(704, 1279) - 14
(690, 1280)(704, 1280) - 14
(690, 1281)(704, 1281) - 14
(690, 1282)(704, 1282) - 14
(690, 1283)(704, 1283) - 14
(690, 1284)(704, 1284) - 14
(690, 1285)(704, 1285) - 14
(691, 1286)(704, 1286) - 13
(691, 1287)(704, 1287) - 13
(691, 1288)(704, 1288) - 13
(691, 1289)(704, 1289) - 13
(690, 1290)(704, 1290) - 14
(690, 1291)(704, 1291) - 14
(690, 1292)(704, 1292) - 14
(690, 1293)(704, 1293) - 14
(690, 1294)(704, 1294) - 14
(690, 1295)(704, 1295) - 14
(690, 1296)(704, 1296) - 14
(690, 1297)(704, 1297) - 14
(691, 1298)(704, 1298) - 13
(690, 1299)(704, 1299) - 14
(690, 1300)(704, 1300) - 14
(690, 1301)(704, 1301) - 14
(690, 1302)(704, 1302) - 14
(690, 1303)(704, 1303) - 14
(691, 1304)(704, 1304) - 13
(691, 1305)(704, 1305) - 13
(690, 1306)(704, 1306) - 14
(690, 1307)(704, 1307) - 14
(690, 1308)(704, 1308) - 14
(690, 1309)(704, 1309) - 14
(690, 1310)(704, 1310) - 14
(690, 1311)(704, 1311) - 14
(690, 1312)(704, 1312) - 14
(690, 1313)(704, 1313) - 14
(690, 1314)(704, 1314) - 14
(690, 1315)(704, 1315) - 14
(691, 1316)(704, 1316) - 13
(690, 1317)(704, 1317) - 14
(690, 1318)(704, 1318) - 14
(690, 1319)(704, 1319) - 14
(690, 1320)(704, 1320) - 14
(691, 1321)(704, 1321) - 13
(690, 1322)(704, 1322) - 14
(690, 1323)(703, 1323) - 13
(690, 1324)(704, 1324) - 14
(690, 1325)(704, 1325) - 14
(690, 1326)(704, 1326) - 14
(690, 1327)(704, 1327) - 14
(690, 1328)(704, 1328) - 14
(690, 1329)(704, 1329) - 14
(690, 1330)(704, 1330) - 14
(690, 1331)(704, 1331) - 14
(690, 1332)(704, 1332) - 14
(690, 1333)(704, 1333) - 14
(690, 1334)(704, 1334) - 14
(690, 1335)(704, 1335) - 14
(690, 1336)(704, 1336) - 14
(690, 1337)(704, 1337) - 14
(690, 1338)(704, 1338) - 14
(690, 1339)(704, 1339) - 14
(690, 1340)(704, 1340) - 14
(690, 1341)(704, 1341) - 14
(690, 1342)(704, 1342) - 14
(690, 1343)(704, 1343) - 14
(690, 1344)(704, 1344) - 14
(690, 1345)(704, 1345) - 14
(690, 1346)(704, 1346) - 14
(690, 1347)(704, 1347) - 14
(690, 1348)(704, 1348) - 14
(690, 1349)(704, 1349) - 14
(690, 1350)(704, 1350) - 14
(690, 1351)(704, 1351) - 14
(690, 1352)(704, 1352) - 14
(690, 1353)(704, 1353) - 14
(690, 1354)(704, 1354) - 14
(690, 1355)(704, 1355) - 14
(690, 1356)(704, 1356) - 14
(690, 1357)(704, 1357) - 14
(690, 1358)(704, 1358) - 14
(690, 1359)(704, 1359) - 14
(690, 1360)(704, 1360) - 14
(690, 1361)(704, 1361) - 14
(690, 1362)(704, 1362) - 14
(690, 1363)(704, 1363) - 14
(690, 1364)(704, 1364) - 14
(690, 1365)(704, 1365) - 14
(690, 1366)(704, 1366) - 14
(690, 1367)(704, 1367) - 14
(690, 1368)(704, 1368) - 14
(690, 1369)(704, 1369) - 14
(690, 1370)(704, 1370) - 14
(690, 1371)(704, 1371) - 14
(690, 1372)(704, 1372) - 14
(690, 1373)(704, 1373) - 14
(690, 1374)(704, 1374) - 14
(690, 1375)(704, 1375) - 14
(690, 1376)(704, 1376) - 14
(690, 1377)(704, 1377) - 14
(690, 1378)(704, 1378) - 14
(691, 1379)(704, 1379) - 13
(691, 1380)(704, 1380) - 13
(690, 1381)(704, 1381) - 14
(690, 1382)(704, 1382) - 14
(690, 1383)(704, 1383) - 14
(690, 1384)(704, 1384) - 14
(690, 1385)(704, 1385) - 14
(690, 1386)(704, 1386) - 14
(690, 1387)(704, 1387) - 14
(690, 1388)(704, 1388) - 14
(690, 1389)(704, 1389) - 14
(690, 1390)(704, 1390) - 14
(690, 1391)(704, 1391) - 14
(690, 1392)(704, 1392) - 14
(690, 1393)(704, 1393) - 14
(690, 1394)(704, 1394) - 14
(690, 1395)(704, 1395) - 14
(690, 1396)(704, 1396) - 14
(690, 1397)(704, 1397) - 14
(690, 1398)(704, 1398) - 14
(690, 1399)(704, 1399) - 14
(690, 1400)(704, 1400) - 14
(690, 1401)(704, 1401) - 14
(690, 1402)(704, 1402) - 14
(690, 1403)(704, 1403) - 14
(690, 1404)(704, 1404) - 14
(690, 1405)(704, 1405) - 14
(690, 1406)(704, 1406) - 14
(690, 1407)(704, 1407) - 14
(690, 1408)(704, 1408) - 14
(690, 1409)(704, 1409) - 14
(690, 1410)(704, 1410) - 14
(690, 1411)(704, 1411) - 14
(691, 1412)(704, 1412) - 13
(691, 1413)(704, 1413) - 13
(690, 1415)(704, 1415) - 14
(690, 1416)(704, 1416) - 14
(690, 1417)(704, 1417) - 14
(690, 1418)(704, 1418) - 14
(690, 1419)(704, 1419) - 14
(690, 1420)(704, 1420) - 14
(690, 1421)(704, 1421) - 14
(691, 1422)(704, 1422) - 13
(691, 1423)(704, 1423) - 13
(691, 1424)(704, 1424) - 13
(691, 1425)(704, 1425) - 13
(691, 1426)(704, 1426) - 13
(691, 1427)(704, 1427) - 13
(691, 1428)(704, 1428) - 13
(691, 1429)(704, 1429) - 13
(691, 1430)(704, 1430) - 13
(691, 1431)(704, 1431) - 13
(691, 1432)(704, 1432) - 13
(691, 1433)(704, 1433) - 13
(691, 1434)(704, 1434) - 13
(691, 1435)(704, 1435) - 13
(691, 1436)(704, 1436) - 13
(691, 1437)(704, 1437) - 13
(691, 1438)(704, 1438) - 13
(691, 1439)(704, 1439) - 13
(691, 1440)(704, 1440) - 13
(691, 1441)(704, 1441) - 13
(691, 1442)(704, 1442) - 13
(691, 1443)(704, 1443) - 13
(691, 1444)(704, 1444) - 13
(691, 1445)(704, 1445) - 13
(691, 1446)(704, 1446) - 13
(691, 1447)(704, 1447) - 13
(691, 1448)(704, 1448) - 13
(691, 1449)(704, 1449) - 13
(691, 1450)(704, 1450) - 13
(691, 1451)(704, 1451) - 13
(691, 1452)(704, 1452) - 13
(691, 1453)(704, 1453) - 13
(691, 1454)(704, 1454) - 13
(691, 1455)(704, 1455) - 13
(691, 1456)(704, 1456) - 13
(691, 1457)(704, 1457) - 13
(691, 1458)(704, 1458) - 13
(691, 1459)(704, 1459) - 13
(691, 1460)(704, 1460) - 13
(691, 1461)(704, 1461) - 13
(691, 1462)(704, 1462) - 13
(691, 1463)(704, 1463) - 13
(691, 1464)(704, 1464) - 13
(691, 1465)(704, 1465) - 13
(691, 1466)(704, 1466) - 13
(691, 1467)(704, 1467) - 13
(691, 1468)(704, 1468) - 13
(691, 1469)(704, 1469) - 13
(691, 1470)(704, 1470) - 13
(691, 1471)(704, 1471) - 13
(691, 1472)(704, 1472) - 13
(691, 1473)(704, 1473) - 13
(691, 1474)(704, 1474) - 13
(691, 1475)(704, 1475) - 13
(691, 1476)(704, 1476) - 13
(689, 1477)(704, 1477) - 15
(689, 1478)(704, 1478) - 15
(689, 1479)(704, 1479) - 15
(691, 1480)(704, 1480) - 13
(691, 1481)(704, 1481) - 13
(690, 1482)(704, 1482) - 14
(690, 1483)(704, 1483) - 14
(691, 1484)(704, 1484) - 13
(691, 1485)(704, 1485) - 13
(691, 1486)(704, 1486) - 13
(690, 1487)(704, 1487) - 14
(690, 1488)(704, 1488) - 14
(690, 1489)(704, 1489) - 14
(690, 1490)(704, 1490) - 14
(690, 1491)(704, 1491) - 14
(690, 1492)(704, 1492) - 14
(690, 1493)(704, 1493) - 14
(690, 1494)(704, 1494) - 14
(690, 1495)(704, 1495) - 14
(690, 1496)(704, 1496) - 14
(690, 1497)(704, 1497) - 14
(690, 1498)(704, 1498) - 14
(690, 1499)(704, 1499) - 14
(690, 1500)(704, 1500) - 14
(690, 1501)(704, 1501) - 14
(690, 1502)(704, 1502) - 14
(689, 1503)(704, 1503) - 15
(689, 1504)(704, 1504) - 15
(689, 1505)(704, 1505) - 15
(689, 1506)(703, 1506) - 14
(689, 1507)(704, 1507) - 15
(689, 1508)(704, 1508) - 15
(689, 1509)(704, 1509) - 15
(689, 1510)(704, 1510) - 15
(689, 1511)(704, 1511) - 15
(689, 1512)(704, 1512) - 15
(689, 1513)(704, 1513) - 15
(689, 1514)(704, 1514) - 15
(689, 1515)(704, 1515) - 15
(689, 1516)(704, 1516) - 15
(690, 1517)(704, 1517) - 14
(690, 1518)(704, 1518) - 14
(690, 1519)(704, 1519) - 14
(690, 1520)(703, 1520) - 13
(690, 1521)(704, 1521) - 14
(690, 1522)(704, 1522) - 14
(690, 1523)(704, 1523) - 14
(690, 1524)(704, 1524) - 14
(690, 1525)(704, 1525) - 14
(690, 1526)(704, 1526) - 14
(690, 1527)(704, 1527) - 14
(690, 1528)(704, 1528) - 14
(690, 1529)(704, 1529) - 14
(690, 1530)(704, 1530) - 14
(690, 1531)(704, 1531) - 14
(690, 1532)(704, 1532) - 14
(690, 1533)(704, 1533) - 14
(690, 1534)(704, 1534) - 14
(690, 1535)(704, 1535) - 14
(690, 1536)(704, 1536) - 14
(690, 1537)(704, 1537) - 14
(690, 1538)(704, 1538) - 14
(690, 1539)(704, 1539) - 14
(690, 1540)(704, 1540) - 14
(690, 1541)(704, 1541) - 14
(690, 1542)(704, 1542) - 14
(690, 1543)(704, 1543) - 14
(690, 1544)(704, 1544) - 14
(690, 1545)(704, 1545) - 14
(690, 1546)(704, 1546) - 14
(690, 1547)(704, 1547) - 14
(690, 1548)(704, 1548) - 14
(690, 1549)(704, 1549) - 14
(690, 1550)(704, 1550) - 14
(691, 1551)(704, 1551) - 13
(691, 1552)(704, 1552) - 13
(690, 1553)(704, 1553) - 14
(690, 1554)(704, 1554) - 14
(691, 1555)(704, 1555) - 13
(691, 1556)(704, 1556) - 13
(691, 1557)(704, 1557) - 13
(691, 1558)(704, 1558) - 13
(691, 1559)(704, 1559) - 13
(691, 1560)(704, 1560) - 13
(691, 1561)(704, 1561) - 13
(691, 1562)(704, 1562) - 13
(691, 1563)(704, 1563) - 13
(691, 1564)(704, 1564) - 13
(691, 1565)(704, 1565) - 13
(691, 1566)(704, 1566) - 13
(691, 1567)(704, 1567) - 13
(691, 1568)(704, 1568) - 13
(691, 1569)(704, 1569) - 13
(691, 1570)(704, 1570) - 13
(691, 1571)(704, 1571) - 13
(691, 1572)(704, 1572) - 13
(691, 1573)(704, 1573) - 13
(691, 1574)(704, 1574) - 13
(691, 1575)(704, 1575) - 13
(691, 1576)(704, 1576) - 13
(691, 1577)(704, 1577) - 13
(691, 1578)(704, 1578) - 13
(692, 1579)(704, 1579) - 12
(692, 1580)(704, 1580) - 12
(692, 1581)(704, 1581) - 12
(692, 1582)(704, 1582) - 12
(692, 1583)(704, 1583) - 12
(692, 1584)(704, 1584) - 12
(692, 1585)(704, 1585) - 12
(692, 1586)(704, 1586) - 12
(692, 1587)(704, 1587) - 12
(692, 1588)(704, 1588) - 12
(692, 1589)(704, 1589) - 12
(692, 1590)(704, 1590) - 12
(692, 1591)(704, 1591) - 12
(692, 1592)(704, 1592) - 12
(692, 1593)(704, 1593) - 12
(692, 1594)(704, 1594) - 12
(691, 1595)(704, 1595) - 13
(691, 1596)(705, 1596) - 14
(692, 1597)(702, 1597) - 10
(691, 1598)(704, 1598) - 13
(692, 1599)(704, 1599) - 12
(692, 1600)(703, 1600) - 11
(692, 1601)(703, 1601) - 11
(692, 1602)(703, 1602) - 11
(692, 1603)(703, 1603) - 11
(692, 1604)(703, 1604) - 11
(692, 1605)(704, 1605) - 12
(692, 1606)(704, 1606) - 12
(692, 1607)(704, 1607) - 12
(691, 1608)(703, 1608) - 12
(691, 1609)(703, 1609) - 12
(691, 1610)(703, 1610) - 12
(691, 1611)(704, 1611) - 13
(691, 1612)(704, 1612) - 13
(691, 1613)(704, 1613) - 13
(691, 1614)(704, 1614) - 13
(691, 1615)(704, 1615) - 13
(691, 1616)(704, 1616) - 13
(690, 1617)(704, 1617) - 14
(690, 1618)(704, 1618) - 14
(690, 1619)(704, 1619) - 14
(691, 1620)(704, 1620) - 13
(691, 1621)(704, 1621) - 13
(690, 1622)(704, 1622) - 14
(690, 1623)(704, 1623) - 14
(690, 1624)(704, 1624) - 14
(690, 1625)(704, 1625) - 14
(690, 1626)(704, 1626) - 14
(690, 1627)(704, 1627) - 14
(690, 1628)(704, 1628) - 14
(690, 1629)(704, 1629) - 14
(690, 1630)(704, 1630) - 14
(690, 1631)(704, 1631) - 14
(690, 1632)(704, 1632) - 14
(689, 1633)(704, 1633) - 15
(689, 1634)(704, 1634) - 15
(689, 1635)(704, 1635) - 15
(689, 1636)(704, 1636) - 15
(689, 1637)(704, 1637) - 15
(689, 1638)(704, 1638) - 15
(689, 1639)(704, 1639) - 15
(689, 1640)(704, 1640) - 15
(689, 1641)(704, 1641) - 15
(689, 1642)(704, 1642) - 15
(689, 1643)(704, 1643) - 15
(689, 1644)(704, 1644) - 15
(689, 1645)(704, 1645) - 15
(689, 1646)(704, 1646) - 15
(689, 1647)(704, 1647) - 15
(689, 1648)(704, 1648) - 15
(689, 1649)(704, 1649) - 15
(689, 1650)(704, 1650) - 15
(689, 1651)(704, 1651) - 15
(689, 1652)(704, 1652) - 15
(689, 1653)(704, 1653) - 15
(689, 1654)(704, 1654) - 15
(688, 1655)(704, 1655) - 16
(688, 1656)(704, 1656) - 16
(688, 1657)(704, 1657) - 16
(688, 1658)(704, 1658) - 16
(688, 1659)(704, 1659) - 16
(688, 1660)(704, 1660) - 16
(688, 1661)(704, 1661) - 16
(688, 1662)(704, 1662) - 16
(688, 1663)(704, 1663) - 16
(688, 1664)(704, 1664) - 16
(688, 1665)(704, 1665) - 16
(688, 1666)(704, 1666) - 16
(688, 1667)(704, 1667) - 16
(688, 1668)(704, 1668) - 16
(688, 1669)(704, 1669) - 16
(689, 1670)(704, 1670) - 15
(689, 1671)(704, 1671) - 15
(689, 1672)(704, 1672) - 15
(689, 1673)(704, 1673) - 15
(688, 1674)(704, 1674) - 16
(688, 1675)(704, 1675) - 16
(688, 1676)(704, 1676) - 16
(689, 1677)(704, 1677) - 15
(689, 1678)(704, 1678) - 15
(690, 1679)(704, 1679) - 14
(689, 1680)(704, 1680) - 15
(690, 1681)(705, 1681) - 15
(689, 1682)(704, 1682) - 15
(688, 1683)(704, 1683) - 16
(688, 1684)(705, 1684) - 17
(688, 1685)(704, 1685) - 16
(688, 1686)(704, 1686) - 16
(688, 1687)(704, 1687) - 16
(688, 1688)(704, 1688) - 16
(688, 1689)(704, 1689) - 16
(688, 1690)(702, 1690) - 14
(688, 1691)(704, 1691) - 16
(688, 1692)(704, 1692) - 16
(689, 1693)(704, 1693) - 15
(689, 1694)(704, 1694) - 15
(689, 1695)(704, 1695) - 15
(689, 1696)(704, 1696) - 15
(689, 1697)(704, 1697) - 15
(689, 1698)(704, 1698) - 15
(689, 1699)(704, 1699) - 15
(689, 1700)(704, 1700) - 15
(689, 1701)(704, 1701) - 15
(689, 1702)(704, 1702) - 15
(690, 1703)(704, 1703) - 14
(690, 1704)(704, 1704) - 14
(690, 1705)(704, 1705) - 14
(690, 1706)(704, 1706) - 14
(690, 1707)(704, 1707) - 14
(690, 1708)(704, 1708) - 14
(690, 1709)(704, 1709) - 14
(690, 1710)(704, 1710) - 14
(690, 1711)(704, 1711) - 14
(690, 1712)(704, 1712) - 14
(690, 1713)(704, 1713) - 14
(690, 1714)(704, 1714) - 14
(690, 1715)(704, 1715) - 14
(690, 1716)(704, 1716) - 14
(690, 1717)(704, 1717) - 14
(690, 1718)(704, 1718) - 14
(690, 1719)(704, 1719) - 14
(690, 1720)(704, 1720) - 14
(690, 1721)(704, 1721) - 14
(690, 1722)(704, 1722) - 14
(690, 1723)(704, 1723) - 14
(690, 1724)(704, 1724) - 14
(690, 1725)(704, 1725) - 14
(690, 1726)(704, 1726) - 14
(690, 1727)(704, 1727) - 14
(690, 1728)(704, 1728) - 14
(690, 1729)(704, 1729) - 14
(690, 1730)(704, 1730) - 14
(690, 1731)(704, 1731) - 14
(689, 1732)(704, 1732) - 15
(689, 1733)(704, 1733) - 15
(689, 1734)(704, 1734) - 15
(689, 1735)(704, 1735) - 15
(689, 1736)(704, 1736) - 15
(689, 1737)(704, 1737) - 15
(689, 1738)(704, 1738) - 15
(689, 1739)(704, 1739) - 15
(689, 1740)(704, 1740) - 15
(689, 1741)(704, 1741) - 15
(689, 1742)(704, 1742) - 15
(689, 1743)(704, 1743) - 15
(689, 1744)(704, 1744) - 15
(689, 1745)(704, 1745) - 15
(689, 1746)(704, 1746) - 15
(689, 1747)(704, 1747) - 15
(689, 1748)(704, 1748) - 15
(689, 1749)(704, 1749) - 15
(689, 1750)(704, 1750) - 15
(689, 1751)(704, 1751) - 15
(689, 1752)(704, 1752) - 15
(689, 1753)(704, 1753) - 15
(689, 1754)(704, 1754) - 15
(689, 1755)(704, 1755) - 15
(690, 1756)(704, 1756) - 14
(690, 1757)(704, 1757) - 14
(689, 1758)(704, 1758) - 15
(689, 1759)(704, 1759) - 15
(689, 1760)(704, 1760) - 15
(689, 1761)(704, 1761) - 15
(689, 1762)(704, 1762) - 15
(689, 1763)(704, 1763) - 15
(689, 1764)(704, 1764) - 15
(689, 1765)(704, 1765) - 15
(689, 1766)(704, 1766) - 15
(689, 1767)(704, 1767) - 15
(689, 1768)(704, 1768) - 15
(689, 1769)(704, 1769) - 15
(689, 1770)(704, 1770) - 15
(689, 1771)(704, 1771) - 15
(689, 1772)(704, 1772) - 15
(689, 1773)(704, 1773) - 15
(689, 1774)(704, 1774) - 15
(690, 1775)(704, 1775) - 14
(690, 1776)(704, 1776) - 14
(690, 1777)(704, 1777) - 14
(689, 1778)(704, 1778) - 15
(689, 1779)(704, 1779) - 15
(690, 1780)(704, 1780) - 14
(690, 1781)(704, 1781) - 14
(689, 1782)(703, 1782) - 14
(690, 1783)(704, 1783) - 14
(690, 1784)(704, 1784) - 14
(690, 1785)(704, 1785) - 14
(690, 1786)(704, 1786) - 14
(690, 1787)(703, 1787) - 13
(690, 1788)(704, 1788) - 14
(691, 1789)(703, 1789) - 12
(691, 1790)(704, 1790) - 13
(690, 1791)(704, 1791) - 14
(690, 1792)(704, 1792) - 14
(690, 1793)(704, 1793) - 14
(690, 1794)(704, 1794) - 14
(690, 1795)(704, 1795) - 14
(690, 1796)(704, 1796) - 14
(691, 1797)(703, 1797) - 12
(690, 1798)(704, 1798) - 14
(690, 1799)(704, 1799) - 14
(690, 1800)(704, 1800) - 14
(690, 1801)(704, 1801) - 14
(690, 1802)(704, 1802) - 14
(690, 1803)(704, 1803) - 14
(690, 1804)(704, 1804) - 14
(690, 1805)(704, 1805) - 14
(690, 1806)(704, 1806) - 14
(690, 1807)(704, 1807) - 14
(690, 1808)(704, 1808) - 14
(690, 1809)(704, 1809) - 14
(690, 1810)(703, 1810) - 13
(689, 1811)(703, 1811) - 14
(689, 1812)(704, 1812) - 15
(689, 1813)(704, 1813) - 15
(689, 1814)(703, 1814) - 14
(689, 1815)(703, 1815) - 14
(689, 1816)(703, 1816) - 14
(689, 1817)(703, 1817) - 14
(689, 1818)(703, 1818) - 14
(689, 1819)(703, 1819) - 14
(689, 1820)(703, 1820) - 14
(689, 1821)(703, 1821) - 14
(689, 1822)(703, 1822) - 14
(689, 1823)(703, 1823) - 14
(689, 1824)(703, 1824) - 14
(689, 1825)(703, 1825) - 14
(689, 1826)(703, 1826) - 14
(689, 1827)(703, 1827) - 14
(689, 1828)(703, 1828) - 14
(689, 1829)(703, 1829) - 14
(689, 1830)(703, 1830) - 14
(688, 1831)(703, 1831) - 15
(688, 1832)(703, 1832) - 15
(688, 1833)(703, 1833) - 15
(689, 1834)(703, 1834) - 14
(689, 1835)(703, 1835) - 14
(688, 1836)(703, 1836) - 15
(688, 1837)(703, 1837) - 15
(688, 1838)(703, 1838) - 15
(688, 1839)(703, 1839) - 15
(688, 1840)(703, 1840) - 15
(688, 1841)(703, 1841) - 15
(688, 1842)(703, 1842) - 15
(688, 1843)(703, 1843) - 15
(688, 1844)(703, 1844) - 15
(688, 1845)(703, 1845) - 15
(688, 1846)(703, 1846) - 15
(688, 1847)(703, 1847) - 15
(688, 1848)(703, 1848) - 15
(688, 1849)(703, 1849) - 15
(689, 1850)(703, 1850) - 14
(689, 1851)(703, 1851) - 14
(689, 1852)(703, 1852) - 14
(689, 1853)(703, 1853) - 14
(689, 1854)(703, 1854) - 14
(689, 1855)(703, 1855) - 14
(689, 1856)(703, 1856) - 14
(689, 1857)(703, 1857) - 14
(689, 1858)(703, 1858) - 14
(689, 1859)(703, 1859) - 14
(689, 1860)(703, 1860) - 14
(689, 1861)(703, 1861) - 14
(689, 1862)(703, 1862) - 14
(689, 1863)(703, 1863) - 14
(689, 1864)(703, 1864) - 14
(689, 1865)(703, 1865) - 14
(689, 1866)(703, 1866) - 14
(689, 1867)(703, 1867) - 14
(689, 1868)(703, 1868) - 14
(689, 1869)(703, 1869) - 14
(689, 1870)(703, 1870) - 14
(689, 1871)(704, 1871) - 15
(689, 1873)(703, 1873) - 14
(689, 1874)(703, 1874) - 14
(688, 1875)(703, 1875) - 15
(689, 1876)(703, 1876) - 14
(689, 1877)(703, 1877) - 14
(688, 1878)(703, 1878) - 15
(689, 1879)(703, 1879) - 14
(689, 1880)(703, 1880) - 14
(689, 1881)(703, 1881) - 14
(689, 1882)(703, 1882) - 14
(689, 1883)(703, 1883) - 14
(689, 1884)(703, 1884) - 14
(689, 1885)(703, 1885) - 14
(689, 1886)(703, 1886) - 14
(689, 1887)(703, 1887) - 14
(689, 1888)(703, 1888) - 14
(689, 1889)(703, 1889) - 14
(689, 1890)(703, 1890) - 14
(689, 1891)(703, 1891) - 14
(689, 1892)(703, 1892) - 14
(689, 1893)(703, 1893) - 14
(689, 1894)(703, 1894) - 14
(689, 1895)(703, 1895) - 14
(689, 1896)(703, 1896) - 14
(689, 1897)(703, 1897) - 14
(689, 1898)(703, 1898) - 14
(689, 1899)(703, 1899) - 14
(689, 1900)(703, 1900) - 14
(689, 1901)(703, 1901) - 14
(689, 1902)(703, 1902) - 14
(689, 1903)(703, 1903) - 14
(690, 1904)(703, 1904) - 13
(690, 1905)(703, 1905) - 13
(690, 1906)(703, 1906) - 13
(690, 1907)(703, 1907) - 13
(690, 1908)(703, 1908) - 13
(690, 1909)(703, 1909) - 13
(690, 1910)(703, 1910) - 13
(690, 1911)(703, 1911) - 13
(690, 1912)(703, 1912) - 13
(690, 1913)(703, 1913) - 13
(690, 1914)(703, 1914) - 13
(690, 1915)(703, 1915) - 13
(689, 1916)(703, 1916) - 14
(689, 1917)(703, 1917) - 14
(689, 1918)(703, 1918) - 14
(690, 1919)(703, 1919) - 13
(690, 1920)(703, 1920) - 13
(689, 1921)(703, 1921) - 14
(689, 1922)(703, 1922) - 14
(689, 1923)(703, 1923) - 14
(689, 1924)(703, 1924) - 14
(689, 1925)(703, 1925) - 14
(689, 1926)(703, 1926) - 14
(689, 1927)(703, 1927) - 14
(689, 1928)(703, 1928) - 14
(689, 1929)(703, 1929) - 14
(689, 1930)(703, 1930) - 14
(689, 1931)(703, 1931) - 14
(689, 1932)(703, 1932) - 14
(689, 1933)(703, 1933) - 14
(689, 1934)(703, 1934) - 14
(689, 1935)(703, 1935) - 14
(689, 1936)(703, 1936) - 14
(689, 1937)(703, 1937) - 14
(689, 1938)(703, 1938) - 14
(689, 1939)(703, 1939) - 14
(689, 1940)(703, 1940) - 14
(689, 1941)(703, 1941) - 14
(689, 1942)(703, 1942) - 14
(689, 1943)(703, 1943) - 14
(688, 1944)(703, 1944) - 15
(688, 1945)(703, 1945) - 15
(688, 1946)(703, 1946) - 15
(688, 1947)(703, 1947) - 15
(688, 1948)(703, 1948) - 15
(688, 1949)(703, 1949) - 15
(688, 1950)(703, 1950) - 15
(688, 1951)(703, 1951) - 15
(688, 1952)(703, 1952) - 15
(688, 1953)(703, 1953) - 15
(688, 1954)(703, 1954) - 15
(688, 1955)(703, 1955) - 15
(688, 1956)(703, 1956) - 15
(688, 1957)(703, 1957) - 15
(688, 1958)(703, 1958) - 15
(688, 1959)(703, 1959) - 15
(688, 1960)(703, 1960) - 15
(688, 1961)(703, 1961) - 15
(688, 1962)(703, 1962) - 15
(688, 1963)(703, 1963) - 15
(688, 1965)(703, 1965) - 15
(688, 1966)(703, 1966) - 15
(688, 1967)(703, 1967) - 15
(689, 1968)(703, 1968) - 14
(689, 1969)(703, 1969) - 14
(689, 1970)(703, 1970) - 14
(689, 1971)(703, 1971) - 14
(689, 1972)(703, 1972) - 14
(689, 1973)(703, 1973) - 14
(689, 1974)(703, 1974) - 14
(689, 1975)(703, 1975) - 14
(689, 1976)(703, 1976) - 14
(690, 1977)(703, 1977) - 13
(690, 1978)(702, 1978) - 12
(690, 1979)(702, 1979) - 12
(690, 1980)(703, 1980) - 13
(690, 1981)(703, 1981) - 13
(690, 1982)(703, 1982) - 13
(690, 1983)(703, 1983) - 13
(690, 1984)(703, 1984) - 13
(690, 1985)(703, 1985) - 13
(690, 1986)(703, 1986) - 13
(690, 1987)(703, 1987) - 13
(690, 1988)(703, 1988) - 13
(690, 1989)(703, 1989) - 13
(690, 1990)(703, 1990) - 13
(690, 1991)(703, 1991) - 13
(690, 1992)(702, 1992) - 12
(690, 1993)(702, 1993) - 12
(691, 1994)(702, 1994) - 11
(691, 1995)(702, 1995) - 11
(691, 1996)(702, 1996) - 11
(691, 1997)(702, 1997) - 11
(691, 1998)(702, 1998) - 11
(691, 1999)(702, 1999) - 11
(691, 2000)(702, 2000) - 11
(691, 2001)(702, 2001) - 11
(691, 2002)(702, 2002) - 11
(691, 2003)(702, 2003) - 11
(690, 2004)(702, 2004) - 12
(690, 2005)(702, 2005) - 12
(690, 2006)(702, 2006) - 12
(690, 2007)(702, 2007) - 12
(690, 2008)(702, 2008) - 12
(690, 2009)(702, 2009) - 12
(690, 2010)(702, 2010) - 12
(690, 2011)(702, 2011) - 12
(690, 2012)(702, 2012) - 12
(690, 2013)(702, 2013) - 12
(690, 2014)(702, 2014) - 12
(690, 2015)(702, 2015) - 12
(690, 2016)(702, 2016) - 12
(690, 2017)(702, 2017) - 12
(690, 2018)(702, 2018) - 12
(690, 2019)(702, 2019) - 12
(689, 2020)(702, 2020) - 13
(689, 2021)(702, 2021) - 13
(689, 2022)(702, 2022) - 13
(689, 2023)(702, 2023) - 13
(689, 2024)(702, 2024) - 13
(689, 2025)(702, 2025) - 13
(689, 2026)(702, 2026) - 13
(689, 2027)(702, 2027) - 13
(689, 2028)(702, 2028) - 13
(689, 2029)(702, 2029) - 13
(689, 2030)(702, 2030) - 13
(689, 2031)(702, 2031) - 13
(689, 2032)(702, 2032) - 13
(689, 2033)(702, 2033) - 13
(689, 2034)(702, 2034) - 13
(689, 2035)(702, 2035) - 13
(689, 2036)(702, 2036) - 13
(689, 2037)(702, 2037) - 13
(689, 2038)(702, 2038) - 13
(689, 2039)(702, 2039) - 13
(689, 2040)(702, 2040) - 13
(689, 2041)(702, 2041) - 13
(689, 2042)(702, 2042) - 13
(689, 2043)(702, 2043) - 13
(689, 2044)(702, 2044) - 13
(689, 2045)(702, 2045) - 13
(690, 2046)(702, 2046) - 12
(690, 2047)(702, 2047) - 12
(690, 2048)(702, 2048) - 12
(690, 2049)(702, 2049) - 12
(690, 2050)(702, 2050) - 12
(690, 2051)(702, 2051) - 12
(689, 2052)(702, 2052) - 13
(689, 2053)(701, 2053) - 12
(689, 2055)(702, 2055) - 13
(689, 2056)(702, 2056) - 13
(689, 2057)(702, 2057) - 13
(689, 2058)(702, 2058) - 13
(689, 2059)(702, 2059) - 13
(689, 2060)(702, 2060) - 13
(689, 2061)(702, 2061) - 13
(689, 2062)(702, 2062) - 13
(689, 2063)(702, 2063) - 13
(689, 2064)(702, 2064) - 13
(689, 2065)(702, 2065) - 13
(689, 2066)(702, 2066) - 13
(689, 2067)(702, 2067) - 13
(689, 2068)(701, 2068) - 12
(690, 2069)(702, 2069) - 12
(690, 2070)(702, 2070) - 12
(689, 2071)(702, 2071) - 13
(689, 2072)(702, 2072) - 13
(689, 2073)(702, 2073) - 13
(689, 2074)(701, 2074) - 12
(689, 2075)(701, 2075) - 12
(689, 2076)(701, 2076) - 12
(689, 2077)(701, 2077) - 12
(689, 2078)(701, 2078) - 12
(689, 2079)(701, 2079) - 12
(689, 2080)(702, 2080) - 13
(688, 2081)(702, 2081) - 14
(688, 2082)(701, 2082) - 13
(688, 2083)(702, 2083) - 14
(688, 2084)(702, 2084) - 14
(688, 2085)(701, 2085) - 13
(688, 2086)(701, 2086) - 13
(688, 2087)(701, 2087) - 13
(688, 2088)(702, 2088) - 14
(687, 2089)(702, 2089) - 15
(687, 2090)(701, 2090) - 14
(687, 2091)(701, 2091) - 14
(687, 2092)(701, 2092) - 14
(687, 2093)(701, 2093) - 14
(687, 2094)(701, 2094) - 14
(687, 2095)(701, 2095) - 14
(687, 2096)(701, 2096) - 14
(687, 2097)(701, 2097) - 14
(687, 2098)(701, 2098) - 14
(686, 2099)(701, 2099) - 15
(686, 2100)(701, 2100) - 15
(686, 2101)(701, 2101) - 15
(686, 2102)(701, 2102) - 15
(686, 2103)(701, 2103) - 15
(686, 2104)(701, 2104) - 15
(686, 2105)(701, 2105) - 15
(686, 2106)(701, 2106) - 15
(686, 2107)(701, 2107) - 15
(686, 2108)(701, 2108) - 15
(686, 2109)(701, 2109) - 15
(687, 2110)(701, 2110) - 14
(687, 2111)(701, 2111) - 14
(687, 2112)(701, 2112) - 14
(687, 2113)(701, 2113) - 14
(687, 2114)(701, 2114) - 14
(687, 2115)(701, 2115) - 14
(687, 2116)(701, 2116) - 14
(687, 2117)(701, 2117) - 14
(687, 2118)(701, 2118) - 14
(687, 2119)(701, 2119) - 14
(687, 2120)(701, 2120) - 14
(687, 2121)(701, 2121) - 14
(687, 2122)(701, 2122) - 14
(687, 2123)(701, 2123) - 14
(686, 2124)(701, 2124) - 15
(687, 2125)(701, 2125) - 14
(687, 2126)(701, 2126) - 14
(686, 2127)(701, 2127) - 15
(686, 2128)(701, 2128) - 15
(686, 2129)(701, 2129) - 15
(687, 2130)(701, 2130) - 14
(686, 2131)(701, 2131) - 15
(686, 2132)(701, 2132) - 15
(686, 2133)(701, 2133) - 15
(686, 2134)(701, 2134) - 15
(686, 2135)(701, 2135) - 15
(686, 2136)(702, 2136) - 16
(686, 2137)(702, 2137) - 16
(686, 2138)(701, 2138) - 15
(685, 2139)(701, 2139) - 16
(685, 2140)(701, 2140) - 16
(685, 2141)(701, 2141) - 16
(685, 2142)(701, 2142) - 16
(685, 2143)(702, 2143) - 17
(685, 2144)(701, 2144) - 16
(685, 2145)(701, 2145) - 16
(685, 2146)(701, 2146) - 16
(685, 2147)(701, 2147) - 16
(685, 2148)(701, 2148) - 16
(685, 2149)(701, 2149) - 16
(685, 2150)(701, 2150) - 16
(685, 2151)(701, 2151) - 16
(685, 2152)(701, 2152) - 16
(685, 2153)(701, 2153) - 16
(685, 2154)(701, 2154) - 16
(685, 2155)(701, 2155) - 16
(685, 2156)(701, 2156) - 16
(685, 2157)(701, 2157) - 16
(685, 2158)(701, 2158) - 16
(685, 2159)(701, 2159) - 16
(685, 2160)(701, 2160) - 16
(685, 2161)(701, 2161) - 16
(685, 2162)(701, 2162) - 16
(685, 2163)(701, 2163) - 16
(685, 2164)(701, 2164) - 16
(685, 2165)(701, 2165) - 16
(685, 2166)(701, 2166) - 16
(685, 2167)(701, 2167) - 16
(685, 2168)(701, 2168) - 16
(686, 2169)(701, 2169) - 15
(686, 2170)(701, 2170) - 15
(686, 2171)(701, 2171) - 15
(686, 2172)(701, 2172) - 15
(686, 2173)(701, 2173) - 15
(686, 2174)(701, 2174) - 15
(686, 2175)(701, 2175) - 15
(686, 2176)(701, 2176) - 15
(686, 2177)(701, 2177) - 15
(685, 2178)(701, 2178) - 16
(686, 2179)(701, 2179) - 15
(686, 2180)(701, 2180) - 15
(685, 2181)(701, 2181) - 16
(685, 2182)(701, 2182) - 16
(685, 2183)(701, 2183) - 16
(685, 2184)(701, 2184) - 16
(685, 2185)(701, 2185) - 16
(685, 2186)(701, 2186) - 16
(685, 2187)(701, 2187) - 16
(685, 2188)(701, 2188) - 16
(685, 2189)(701, 2189) - 16
(685, 2190)(701, 2190) - 16
(685, 2191)(701, 2191) - 16
(685, 2192)(701, 2192) - 16
(685, 2193)(701, 2193) - 16
(685, 2194)(701, 2194) - 16
(685, 2195)(701, 2195) - 16
(685, 2196)(701, 2196) - 16
(685, 2197)(701, 2197) - 16
(685, 2198)(701, 2198) - 16
(685, 2199)(701, 2199) - 16
(685, 2200)(701, 2200) - 16
(685, 2201)(701, 2201) - 16
(685, 2202)(701, 2202) - 16
(685, 2203)(701, 2203) - 16
(685, 2204)(701, 2204) - 16
(685, 2205)(701, 2205) - 16
(685, 2206)(701, 2206) - 16
(685, 2207)(701, 2207) - 16
(685, 2208)(701, 2208) - 16
(685, 2209)(701, 2209) - 16
(685, 2210)(701, 2210) - 16
(685, 2211)(701, 2211) - 16
(685, 2212)(701, 2212) - 16
(685, 2213)(701, 2213) - 16
(685, 2214)(701, 2214) - 16
(685, 2215)(701, 2215) - 16
(685, 2216)(701, 2216) - 16
(685, 2217)(701, 2217) - 16
(685, 2218)(701, 2218) - 16
(686, 2219)(701, 2219) - 15
(686, 2220)(701, 2220) - 15
(686, 2221)(701, 2221) - 15
(686, 2222)(701, 2222) - 15
(686, 2223)(701, 2223) - 15
(686, 2224)(701, 2224) - 15
(686, 2225)(701, 2225) - 15
(686, 2226)(701, 2226) - 15
(686, 2227)(701, 2227) - 15
(686, 2228)(701, 2228) - 15
(686, 2229)(701, 2229) - 15
(686, 2230)(701, 2230) - 15
(686, 2231)(701, 2231) - 15
(686, 2232)(701, 2232) - 15
(686, 2233)(701, 2233) - 15
(686, 2234)(701, 2234) - 15
(686, 2235)(701, 2235) - 15
(686, 2236)(701, 2236) - 15
(686, 2237)(701, 2237) - 15
(686, 2238)(701, 2238) - 15
(686, 2239)(701, 2239) - 15
(686, 2240)(701, 2240) - 15
(686, 2241)(701, 2241) - 15
(686, 2242)(701, 2242) - 15
(686, 2243)(701, 2243) - 15
(686, 2244)(701, 2244) - 15
(686, 2245)(701, 2245) - 15
(686, 2246)(701, 2246) - 15
(686, 2247)(701, 2247) - 15
(686, 2248)(700, 2248) - 14
(686, 2249)(701, 2249) - 15
(686, 2250)(701, 2250) - 15
(686, 2251)(701, 2251) - 15
(686, 2252)(701, 2252) - 15
(686, 2253)(701, 2253) - 15
(686, 2254)(701, 2254) - 15
(686, 2255)(701, 2255) - 15
(686, 2256)(701, 2256) - 15
(686, 2257)(701, 2257) - 15
(686, 2258)(701, 2258) - 15
(686, 2259)(701, 2259) - 15
(686, 2260)(701, 2260) - 15
(686, 2261)(701, 2261) - 15
(687, 2262)(701, 2262) - 14
(687, 2263)(701, 2263) - 14
(687, 2264)(701, 2264) - 14
(687, 2265)(701, 2265) - 14
(687, 2266)(701, 2266) - 14
(687, 2267)(701, 2267) - 14
(687, 2268)(701, 2268) - 14
(688, 2269)(701, 2269) - 13
(688, 2270)(701, 2270) - 13
(688, 2271)(701, 2271) - 13
(688, 2272)(701, 2272) - 13
(688, 2273)(701, 2273) - 13
(688, 2274)(701, 2274) - 13
(688, 2275)(701, 2275) - 13
(688, 2276)(701, 2276) - 13
(689, 2277)(701, 2277) - 12
(689, 2278)(701, 2278) - 12
(689, 2279)(701, 2279) - 12
(689, 2280)(701, 2280) - 12
(689, 2281)(701, 2281) - 12
(689, 2282)(701, 2282) - 12
(689, 2283)(701, 2283) - 12
(689, 2284)(701, 2284) - 12
(689, 2285)(701, 2285) - 12
(689, 2286)(701, 2286) - 12
(689, 2287)(701, 2287) - 12
(689, 2288)(701, 2288) - 12
(689, 2289)(701, 2289) - 12
(689, 2290)(701, 2290) - 12
(689, 2291)(701, 2291) - 12
(689, 2292)(701, 2292) - 12
(689, 2293)(701, 2293) - 12
(689, 2294)(701, 2294) - 12
(689, 2295)(701, 2295) - 12
(689, 2296)(700, 2296) - 11
(689, 2297)(700, 2297) - 11
(689, 2298)(700, 2298) - 11
(689, 2299)(700, 2299) - 11
(689, 2300)(701, 2300) - 12
(689, 2301)(700, 2301) - 11
(690, 2302)(700, 2302) - 10
(690, 2303)(700, 2303) - 10
(690, 2304)(700, 2304) - 10
(690, 2305)(700, 2305) - 10
(690, 2306)(700, 2306) - 10
(690, 2307)(700, 2307) - 10
(690, 2308)(700, 2308) - 10
(690, 2309)(700, 2309) - 10
(690, 2310)(700, 2310) - 10
(690, 2311)(701, 2311) - 11
(690, 2312)(700, 2312) - 10
(690, 2313)(700, 2313) - 10
(690, 2314)(700, 2314) - 10
(689, 2315)(700, 2315) - 11
(689, 2316)(700, 2316) - 11
(689, 2317)(700, 2317) - 11
(689, 2318)(700, 2318) - 11
(689, 2319)(700, 2319) - 11
(689, 2320)(700, 2320) - 11
(689, 2321)(700, 2321) - 11
(689, 2322)(700, 2322) - 11
(689, 2323)(700, 2323) - 11
(690, 2324)(700, 2324) - 10
(690, 2325)(700, 2325) - 10
(690, 2326)(700, 2326) - 10
