(690, 147)(508, 147) - 182
(690, 148)(508, 148) - 182
(691, 149)(508, 149) - 183
(691, 150)(508, 150) - 183
(691, 151)(508, 151) - 183
(691, 152)(508, 152) - 183
(691, 153)(508, 153) - 183
(691, 154)(508, 154) - 183
(691, 155)(508, 155) - 183
(691, 156)(508, 156) - 183
(691, 157)(508, 157) - 183
(691, 158)(508, 158) - 183
(690, 159)(508, 159) - 182
(690, 160)(508, 160) - 182
(690, 161)(508, 161) - 182
(691, 162)(508, 162) - 183
(691, 163)(508, 163) - 183
(691, 164)(508, 164) - 183
(691, 165)(508, 165) - 183
(691, 166)(508, 166) - 183
(691, 167)(508, 167) - 183
(691, 168)(508, 168) - 183
(691, 169)(508, 169) - 183
(691, 170)(508, 170) - 183
(691, 171)(508, 171) - 183
(691, 172)(508, 172) - 183
(691, 173)(508, 173) - 183
(691, 174)(508, 174) - 183
(691, 175)(508, 175) - 183
(691, 176)(508, 176) - 183
(691, 177)(508, 177) - 183
(691, 178)(508, 178) - 183
(691, 179)(508, 179) - 183
(691, 180)(508, 180) - 183
(691, 181)(508, 181) - 183
(691, 182)(508, 182) - 183
(691, 183)(508, 183) - 183
(691, 184)(508, 184) - 183
(691, 185)(508, 185) - 183
(691, 186)(508, 186) - 183
(691, 187)(508, 187) - 183
(691, 188)(508, 188) - 183
(690, 189)(508, 189) - 182
(690, 190)(508, 190) - 182
(690, 191)(508, 191) - 182
(690, 192)(508, 192) - 182
(690, 193)(508, 193) - 182
(690, 194)(508, 194) - 182
(690, 195)(508, 195) - 182
(690, 196)(508, 196) - 182
(690, 197)(508, 197) - 182
(690, 198)(508, 198) - 182
(690, 199)(508, 199) - 182
(690, 200)(508, 200) - 182
(690, 201)(508, 201) - 182
(690, 202)(508, 202) - 182
(690, 203)(508, 203) - 182
(691, 204)(508, 204) - 183
(691, 205)(508, 205) - 183
(691, 206)(508, 206) - 183
(691, 207)(508, 207) - 183
(691, 208)(508, 208) - 183
(691, 209)(508, 209) - 183
(691, 210)(508, 210) - 183
(691, 211)(508, 211) - 183
(691, 212)(508, 212) - 183
(691, 213)(508, 213) - 183
(691, 214)(508, 214) - 183
(691, 215)(508, 215) - 183
(691, 216)(508, 216) - 183
(691, 217)(508, 217) - 183
(690, 218)(508, 218) - 182
(690, 219)(508, 219) - 182
(690, 220)(508, 220) - 182
(690, 223)(508, 223) - 182
(690, 224)(508, 224) - 182
(690, 237)(508, 237) - 182
(690, 238)(508, 238) - 182
(690, 239)(508, 239) - 182
(690, 240)(508, 240) - 182
(690, 241)(508, 241) - 182
(690, 242)(508, 242) - 182
(690, 243)(508, 243) - 182
(690, 244)(508, 244) - 182
(690, 245)(508, 245) - 182
(689, 246)(508, 246) - 181
(689, 247)(508, 247) - 181
(689, 248)(508, 248) - 181
(689, 249)(508, 249) - 181
(689, 250)(508, 250) - 181
(689, 251)(508, 251) - 181
(689, 252)(508, 252) - 181
(689, 253)(508, 253) - 181
(689, 254)(508, 254) - 181
(689, 255)(508, 255) - 181
(689, 256)(508, 256) - 181
(689, 257)(508, 257) - 181
(689, 258)(508, 258) - 181
(688, 259)(508, 259) - 180
(688, 260)(508, 260) - 180
(688, 261)(508, 261) - 180
(688, 262)(508, 262) - 180
(688, 263)(508, 263) - 180
(688, 264)(508, 264) - 180
(688, 265)(508, 265) - 180
(688, 266)(508, 266) - 180
(688, 267)(508, 267) - 180
(688, 268)(508, 268) - 180
(688, 269)(508, 269) - 180
(688, 270)(508, 270) - 180
(688, 271)(508, 271) - 180
(688, 272)(508, 272) - 180
(688, 273)(508, 273) - 180
(688, 274)(508, 274) - 180
(688, 275)(508, 275) - 180
(688, 276)(508, 276) - 180
(688, 277)(508, 277) - 180
(688, 278)(508, 278) - 180
(688, 279)(508, 279) - 180
(688, 280)(508, 280) - 180
(688, 281)(508, 281) - 180
(688, 282)(508, 282) - 180
(688, 283)(508, 283) - 180
(688, 284)(508, 284) - 180
(688, 285)(508, 285) - 180
(688, 286)(508, 286) - 180
(688, 287)(508, 287) - 180
(688, 288)(508, 288) - 180
(688, 289)(508, 289) - 180
(688, 290)(508, 290) - 180
(688, 291)(508, 291) - 180
(688, 292)(508, 292) - 180
(688, 293)(507, 293) - 181
(689, 294)(507, 294) - 182
(689, 295)(507, 295) - 182
(689, 296)(507, 296) - 182
(689, 297)(507, 297) - 182
(689, 298)(507, 298) - 182
(689, 299)(507, 299) - 182
(689, 300)(507, 300) - 182
(689, 301)(507, 301) - 182
(688, 302)(507, 302) - 181
(688, 303)(507, 303) - 181
(688, 304)(507, 304) - 181
(688, 305)(507, 305) - 181
(688, 306)(507, 306) - 181
(688, 307)(507, 307) - 181
(688, 308)(507, 308) - 181
(688, 309)(507, 309) - 181
(688, 310)(508, 310) - 180
(688, 311)(508, 311) - 180
(687, 314)(508, 314) - 179
(687, 315)(508, 315) - 179
(687, 316)(508, 316) - 179
(687, 317)(508, 317) - 179
(687, 318)(508, 318) - 179
(687, 319)(508, 319) - 179
(687, 320)(508, 320) - 179
(687, 321)(508, 321) - 179
(687, 325)(508, 325) - 179
(687, 326)(508, 326) - 179
(687, 327)(508, 327) - 179
(687, 328)(508, 328) - 179
(687, 329)(508, 329) - 179
(687, 330)(507, 330) - 180
(687, 331)(507, 331) - 180
(687, 332)(507, 332) - 180
(687, 333)(507, 333) - 180
(687, 334)(507, 334) - 180
(687, 335)(507, 335) - 180
(687, 336)(507, 336) - 180
(687, 337)(507, 337) - 180
(687, 338)(507, 338) - 180
(687, 339)(507, 339) - 180
(687, 340)(507, 340) - 180
(687, 341)(507, 341) - 180
(687, 342)(507, 342) - 180
(687, 343)(507, 343) - 180
(687, 344)(507, 344) - 180
(687, 345)(507, 345) - 180
(687, 346)(508, 346) - 179
(687, 347)(508, 347) - 179
(687, 348)(508, 348) - 179
(687, 349)(507, 349) - 180
(687, 350)(507, 350) - 180
(687, 351)(507, 351) - 180
(687, 352)(507, 352) - 180
(687, 353)(508, 353) - 179
(687, 354)(508, 354) - 179
(688, 355)(508, 355) - 180
(688, 356)(508, 356) - 180
(688, 357)(508, 357) - 180
(688, 358)(507, 358) - 181
(688, 359)(507, 359) - 181
(688, 360)(507, 360) - 181
(688, 361)(507, 361) - 181
(688, 362)(507, 362) - 181
(688, 363)(507, 363) - 181
(688, 364)(507, 364) - 181
(688, 365)(507, 365) - 181
(688, 366)(507, 366) - 181
(688, 367)(507, 367) - 181
(688, 368)(507, 368) - 181
(688, 369)(507, 369) - 181
(688, 370)(507, 370) - 181
(688, 371)(507, 371) - 181
(688, 372)(507, 372) - 181
(688, 373)(507, 373) - 181
(688, 374)(507, 374) - 181
(688, 375)(507, 375) - 181
(688, 376)(507, 376) - 181
(688, 377)(507, 377) - 181
(689, 378)(507, 378) - 182
(689, 379)(507, 379) - 182
(689, 380)(507, 380) - 182
(689, 381)(507, 381) - 182
(689, 382)(507, 382) - 182
(689, 383)(507, 383) - 182
(689, 384)(507, 384) - 182
(689, 385)(507, 385) - 182
(689, 386)(507, 386) - 182
(689, 387)(507, 387) - 182
(688, 388)(507, 388) - 181
(688, 389)(507, 389) - 181
(688, 390)(507, 390) - 181
(688, 391)(507, 391) - 181
(688, 392)(507, 392) - 181
(688, 393)(507, 393) - 181
(688, 394)(507, 394) - 181
(687, 395)(507, 395) - 180
(687, 396)(507, 396) - 180
(687, 397)(507, 397) - 180
(687, 398)(507, 398) - 180
(687, 399)(507, 399) - 180
(687, 400)(507, 400) - 180
(687, 401)(507, 401) - 180
(687, 402)(507, 402) - 180
(686, 403)(508, 403) - 178
(686, 406)(508, 406) - 178
(686, 407)(508, 407) - 178
(685, 408)(508, 408) - 177
(685, 409)(508, 409) - 177
(685, 410)(508, 410) - 177
(685, 411)(508, 411) - 177
(684, 412)(508, 412) - 176
(684, 413)(508, 413) - 176
(684, 414)(508, 414) - 176
(684, 415)(508, 415) - 176
(684, 416)(508, 416) - 176
(684, 417)(508, 417) - 176
(684, 418)(508, 418) - 176
(684, 419)(508, 419) - 176
(684, 420)(508, 420) - 176
(684, 421)(508, 421) - 176
(684, 422)(507, 422) - 177
(683, 423)(507, 423) - 176
(683, 424)(507, 424) - 176
(683, 425)(507, 425) - 176
(683, 426)(507, 426) - 176
(683, 427)(507, 427) - 176
(683, 428)(507, 428) - 176
(682, 429)(507, 429) - 175
(682, 430)(507, 430) - 175
(682, 431)(507, 431) - 175
(682, 432)(507, 432) - 175
(682, 433)(507, 433) - 175
(682, 434)(507, 434) - 175
(682, 435)(507, 435) - 175
(681, 436)(508, 436) - 173
(681, 437)(508, 437) - 173
(681, 438)(508, 438) - 173
(681, 439)(508, 439) - 173
(681, 440)(508, 440) - 173
(681, 441)(507, 441) - 174
(681, 442)(507, 442) - 174
(680, 443)(507, 443) - 173
(680, 444)(508, 444) - 172
(680, 445)(508, 445) - 172
(680, 446)(508, 446) - 172
(680, 447)(508, 447) - 172
(680, 448)(508, 448) - 172
(680, 449)(508, 449) - 172
(680, 450)(508, 450) - 172
(680, 451)(507, 451) - 173
(680, 452)(507, 452) - 173
(680, 453)(507, 453) - 173
(680, 454)(507, 454) - 173
(680, 455)(507, 455) - 173
(679, 456)(507, 456) - 172
(679, 457)(507, 457) - 172
(679, 458)(507, 458) - 172
(679, 459)(507, 459) - 172
(679, 460)(507, 460) - 172
(679, 461)(507, 461) - 172
(679, 462)(507, 462) - 172
(678, 463)(507, 463) - 171
(678, 464)(508, 464) - 170
(678, 465)(508, 465) - 170
(678, 466)(508, 466) - 170
(678, 467)(508, 467) - 170
(678, 468)(507, 468) - 171
(678, 469)(507, 469) - 171
(678, 470)(507, 470) - 171
(678, 471)(507, 471) - 171
(677, 472)(507, 472) - 170
(677, 473)(508, 473) - 169
(677, 474)(507, 474) - 170
(677, 475)(507, 475) - 170
(677, 476)(507, 476) - 170
(677, 477)(507, 477) - 170
(677, 478)(507, 478) - 170
(677, 479)(507, 479) - 170
(676, 480)(507, 480) - 169
(676, 481)(507, 481) - 169
(676, 482)(507, 482) - 169
(676, 483)(507, 483) - 169
(676, 484)(507, 484) - 169
(676, 485)(507, 485) - 169
(676, 486)(507, 486) - 169
(676, 487)(507, 487) - 169
(676, 488)(507, 488) - 169
(676, 489)(507, 489) - 169
(676, 490)(507, 490) - 169
(676, 491)(507, 491) - 169
(676, 492)(507, 492) - 169
(676, 493)(507, 493) - 169
(676, 494)(508, 494) - 168
(676, 495)(508, 495) - 168
(676, 498)(508, 498) - 168
(676, 499)(508, 499) - 168
(676, 500)(508, 500) - 168
(676, 502)(508, 502) - 168
(676, 503)(508, 503) - 168
(676, 508)(508, 508) - 168
(677, 509)(508, 509) - 169
(677, 510)(508, 510) - 169
(677, 511)(508, 511) - 169
(676, 512)(508, 512) - 168
(676, 513)(508, 513) - 168
(676, 514)(507, 514) - 169
(676, 515)(507, 515) - 169
(677, 516)(507, 516) - 170
(677, 517)(507, 517) - 170
(677, 518)(507, 518) - 170
(677, 519)(507, 519) - 170
(677, 520)(507, 520) - 170
(676, 521)(507, 521) - 169
(676, 522)(507, 522) - 169
(677, 523)(507, 523) - 170
(677, 524)(507, 524) - 170
(677, 525)(507, 525) - 170
(677, 526)(507, 526) - 170
(676, 527)(507, 527) - 169
(676, 528)(507, 528) - 169
(676, 529)(508, 529) - 168
(676, 530)(508, 530) - 168
(677, 531)(508, 531) - 169
(677, 532)(508, 532) - 169
(677, 533)(507, 533) - 170
(677, 534)(507, 534) - 170
(677, 535)(507, 535) - 170
(677, 536)(507, 536) - 170
(678, 537)(507, 537) - 171
(678, 538)(507, 538) - 171
(678, 539)(507, 539) - 171
(678, 540)(507, 540) - 171
(678, 541)(507, 541) - 171
(678, 542)(507, 542) - 171
(678, 543)(507, 543) - 171
(679, 544)(507, 544) - 172
(679, 545)(507, 545) - 172
(679, 546)(507, 546) - 172
(679, 547)(507, 547) - 172
(679, 548)(507, 548) - 172
(679, 549)(507, 549) - 172
(679, 550)(507, 550) - 172
(679, 551)(507, 551) - 172
(679, 552)(507, 552) - 172
(680, 553)(507, 553) - 173
(680, 554)(507, 554) - 173
(680, 555)(507, 555) - 173
(680, 556)(507, 556) - 173
(680, 557)(507, 557) - 173
(680, 558)(507, 558) - 173
(680, 559)(507, 559) - 173
(680, 560)(507, 560) - 173
(680, 561)(507, 561) - 173
(680, 562)(507, 562) - 173
(680, 563)(507, 563) - 173
(680, 564)(507, 564) - 173
(680, 565)(507, 565) - 173
(680, 566)(507, 566) - 173
(679, 567)(507, 567) - 172
(680, 568)(507, 568) - 173
(680, 569)(507, 569) - 173
(680, 570)(507, 570) - 173
(680, 571)(507, 571) - 173
(680, 572)(507, 572) - 173
(680, 573)(507, 573) - 173
(680, 574)(507, 574) - 173
(680, 575)(507, 575) - 173
(681, 576)(507, 576) - 174
(681, 577)(507, 577) - 174
(681, 578)(507, 578) - 174
(681, 579)(507, 579) - 174
(681, 580)(507, 580) - 174
(682, 581)(507, 581) - 175
(682, 582)(507, 582) - 175
(682, 583)(507, 583) - 175
(682, 584)(507, 584) - 175
(682, 585)(507, 585) - 175
(682, 586)(507, 586) - 175
(682, 587)(508, 587) - 174
(682, 589)(508, 589) - 174
(682, 590)(508, 590) - 174
(683, 591)(508, 591) - 175
(683, 592)(508, 592) - 175
(683, 593)(508, 593) - 175
(683, 594)(508, 594) - 175
(683, 595)(508, 595) - 175
(683, 596)(508, 596) - 175
(684, 597)(508, 597) - 176
(684, 598)(508, 598) - 176
(684, 599)(508, 599) - 176
(684, 600)(508, 600) - 176
(684, 601)(508, 601) - 176
(684, 602)(508, 602) - 176
(684, 603)(508, 603) - 176
(684, 604)(507, 604) - 177
(684, 605)(507, 605) - 177
(685, 606)(507, 606) - 178
(685, 607)(507, 607) - 178
(685, 608)(507, 608) - 178
(685, 609)(507, 609) - 178
(685, 610)(507, 610) - 178
(686, 611)(507, 611) - 179
(686, 612)(507, 612) - 179
(686, 613)(507, 613) - 179
(686, 614)(507, 614) - 179
(686, 615)(507, 615) - 179
(686, 616)(507, 616) - 179
(686, 617)(507, 617) - 179
(686, 618)(507, 618) - 179
(686, 619)(507, 619) - 179
(686, 620)(507, 620) - 179
(686, 621)(507, 621) - 179
(687, 622)(507, 622) - 180
(687, 623)(507, 623) - 180
(687, 624)(507, 624) - 180
(687, 625)(507, 625) - 180
(687, 626)(507, 626) - 180
(687, 627)(507, 627) - 180
(687, 628)(507, 628) - 180
(687, 629)(507, 629) - 180
(687, 630)(507, 630) - 180
(687, 631)(507, 631) - 180
(687, 632)(507, 632) - 180
(687, 633)(507, 633) - 180
(687, 634)(507, 634) - 180
(687, 635)(507, 635) - 180
(687, 636)(507, 636) - 180
(687, 637)(507, 637) - 180
(687, 638)(507, 638) - 180
(687, 639)(507, 639) - 180
(687, 640)(507, 640) - 180
(687, 641)(507, 641) - 180
(687, 642)(507, 642) - 180
(687, 643)(507, 643) - 180
(687, 644)(507, 644) - 180
(687, 645)(507, 645) - 180
(687, 646)(507, 646) - 180
(687, 647)(507, 647) - 180
(687, 648)(507, 648) - 180
(687, 649)(507, 649) - 180
(687, 650)(507, 650) - 180
(687, 651)(507, 651) - 180
(687, 652)(507, 652) - 180
(687, 653)(507, 653) - 180
(687, 654)(507, 654) - 180
(687, 655)(507, 655) - 180
(687, 656)(507, 656) - 180
(687, 657)(507, 657) - 180
(687, 658)(507, 658) - 180
(688, 659)(507, 659) - 181
(688, 660)(507, 660) - 181
(688, 661)(507, 661) - 181
(688, 662)(507, 662) - 181
(688, 663)(507, 663) - 181
(688, 664)(507, 664) - 181
(688, 665)(507, 665) - 181
(689, 666)(507, 666) - 182
(689, 667)(507, 667) - 182
(689, 668)(507, 668) - 182
(689, 669)(507, 669) - 182
(688, 670)(507, 670) - 181
(688, 671)(507, 671) - 181
(688, 672)(507, 672) - 181
(688, 673)(507, 673) - 181
(688, 674)(507, 674) - 181
(688, 675)(507, 675) - 181
(688, 676)(507, 676) - 181
(688, 677)(507, 677) - 181
(688, 678)(507, 678) - 181
(687, 679)(508, 679) - 179
(687, 680)(509, 680) - 178
(687, 681)(508, 681) - 179
(687, 682)(508, 682) - 179
(687, 683)(508, 683) - 179
(687, 684)(508, 684) - 179
(687, 685)(508, 685) - 179
(688, 686)(508, 686) - 180
(688, 687)(508, 687) - 180
(688, 688)(508, 688) - 180
(688, 689)(508, 689) - 180
(688, 690)(508, 690) - 180
(688, 691)(508, 691) - 180
(689, 692)(508, 692) - 181
(689, 693)(508, 693) - 181
(689, 694)(508, 694) - 181
(689, 695)(508, 695) - 181
(689, 696)(508, 696) - 181
(689, 697)(507, 697) - 182
(690, 698)(507, 698) - 183
(690, 699)(507, 699) - 183
(690, 700)(507, 700) - 183
(690, 701)(507, 701) - 183
(690, 702)(507, 702) - 183
(690, 703)(507, 703) - 183
(690, 704)(507, 704) - 183
(690, 705)(507, 705) - 183
(690, 706)(507, 706) - 183
(690, 707)(507, 707) - 183
(690, 708)(507, 708) - 183
(690, 709)(507, 709) - 183
(690, 710)(507, 710) - 183
(690, 711)(507, 711) - 183
(690, 712)(507, 712) - 183
(689, 713)(508, 713) - 181
(689, 714)(508, 714) - 181
(689, 715)(508, 715) - 181
(689, 716)(508, 716) - 181
(688, 717)(508, 717) - 180
(688, 718)(507, 718) - 181
(688, 719)(507, 719) - 181
(688, 720)(508, 720) - 180
(688, 721)(507, 721) - 181
(688, 722)(507, 722) - 181
(688, 723)(507, 723) - 181
(688, 724)(507, 724) - 181
(687, 725)(507, 725) - 180
(687, 726)(507, 726) - 180
(687, 727)(507, 727) - 180
(687, 728)(507, 728) - 180
(687, 729)(507, 729) - 180
(688, 730)(507, 730) - 181
(687, 731)(507, 731) - 180
(687, 732)(507, 732) - 180
(687, 733)(507, 733) - 180
(687, 734)(507, 734) - 180
(687, 735)(507, 735) - 180
(687, 736)(507, 736) - 180
(687, 737)(507, 737) - 180
(687, 738)(508, 738) - 179
(687, 739)(508, 739) - 179
(687, 740)(508, 740) - 179
(687, 741)(508, 741) - 179
(687, 742)(507, 742) - 180
(687, 743)(507, 743) - 180
(686, 744)(508, 744) - 178
(686, 745)(508, 745) - 178
(686, 746)(508, 746) - 178
(686, 747)(507, 747) - 179
(686, 748)(507, 748) - 179
(686, 749)(507, 749) - 179
(687, 750)(508, 750) - 179
(687, 751)(508, 751) - 179
(687, 752)(508, 752) - 179
(687, 753)(507, 753) - 180
(687, 754)(507, 754) - 180
(687, 755)(507, 755) - 180
(688, 756)(507, 756) - 181
(688, 757)(507, 757) - 181
(688, 758)(507, 758) - 181
(688, 759)(507, 759) - 181
(688, 760)(507, 760) - 181
(688, 761)(507, 761) - 181
(688, 762)(507, 762) - 181
(688, 763)(507, 763) - 181
(688, 764)(507, 764) - 181
(688, 765)(507, 765) - 181
(688, 766)(507, 766) - 181
(688, 767)(507, 767) - 181
(688, 768)(507, 768) - 181
(688, 769)(507, 769) - 181
(688, 770)(508, 770) - 180
(688, 771)(508, 771) - 180
(688, 773)(508, 773) - 180
(688, 774)(508, 774) - 180
(688, 775)(508, 775) - 180
(688, 776)(508, 776) - 180
(687, 777)(508, 777) - 179
(687, 778)(508, 778) - 179
(687, 779)(508, 779) - 179
(687, 780)(508, 780) - 179
(687, 781)(508, 781) - 179
(687, 782)(508, 782) - 179
(687, 783)(508, 783) - 179
(687, 784)(508, 784) - 179
(687, 785)(507, 785) - 180
(687, 786)(507, 786) - 180
(687, 787)(507, 787) - 180
(687, 788)(507, 788) - 180
(687, 789)(507, 789) - 180
(687, 790)(507, 790) - 180
(687, 791)(507, 791) - 180
(687, 792)(507, 792) - 180
(686, 793)(507, 793) - 179
(686, 794)(507, 794) - 179
(686, 795)(507, 795) - 179
(686, 796)(507, 796) - 179
(686, 797)(507, 797) - 179
(686, 798)(507, 798) - 179
(686, 799)(507, 799) - 179
(686, 800)(507, 800) - 179
(686, 801)(507, 801) - 179
(686, 802)(507, 802) - 179
(685, 803)(507, 803) - 178
(685, 804)(507, 804) - 178
(685, 805)(507, 805) - 178
(685, 806)(507, 806) - 178
(685, 807)(507, 807) - 178
(685, 808)(507, 808) - 178
(685, 809)(507, 809) - 178
(685, 810)(507, 810) - 178
(685, 811)(507, 811) - 178
(685, 812)(507, 812) - 178
(685, 813)(507, 813) - 178
(685, 814)(507, 814) - 178
(685, 815)(507, 815) - 178
(685, 816)(507, 816) - 178
(685, 817)(507, 817) - 178
(685, 818)(507, 818) - 178
(685, 819)(507, 819) - 178
(685, 820)(507, 820) - 178
(685, 821)(507, 821) - 178
(685, 822)(507, 822) - 178
(685, 823)(507, 823) - 178
(685, 824)(507, 824) - 178
(685, 825)(507, 825) - 178
(685, 826)(507, 826) - 178
(685, 827)(507, 827) - 178
(685, 828)(507, 828) - 178
(686, 829)(507, 829) - 179
(686, 830)(507, 830) - 179
(686, 831)(507, 831) - 179
(686, 832)(507, 832) - 179
(686, 833)(507, 833) - 179
(686, 834)(507, 834) - 179
(686, 835)(507, 835) - 179
(686, 836)(507, 836) - 179
(686, 837)(507, 837) - 179
(686, 838)(507, 838) - 179
(686, 839)(507, 839) - 179
(686, 840)(507, 840) - 179
(686, 841)(507, 841) - 179
(685, 842)(507, 842) - 178
(686, 843)(507, 843) - 179
(686, 844)(507, 844) - 179
(686, 845)(507, 845) - 179
(685, 846)(507, 846) - 178
(685, 847)(507, 847) - 178
(685, 848)(507, 848) - 178
(685, 849)(507, 849) - 178
(685, 850)(507, 850) - 178
(685, 851)(507, 851) - 178
(685, 852)(507, 852) - 178
(685, 853)(507, 853) - 178
(685, 854)(507, 854) - 178
(685, 855)(507, 855) - 178
(685, 856)(507, 856) - 178
(685, 857)(507, 857) - 178
(685, 858)(507, 858) - 178
(685, 859)(507, 859) - 178
(685, 860)(507, 860) - 178
(685, 861)(507, 861) - 178
(685, 862)(507, 862) - 178
(685, 863)(507, 863) - 178
(685, 865)(508, 865) - 177
(685, 866)(508, 866) - 177
(685, 867)(507, 867) - 178
(685, 868)(508, 868) - 177
(685, 869)(508, 869) - 177
(685, 870)(508, 870) - 177
(685, 871)(508, 871) - 177
(685, 872)(508, 872) - 177
(685, 873)(508, 873) - 177
(684, 874)(508, 874) - 176
(684, 875)(508, 875) - 176
(684, 876)(507, 876) - 177
(684, 877)(507, 877) - 177
(684, 878)(507, 878) - 177
(684, 879)(507, 879) - 177
(684, 880)(507, 880) - 177
(684, 881)(507, 881) - 177
(684, 882)(507, 882) - 177
(684, 883)(507, 883) - 177
(684, 884)(508, 884) - 176
(684, 885)(508, 885) - 176
(684, 886)(507, 886) - 177
(684, 887)(507, 887) - 177
(684, 888)(507, 888) - 177
(684, 889)(507, 889) - 177
(684, 890)(507, 890) - 177
(684, 891)(507, 891) - 177
(684, 892)(507, 892) - 177
(684, 893)(507, 893) - 177
(684, 894)(507, 894) - 177
(684, 895)(507, 895) - 177
(684, 896)(507, 896) - 177
(684, 897)(507, 897) - 177
(684, 898)(507, 898) - 177
(684, 899)(507, 899) - 177
(684, 900)(507, 900) - 177
(684, 901)(507, 901) - 177
(684, 902)(507, 902) - 177
(684, 903)(507, 903) - 177
(684, 904)(507, 904) - 177
(684, 905)(507, 905) - 177
(684, 906)(507, 906) - 177
(684, 907)(507, 907) - 177
(684, 908)(507, 908) - 177
(684, 909)(507, 909) - 177
(684, 910)(507, 910) - 177
(684, 911)(508, 911) - 176
(684, 912)(508, 912) - 176
(684, 913)(508, 913) - 176
(684, 914)(508, 914) - 176
(684, 915)(508, 915) - 176
(685, 916)(507, 916) - 178
(685, 917)(507, 917) - 178
(685, 918)(507, 918) - 178
(685, 919)(507, 919) - 178
(685, 920)(507, 920) - 178
(685, 921)(507, 921) - 178
(685, 922)(507, 922) - 178
(685, 923)(507, 923) - 178
(686, 924)(507, 924) - 179
(686, 925)(507, 925) - 179
(686, 926)(507, 926) - 179
(686, 927)(507, 927) - 179
(686, 928)(507, 928) - 179
(686, 929)(507, 929) - 179
(687, 930)(507, 930) - 180
(687, 931)(507, 931) - 180
(687, 932)(507, 932) - 180
(687, 933)(507, 933) - 180
(687, 934)(507, 934) - 180
(687, 935)(507, 935) - 180
(687, 936)(507, 936) - 180
(687, 937)(507, 937) - 180
(687, 938)(507, 938) - 180
(687, 939)(507, 939) - 180
(688, 940)(507, 940) - 181
(688, 941)(507, 941) - 181
(688, 942)(507, 942) - 181
(688, 943)(507, 943) - 181
(688, 944)(507, 944) - 181
(688, 945)(507, 945) - 181
(689, 946)(507, 946) - 182
(689, 947)(506, 947) - 183
(689, 948)(506, 948) - 183
(689, 949)(506, 949) - 183
(689, 950)(506, 950) - 183
(690, 951)(506, 951) - 184
(690, 952)(507, 952) - 183
(690, 953)(507, 953) - 183
(690, 954)(507, 954) - 183
(690, 957)(507, 957) - 183
(690, 958)(506, 958) - 184
(690, 959)(506, 959) - 184
(690, 960)(507, 960) - 183
(690, 961)(510, 961) - 180
(690, 962)(510, 962) - 180
(690, 963)(510, 963) - 180
(690, 964)(510, 964) - 180
(690, 965)(507, 965) - 183
(690, 966)(507, 966) - 183
(690, 967)(507, 967) - 183
(690, 968)(507, 968) - 183
(690, 969)(507, 969) - 183
(690, 970)(507, 970) - 183
(690, 971)(507, 971) - 183
(690, 972)(507, 972) - 183
(690, 973)(507, 973) - 183
(690, 974)(507, 974) - 183
(690, 975)(507, 975) - 183
(690, 976)(507, 976) - 183
(691, 977)(507, 977) - 184
(691, 978)(507, 978) - 184
(691, 979)(507, 979) - 184
(691, 980)(507, 980) - 184
(691, 981)(507, 981) - 184
(691, 982)(507, 982) - 184
(690, 983)(507, 983) - 183
(690, 984)(507, 984) - 183
(690, 985)(507, 985) - 183
(690, 986)(507, 986) - 183
(690, 987)(507, 987) - 183
(690, 988)(507, 988) - 183
(690, 989)(507, 989) - 183
(690, 990)(507, 990) - 183
(690, 991)(507, 991) - 183
(690, 992)(507, 992) - 183
(690, 993)(507, 993) - 183
(690, 994)(507, 994) - 183
(689, 995)(507, 995) - 182
(689, 996)(507, 996) - 182
(689, 997)(507, 997) - 182
(689, 998)(507, 998) - 182
(689, 999)(507, 999) - 182
(689, 1000)(507, 1000) - 182
(689, 1001)(507, 1001) - 182
(689, 1002)(507, 1002) - 182
(689, 1003)(507, 1003) - 182
(689, 1004)(508, 1004) - 181
(689, 1005)(507, 1005) - 182
(690, 1006)(507, 1006) - 183
(690, 1007)(507, 1007) - 183
(690, 1008)(508, 1008) - 182
(690, 1009)(507, 1009) - 183
(690, 1010)(507, 1010) - 183
(690, 1011)(507, 1011) - 183
(689, 1012)(507, 1012) - 182
(689, 1013)(507, 1013) - 182
(689, 1014)(507, 1014) - 182
(689, 1015)(507, 1015) - 182
(689, 1016)(507, 1016) - 182
(689, 1017)(507, 1017) - 182
(689, 1018)(507, 1018) - 182
(689, 1019)(507, 1019) - 182
(689, 1020)(507, 1020) - 182
(688, 1021)(507, 1021) - 181
(688, 1022)(507, 1022) - 181
(688, 1023)(507, 1023) - 181
(688, 1024)(507, 1024) - 181
(688, 1025)(507, 1025) - 181
(688, 1026)(507, 1026) - 181
(688, 1027)(507, 1027) - 181
(688, 1028)(507, 1028) - 181
(688, 1029)(507, 1029) - 181
(688, 1030)(507, 1030) - 181
(688, 1031)(507, 1031) - 181
(688, 1032)(507, 1032) - 181
(688, 1033)(507, 1033) - 181
(688, 1034)(507, 1034) - 181
(688, 1035)(507, 1035) - 181
(688, 1036)(507, 1036) - 181
(688, 1037)(507, 1037) - 181
(687, 1038)(507, 1038) - 180
(687, 1039)(507, 1039) - 180
(687, 1040)(507, 1040) - 180
(687, 1041)(507, 1041) - 180
(687, 1042)(507, 1042) - 180
(687, 1043)(507, 1043) - 180
(687, 1044)(507, 1044) - 180
(686, 1045)(507, 1045) - 179
(686, 1046)(507, 1046) - 179
(687, 1047)(508, 1047) - 179
(687, 1048)(508, 1048) - 179
(686, 1049)(507, 1049) - 179
(686, 1050)(507, 1050) - 179
(686, 1051)(507, 1051) - 179
(686, 1052)(507, 1052) - 179
(686, 1053)(507, 1053) - 179
(686, 1054)(507, 1054) - 179
(686, 1055)(507, 1055) - 179
(686, 1056)(507, 1056) - 179
(686, 1057)(507, 1057) - 179
(686, 1058)(507, 1058) - 179
(686, 1059)(507, 1059) - 179
(686, 1060)(507, 1060) - 179
(686, 1061)(507, 1061) - 179
(686, 1062)(507, 1062) - 179
(686, 1063)(507, 1063) - 179
(686, 1064)(507, 1064) - 179
(686, 1065)(508, 1065) - 178
(686, 1066)(508, 1066) - 178
(686, 1067)(507, 1067) - 179
(686, 1068)(507, 1068) - 179
(686, 1069)(507, 1069) - 179
(686, 1070)(507, 1070) - 179
(686, 1071)(507, 1071) - 179
(686, 1072)(507, 1072) - 179
(686, 1073)(508, 1073) - 178
(686, 1074)(507, 1074) - 179
(686, 1075)(507, 1075) - 179
(686, 1076)(507, 1076) - 179
(686, 1077)(507, 1077) - 179
(686, 1078)(507, 1078) - 179
(686, 1079)(507, 1079) - 179
(686, 1080)(507, 1080) - 179
(686, 1081)(507, 1081) - 179
(686, 1082)(507, 1082) - 179
(686, 1083)(507, 1083) - 179
(686, 1084)(507, 1084) - 179
(686, 1085)(507, 1085) - 179
(686, 1086)(507, 1086) - 179
(686, 1087)(507, 1087) - 179
(686, 1088)(507, 1088) - 179
(686, 1089)(507, 1089) - 179
(686, 1090)(507, 1090) - 179
(686, 1091)(507, 1091) - 179
(686, 1092)(507, 1092) - 179
(686, 1093)(507, 1093) - 179
(686, 1094)(507, 1094) - 179
(686, 1095)(507, 1095) - 179
(686, 1096)(507, 1096) - 179
(686, 1097)(507, 1097) - 179
(686, 1098)(507, 1098) - 179
(686, 1099)(507, 1099) - 179
(686, 1100)(507, 1100) - 179
(686, 1101)(507, 1101) - 179
(686, 1102)(507, 1102) - 179
(686, 1103)(507, 1103) - 179
(686, 1104)(507, 1104) - 179
(686, 1105)(507, 1105) - 179
(686, 1106)(507, 1106) - 179
(686, 1107)(507, 1107) - 179
(686, 1108)(507, 1108) - 179
(686, 1109)(507, 1109) - 179
(686, 1110)(507, 1110) - 179
(686, 1111)(507, 1111) - 179
(686, 1112)(507, 1112) - 179
(686, 1113)(507, 1113) - 179
(687, 1114)(507, 1114) - 180
(687, 1115)(507, 1115) - 180
(686, 1116)(507, 1116) - 179
(686, 1117)(507, 1117) - 179
(686, 1118)(507, 1118) - 179
(687, 1119)(507, 1119) - 180
(687, 1120)(507, 1120) - 180
(687, 1121)(507, 1121) - 180
(687, 1122)(507, 1122) - 180
(687, 1123)(507, 1123) - 180
(687, 1124)(507, 1124) - 180
(687, 1125)(507, 1125) - 180
(687, 1126)(507, 1126) - 180
(687, 1127)(507, 1127) - 180
(687, 1128)(507, 1128) - 180
(687, 1129)(507, 1129) - 180
(687, 1130)(507, 1130) - 180
(688, 1131)(507, 1131) - 181
(688, 1132)(507, 1132) - 181
(688, 1133)(507, 1133) - 181
(688, 1134)(507, 1134) - 181
(688, 1135)(507, 1135) - 181
(688, 1136)(507, 1136) - 181
(688, 1137)(507, 1137) - 181
(687, 1140)(508, 1140) - 179
(688, 1141)(507, 1141) - 181
(687, 1142)(507, 1142) - 180
(687, 1143)(507, 1143) - 180
(687, 1144)(508, 1144) - 179
(687, 1145)(508, 1145) - 179
(687, 1146)(508, 1146) - 179
(687, 1147)(508, 1147) - 179
(687, 1148)(508, 1148) - 179
(687, 1149)(508, 1149) - 179
(687, 1150)(507, 1150) - 180
(687, 1151)(507, 1151) - 180
(687, 1152)(507, 1152) - 180
(687, 1153)(507, 1153) - 180
(687, 1154)(507, 1154) - 180
(687, 1155)(507, 1155) - 180
(687, 1156)(507, 1156) - 180
(687, 1157)(507, 1157) - 180
(687, 1158)(507, 1158) - 180
(687, 1159)(507, 1159) - 180
(687, 1160)(507, 1160) - 180
(687, 1161)(507, 1161) - 180
(687, 1162)(507, 1162) - 180
(687, 1163)(507, 1163) - 180
(687, 1164)(507, 1164) - 180
(687, 1165)(507, 1165) - 180
(687, 1166)(507, 1166) - 180
(687, 1167)(507, 1167) - 180
(687, 1168)(507, 1168) - 180
(687, 1169)(508, 1169) - 179
(687, 1170)(507, 1170) - 180
(687, 1171)(507, 1171) - 180
(687, 1172)(507, 1172) - 180
(687, 1173)(507, 1173) - 180
(687, 1174)(507, 1174) - 180
(687, 1175)(507, 1175) - 180
(687, 1176)(507, 1176) - 180
(687, 1177)(507, 1177) - 180
(687, 1178)(507, 1178) - 180
(687, 1179)(507, 1179) - 180
(687, 1180)(507, 1180) - 180
(687, 1181)(507, 1181) - 180
(687, 1182)(507, 1182) - 180
(687, 1183)(507, 1183) - 180
(687, 1184)(507, 1184) - 180
(687, 1185)(507, 1185) - 180
(688, 1186)(507, 1186) - 181
(688, 1187)(508, 1187) - 180
(688, 1188)(508, 1188) - 180
(688, 1189)(508, 1189) - 180
(689, 1190)(508, 1190) - 181
(689, 1191)(508, 1191) - 181
(689, 1192)(507, 1192) - 182
(689, 1193)(507, 1193) - 182
(689, 1194)(507, 1194) - 182
(689, 1195)(507, 1195) - 182
(689, 1196)(507, 1196) - 182
(689, 1197)(507, 1197) - 182
(689, 1198)(507, 1198) - 182
(689, 1199)(507, 1199) - 182
(689, 1200)(507, 1200) - 182
(689, 1201)(507, 1201) - 182
(688, 1202)(507, 1202) - 181
(688, 1203)(507, 1203) - 181
(688, 1204)(507, 1204) - 181
(688, 1205)(507, 1205) - 181
(688, 1206)(507, 1206) - 181
(688, 1207)(507, 1207) - 181
(688, 1208)(507, 1208) - 181
(689, 1209)(507, 1209) - 182
(689, 1210)(507, 1210) - 182
(689, 1211)(507, 1211) - 182
(689, 1212)(507, 1212) - 182
(689, 1213)(507, 1213) - 182
(690, 1214)(507, 1214) - 183
(690, 1215)(508, 1215) - 182
(690, 1216)(508, 1216) - 182
(690, 1217)(508, 1217) - 182
(691, 1218)(508, 1218) - 183
(691, 1219)(508, 1219) - 183
(690, 1220)(507, 1220) - 183
(690, 1221)(507, 1221) - 183
(691, 1222)(508, 1222) - 183
(691, 1223)(508, 1223) - 183
(691, 1224)(508, 1224) - 183
(691, 1225)(507, 1225) - 184
(691, 1226)(507, 1226) - 184
(691, 1227)(507, 1227) - 184
(691, 1228)(507, 1228) - 184
(691, 1229)(508, 1229) - 183
(691, 1231)(508, 1231) - 183
(690, 1232)(507, 1232) - 183
(691, 1233)(507, 1233) - 184
(691, 1234)(507, 1234) - 184
(691, 1235)(507, 1235) - 184
(691, 1236)(507, 1236) - 184
(690, 1237)(508, 1237) - 182
(690, 1238)(508, 1238) - 182
(690, 1239)(508, 1239) - 182
(690, 1240)(508, 1240) - 182
(690, 1241)(508, 1241) - 182
(690, 1242)(507, 1242) - 183
(690, 1243)(507, 1243) - 183
(690, 1244)(507, 1244) - 183
(690, 1245)(507, 1245) - 183
(690, 1246)(507, 1246) - 183
(690, 1247)(507, 1247) - 183
(690, 1248)(507, 1248) - 183
(690, 1249)(507, 1249) - 183
(690, 1250)(507, 1250) - 183
(690, 1251)(507, 1251) - 183
(690, 1252)(507, 1252) - 183
(690, 1253)(507, 1253) - 183
(690, 1254)(507, 1254) - 183
(690, 1255)(507, 1255) - 183
(690, 1256)(507, 1256) - 183
(690, 1257)(507, 1257) - 183
(690, 1258)(507, 1258) - 183
(690, 1259)(507, 1259) - 183
(690, 1260)(507, 1260) - 183
(690, 1261)(507, 1261) - 183
(690, 1262)(507, 1262) - 183
(690, 1263)(507, 1263) - 183
(690, 1264)(507, 1264) - 183
(690, 1265)(507, 1265) - 183
(690, 1266)(507, 1266) - 183
(690, 1267)(507, 1267) - 183
(690, 1268)(507, 1268) - 183
(690, 1269)(507, 1269) - 183
(690, 1270)(507, 1270) - 183
(690, 1271)(507, 1271) - 183
(690, 1272)(507, 1272) - 183
(690, 1273)(507, 1273) - 183
(690, 1274)(507, 1274) - 183
(690, 1275)(507, 1275) - 183
(690, 1276)(507, 1276) - 183
(690, 1277)(507, 1277) - 183
(690, 1278)(507, 1278) - 183
(690, 1279)(507, 1279) - 183
(690, 1280)(507, 1280) - 183
(690, 1281)(507, 1281) - 183
(690, 1282)(507, 1282) - 183
(690, 1283)(507, 1283) - 183
(690, 1284)(507, 1284) - 183
(690, 1285)(507, 1285) - 183
(691, 1286)(507, 1286) - 184
(691, 1287)(507, 1287) - 184
(691, 1288)(507, 1288) - 184
(691, 1289)(507, 1289) - 184
(690, 1290)(507, 1290) - 183
(690, 1291)(507, 1291) - 183
(690, 1292)(507, 1292) - 183
(690, 1293)(507, 1293) - 183
(690, 1294)(507, 1294) - 183
(690, 1295)(507, 1295) - 183
(690, 1296)(507, 1296) - 183
(690, 1297)(507, 1297) - 183
(691, 1298)(507, 1298) - 184
(690, 1299)(507, 1299) - 183
(690, 1300)(507, 1300) - 183
(690, 1301)(507, 1301) - 183
(690, 1302)(507, 1302) - 183
(690, 1303)(507, 1303) - 183
(691, 1304)(507, 1304) - 184
(691, 1305)(507, 1305) - 184
(690, 1306)(507, 1306) - 183
(690, 1307)(507, 1307) - 183
(690, 1308)(507, 1308) - 183
(690, 1309)(508, 1309) - 182
(690, 1310)(508, 1310) - 182
(690, 1311)(507, 1311) - 183
(690, 1312)(507, 1312) - 183
(690, 1313)(507, 1313) - 183
(690, 1314)(507, 1314) - 183
(690, 1315)(508, 1315) - 182
(691, 1316)(508, 1316) - 183
(690, 1317)(508, 1317) - 182
(690, 1318)(507, 1318) - 183
(690, 1319)(507, 1319) - 183
(690, 1320)(507, 1320) - 183
(690, 1323)(508, 1323) - 182
(690, 1324)(508, 1324) - 182
(690, 1325)(508, 1325) - 182
(690, 1326)(508, 1326) - 182
(690, 1327)(508, 1327) - 182
(690, 1328)(508, 1328) - 182
(690, 1329)(508, 1329) - 182
(690, 1330)(508, 1330) - 182
(690, 1331)(508, 1331) - 182
(690, 1332)(508, 1332) - 182
(690, 1333)(508, 1333) - 182
(690, 1334)(508, 1334) - 182
(690, 1335)(507, 1335) - 183
(690, 1336)(507, 1336) - 183
(690, 1337)(507, 1337) - 183
(690, 1338)(507, 1338) - 183
(690, 1339)(507, 1339) - 183
(690, 1340)(507, 1340) - 183
(690, 1341)(507, 1341) - 183
(690, 1342)(507, 1342) - 183
(690, 1343)(507, 1343) - 183
(690, 1344)(507, 1344) - 183
(690, 1345)(507, 1345) - 183
(690, 1346)(508, 1346) - 182
(690, 1347)(508, 1347) - 182
(690, 1348)(508, 1348) - 182
(690, 1349)(507, 1349) - 183
(690, 1350)(507, 1350) - 183
(690, 1351)(507, 1351) - 183
(690, 1352)(508, 1352) - 182
(690, 1353)(508, 1353) - 182
(690, 1354)(507, 1354) - 183
(690, 1355)(507, 1355) - 183
(690, 1356)(507, 1356) - 183
(690, 1357)(507, 1357) - 183
(690, 1358)(507, 1358) - 183
(690, 1359)(507, 1359) - 183
(690, 1360)(507, 1360) - 183
(690, 1361)(507, 1361) - 183
(690, 1362)(507, 1362) - 183
(690, 1363)(507, 1363) - 183
(690, 1364)(507, 1364) - 183
(690, 1365)(507, 1365) - 183
(690, 1366)(507, 1366) - 183
(690, 1367)(507, 1367) - 183
(690, 1368)(507, 1368) - 183
(690, 1369)(508, 1369) - 182
(690, 1370)(508, 1370) - 182
(690, 1371)(508, 1371) - 182
(690, 1372)(508, 1372) - 182
(690, 1373)(508, 1373) - 182
(690, 1374)(508, 1374) - 182
(690, 1375)(508, 1375) - 182
(690, 1376)(508, 1376) - 182
(690, 1377)(508, 1377) - 182
(690, 1378)(508, 1378) - 182
(691, 1379)(507, 1379) - 184
(691, 1380)(508, 1380) - 183
(690, 1381)(508, 1381) - 182
(690, 1382)(508, 1382) - 182
(690, 1383)(507, 1383) - 183
(690, 1384)(507, 1384) - 183
(690, 1385)(507, 1385) - 183
(690, 1386)(507, 1386) - 183
(690, 1387)(507, 1387) - 183
(690, 1388)(507, 1388) - 183
(690, 1389)(507, 1389) - 183
(690, 1390)(507, 1390) - 183
(690, 1391)(508, 1391) - 182
(690, 1392)(508, 1392) - 182
(690, 1393)(508, 1393) - 182
(690, 1394)(508, 1394) - 182
(690, 1395)(508, 1395) - 182
(690, 1396)(508, 1396) - 182
(690, 1397)(508, 1397) - 182
(690, 1398)(508, 1398) - 182
(690, 1399)(508, 1399) - 182
(690, 1400)(508, 1400) - 182
(690, 1401)(508, 1401) - 182
(690, 1402)(508, 1402) - 182
(690, 1403)(508, 1403) - 182
(690, 1404)(508, 1404) - 182
(690, 1405)(508, 1405) - 182
(690, 1406)(508, 1406) - 182
(690, 1407)(508, 1407) - 182
(690, 1408)(508, 1408) - 182
(690, 1409)(508, 1409) - 182
(690, 1410)(507, 1410) - 183
(690, 1411)(507, 1411) - 183
(690, 1414)(508, 1414) - 182
(690, 1415)(508, 1415) - 182
(690, 1416)(507, 1416) - 183
(690, 1417)(507, 1417) - 183
(690, 1418)(508, 1418) - 182
(690, 1419)(508, 1419) - 182
(690, 1420)(508, 1420) - 182
(690, 1421)(508, 1421) - 182
(691, 1422)(507, 1422) - 184
(691, 1423)(508, 1423) - 183
(691, 1424)(508, 1424) - 183
(691, 1425)(508, 1425) - 183
(691, 1426)(508, 1426) - 183
(691, 1427)(507, 1427) - 184
(691, 1428)(507, 1428) - 184
(691, 1429)(507, 1429) - 184
(691, 1430)(507, 1430) - 184
(691, 1431)(507, 1431) - 184
(691, 1432)(507, 1432) - 184
(691, 1433)(507, 1433) - 184
(691, 1434)(508, 1434) - 183
(691, 1435)(508, 1435) - 183
(691, 1436)(508, 1436) - 183
(691, 1437)(508, 1437) - 183
(691, 1438)(508, 1438) - 183
(691, 1439)(507, 1439) - 184
(691, 1440)(507, 1440) - 184
(691, 1441)(507, 1441) - 184
(691, 1442)(507, 1442) - 184
(691, 1443)(507, 1443) - 184
(691, 1444)(508, 1444) - 183
(691, 1445)(508, 1445) - 183
(691, 1446)(507, 1446) - 184
(691, 1447)(507, 1447) - 184
(691, 1448)(507, 1448) - 184
(691, 1449)(507, 1449) - 184
(691, 1450)(507, 1450) - 184
(691, 1451)(507, 1451) - 184
(691, 1452)(507, 1452) - 184
(691, 1453)(507, 1453) - 184
(691, 1454)(507, 1454) - 184
(691, 1455)(507, 1455) - 184
(691, 1456)(507, 1456) - 184
(691, 1457)(507, 1457) - 184
(691, 1458)(507, 1458) - 184
(691, 1459)(507, 1459) - 184
(691, 1460)(507, 1460) - 184
(691, 1461)(507, 1461) - 184
(691, 1462)(507, 1462) - 184
(691, 1463)(508, 1463) - 183
(691, 1464)(508, 1464) - 183
(691, 1465)(508, 1465) - 183
(691, 1466)(508, 1466) - 183
(691, 1467)(508, 1467) - 183
(691, 1468)(507, 1468) - 184
(691, 1469)(507, 1469) - 184
(691, 1470)(507, 1470) - 184
(691, 1471)(507, 1471) - 184
(691, 1472)(507, 1472) - 184
(691, 1473)(507, 1473) - 184
(691, 1474)(507, 1474) - 184
(691, 1475)(507, 1475) - 184
(691, 1476)(507, 1476) - 184
(689, 1477)(507, 1477) - 182
(689, 1478)(507, 1478) - 182
(689, 1479)(507, 1479) - 182
(691, 1480)(507, 1480) - 184
(691, 1481)(507, 1481) - 184
(690, 1482)(507, 1482) - 183
(690, 1483)(507, 1483) - 183
(691, 1484)(507, 1484) - 184
(691, 1485)(508, 1485) - 183
(691, 1486)(507, 1486) - 184
(690, 1487)(507, 1487) - 183
(690, 1488)(507, 1488) - 183
(690, 1489)(507, 1489) - 183
(690, 1490)(507, 1490) - 183
(690, 1491)(508, 1491) - 182
(690, 1492)(507, 1492) - 183
(690, 1493)(508, 1493) - 182
(690, 1494)(508, 1494) - 182
(690, 1495)(507, 1495) - 183
(690, 1496)(507, 1496) - 183
(690, 1497)(507, 1497) - 183
(690, 1498)(507, 1498) - 183
(690, 1499)(507, 1499) - 183
(690, 1500)(506, 1500) - 184
(690, 1501)(506, 1501) - 184
(690, 1502)(506, 1502) - 184
(689, 1503)(510, 1503) - 179
(689, 1506)(508, 1506) - 181
(689, 1507)(508, 1507) - 181
(689, 1508)(508, 1508) - 181
(689, 1509)(508, 1509) - 181
(689, 1510)(508, 1510) - 181
(689, 1511)(508, 1511) - 181
(689, 1512)(508, 1512) - 181
(689, 1513)(508, 1513) - 181
(689, 1514)(508, 1514) - 181
(689, 1515)(508, 1515) - 181
(689, 1516)(507, 1516) - 182
(690, 1517)(507, 1517) - 183
(690, 1518)(507, 1518) - 183
(690, 1519)(507, 1519) - 183
(690, 1520)(507, 1520) - 183
(690, 1521)(507, 1521) - 183
(690, 1522)(507, 1522) - 183
(690, 1523)(507, 1523) - 183
(690, 1524)(507, 1524) - 183
(690, 1525)(507, 1525) - 183
(690, 1526)(507, 1526) - 183
(690, 1527)(508, 1527) - 182
(690, 1528)(508, 1528) - 182
(690, 1529)(507, 1529) - 183
(690, 1530)(507, 1530) - 183
(690, 1531)(507, 1531) - 183
(690, 1532)(507, 1532) - 183
(690, 1533)(507, 1533) - 183
(690, 1534)(507, 1534) - 183
(690, 1535)(507, 1535) - 183
(690, 1536)(507, 1536) - 183
(690, 1537)(507, 1537) - 183
(690, 1538)(507, 1538) - 183
(690, 1539)(507, 1539) - 183
(690, 1540)(507, 1540) - 183
(690, 1541)(507, 1541) - 183
(690, 1542)(507, 1542) - 183
(690, 1543)(507, 1543) - 183
(690, 1544)(507, 1544) - 183
(690, 1545)(507, 1545) - 183
(690, 1546)(507, 1546) - 183
(690, 1547)(507, 1547) - 183
(690, 1548)(507, 1548) - 183
(690, 1549)(507, 1549) - 183
(690, 1550)(507, 1550) - 183
(691, 1551)(507, 1551) - 184
(691, 1552)(507, 1552) - 184
(690, 1553)(507, 1553) - 183
(690, 1554)(507, 1554) - 183
(691, 1555)(507, 1555) - 184
(691, 1556)(507, 1556) - 184
(691, 1557)(507, 1557) - 184
(691, 1558)(507, 1558) - 184
(691, 1559)(507, 1559) - 184
(691, 1560)(507, 1560) - 184
(691, 1561)(507, 1561) - 184
(691, 1562)(507, 1562) - 184
(691, 1563)(507, 1563) - 184
(691, 1564)(507, 1564) - 184
(691, 1565)(507, 1565) - 184
(691, 1566)(507, 1566) - 184
(691, 1567)(507, 1567) - 184
(691, 1568)(507, 1568) - 184
(691, 1569)(507, 1569) - 184
(691, 1570)(507, 1570) - 184
(691, 1571)(507, 1571) - 184
(691, 1572)(507, 1572) - 184
(691, 1573)(507, 1573) - 184
(691, 1574)(507, 1574) - 184
(691, 1575)(507, 1575) - 184
(691, 1576)(507, 1576) - 184
(691, 1577)(507, 1577) - 184
(691, 1578)(507, 1578) - 184
(692, 1579)(507, 1579) - 185
(692, 1580)(507, 1580) - 185
(692, 1581)(507, 1581) - 185
(692, 1582)(507, 1582) - 185
(692, 1583)(507, 1583) - 185
(692, 1584)(507, 1584) - 185
(692, 1585)(507, 1585) - 185
(692, 1586)(507, 1586) - 185
(692, 1587)(508, 1587) - 184
(692, 1588)(507, 1588) - 185
(692, 1589)(507, 1589) - 185
(692, 1590)(507, 1590) - 185
(692, 1591)(507, 1591) - 185
(692, 1592)(507, 1592) - 185
(692, 1593)(507, 1593) - 185
(692, 1594)(507, 1594) - 185
(692, 1597)(508, 1597) - 184
(691, 1598)(507, 1598) - 184
(692, 1599)(507, 1599) - 185
(692, 1600)(507, 1600) - 185
(692, 1601)(507, 1601) - 185
(692, 1602)(507, 1602) - 185
(692, 1603)(507, 1603) - 185
(692, 1604)(507, 1604) - 185
(692, 1605)(507, 1605) - 185
(692, 1606)(507, 1606) - 185
(692, 1607)(507, 1607) - 185
(691, 1608)(507, 1608) - 184
(691, 1609)(507, 1609) - 184
(691, 1610)(507, 1610) - 184
(691, 1611)(507, 1611) - 184
(691, 1612)(507, 1612) - 184
(691, 1613)(507, 1613) - 184
(691, 1614)(507, 1614) - 184
(691, 1615)(507, 1615) - 184
(691, 1616)(507, 1616) - 184
(690, 1617)(507, 1617) - 183
(690, 1618)(507, 1618) - 183
(690, 1619)(507, 1619) - 183
(691, 1620)(507, 1620) - 184
(691, 1621)(507, 1621) - 184
(690, 1622)(507, 1622) - 183
(690, 1623)(507, 1623) - 183
(690, 1624)(507, 1624) - 183
(690, 1625)(507, 1625) - 183
(690, 1626)(507, 1626) - 183
(690, 1627)(507, 1627) - 183
(690, 1628)(507, 1628) - 183
(690, 1629)(507, 1629) - 183
(690, 1630)(507, 1630) - 183
(690, 1631)(507, 1631) - 183
(690, 1632)(507, 1632) - 183
(689, 1633)(507, 1633) - 182
(689, 1634)(507, 1634) - 182
(689, 1635)(507, 1635) - 182
(689, 1636)(507, 1636) - 182
(689, 1637)(507, 1637) - 182
(689, 1638)(507, 1638) - 182
(689, 1639)(507, 1639) - 182
(689, 1640)(507, 1640) - 182
(689, 1641)(507, 1641) - 182
(689, 1642)(507, 1642) - 182
(689, 1643)(507, 1643) - 182
(689, 1644)(507, 1644) - 182
(689, 1645)(507, 1645) - 182
(689, 1646)(507, 1646) - 182
(689, 1647)(507, 1647) - 182
(689, 1648)(507, 1648) - 182
(689, 1649)(507, 1649) - 182
(689, 1650)(507, 1650) - 182
(689, 1651)(507, 1651) - 182
(689, 1652)(507, 1652) - 182
(689, 1653)(507, 1653) - 182
(689, 1654)(507, 1654) - 182
(688, 1655)(507, 1655) - 181
(688, 1656)(507, 1656) - 181
(688, 1657)(507, 1657) - 181
(688, 1658)(507, 1658) - 181
(688, 1659)(507, 1659) - 181
(688, 1660)(507, 1660) - 181
(688, 1661)(507, 1661) - 181
(688, 1662)(507, 1662) - 181
(688, 1663)(507, 1663) - 181
(688, 1664)(507, 1664) - 181
(688, 1665)(507, 1665) - 181
(688, 1666)(507, 1666) - 181
(688, 1667)(507, 1667) - 181
(688, 1668)(507, 1668) - 181
(688, 1669)(507, 1669) - 181
(689, 1670)(507, 1670) - 182
(689, 1671)(507, 1671) - 182
(689, 1672)(507, 1672) - 182
(689, 1673)(507, 1673) - 182
(688, 1674)(507, 1674) - 181
(688, 1675)(507, 1675) - 181
(688, 1676)(507, 1676) - 181
(689, 1677)(507, 1677) - 182
(689, 1678)(507, 1678) - 182
(690, 1679)(507, 1679) - 183
(689, 1680)(507, 1680) - 182
(690, 1681)(507, 1681) - 183
(689, 1682)(507, 1682) - 182
(688, 1683)(507, 1683) - 181
(688, 1684)(507, 1684) - 181
(688, 1685)(507, 1685) - 181
(688, 1686)(507, 1686) - 181
(688, 1687)(507, 1687) - 181
(688, 1689)(507, 1689) - 181
(688, 1690)(507, 1690) - 181
(688, 1691)(507, 1691) - 181
(688, 1692)(507, 1692) - 181
(689, 1693)(507, 1693) - 182
(689, 1694)(507, 1694) - 182
(689, 1695)(507, 1695) - 182
(689, 1696)(507, 1696) - 182
(689, 1697)(507, 1697) - 182
(689, 1698)(507, 1698) - 182
(689, 1699)(507, 1699) - 182
(689, 1700)(507, 1700) - 182
(689, 1701)(507, 1701) - 182
(689, 1702)(507, 1702) - 182
(690, 1703)(507, 1703) - 183
(690, 1704)(507, 1704) - 183
(690, 1705)(507, 1705) - 183
(690, 1706)(507, 1706) - 183
(690, 1707)(507, 1707) - 183
(690, 1708)(507, 1708) - 183
(690, 1709)(507, 1709) - 183
(690, 1710)(507, 1710) - 183
(690, 1711)(507, 1711) - 183
(690, 1712)(507, 1712) - 183
(690, 1713)(507, 1713) - 183
(690, 1714)(507, 1714) - 183
(690, 1715)(507, 1715) - 183
(690, 1716)(507, 1716) - 183
(690, 1717)(507, 1717) - 183
(690, 1718)(507, 1718) - 183
(690, 1719)(507, 1719) - 183
(690, 1720)(507, 1720) - 183
(690, 1721)(507, 1721) - 183
(690, 1722)(507, 1722) - 183
(690, 1723)(507, 1723) - 183
(690, 1724)(507, 1724) - 183
(690, 1725)(507, 1725) - 183
(690, 1726)(507, 1726) - 183
(690, 1727)(507, 1727) - 183
(690, 1728)(507, 1728) - 183
(690, 1729)(507, 1729) - 183
(690, 1730)(507, 1730) - 183
(690, 1731)(507, 1731) - 183
(689, 1732)(507, 1732) - 182
(689, 1733)(507, 1733) - 182
(689, 1734)(507, 1734) - 182
(689, 1735)(507, 1735) - 182
(689, 1736)(507, 1736) - 182
(689, 1737)(507, 1737) - 182
(689, 1738)(507, 1738) - 182
(689, 1739)(507, 1739) - 182
(689, 1740)(507, 1740) - 182
(689, 1741)(507, 1741) - 182
(689, 1742)(507, 1742) - 182
(689, 1743)(507, 1743) - 182
(689, 1744)(507, 1744) - 182
(689, 1745)(507, 1745) - 182
(689, 1746)(507, 1746) - 182
(689, 1747)(507, 1747) - 182
(689, 1748)(507, 1748) - 182
(689, 1749)(507, 1749) - 182
(689, 1750)(507, 1750) - 182
(689, 1751)(507, 1751) - 182
(689, 1752)(507, 1752) - 182
(689, 1753)(507, 1753) - 182
(689, 1754)(507, 1754) - 182
(689, 1755)(507, 1755) - 182
(690, 1756)(507, 1756) - 183
(690, 1757)(507, 1757) - 183
(689, 1758)(507, 1758) - 182
(689, 1759)(507, 1759) - 182
(689, 1760)(507, 1760) - 182
(689, 1761)(507, 1761) - 182
(689, 1762)(507, 1762) - 182
(689, 1763)(507, 1763) - 182
(689, 1764)(507, 1764) - 182
(689, 1765)(507, 1765) - 182
(689, 1766)(507, 1766) - 182
(689, 1767)(507, 1767) - 182
(689, 1768)(507, 1768) - 182
(689, 1769)(507, 1769) - 182
(689, 1770)(507, 1770) - 182
(689, 1771)(507, 1771) - 182
(689, 1772)(507, 1772) - 182
(689, 1773)(507, 1773) - 182
(689, 1774)(507, 1774) - 182
(690, 1775)(507, 1775) - 183
(690, 1776)(507, 1776) - 183
(690, 1777)(507, 1777) - 183
(689, 1778)(507, 1778) - 182
(690, 1781)(507, 1781) - 183
(689, 1782)(507, 1782) - 182
(690, 1783)(507, 1783) - 183
(690, 1784)(507, 1784) - 183
(690, 1785)(507, 1785) - 183
(690, 1786)(507, 1786) - 183
(690, 1787)(507, 1787) - 183
(690, 1788)(507, 1788) - 183
(691, 1789)(507, 1789) - 184
(691, 1790)(507, 1790) - 184
(690, 1791)(507, 1791) - 183
(690, 1792)(507, 1792) - 183
(690, 1793)(507, 1793) - 183
(690, 1794)(507, 1794) - 183
(690, 1795)(507, 1795) - 183
(690, 1796)(507, 1796) - 183
(691, 1797)(507, 1797) - 184
(690, 1798)(507, 1798) - 183
(690, 1799)(507, 1799) - 183
(690, 1800)(507, 1800) - 183
(690, 1801)(507, 1801) - 183
(690, 1802)(507, 1802) - 183
(690, 1803)(507, 1803) - 183
(690, 1804)(507, 1804) - 183
(690, 1805)(507, 1805) - 183
(690, 1806)(507, 1806) - 183
(690, 1807)(507, 1807) - 183
(690, 1808)(507, 1808) - 183
(690, 1809)(507, 1809) - 183
(690, 1810)(507, 1810) - 183
(689, 1811)(507, 1811) - 182
(689, 1812)(507, 1812) - 182
(689, 1813)(507, 1813) - 182
(689, 1814)(507, 1814) - 182
(689, 1815)(507, 1815) - 182
(689, 1816)(507, 1816) - 182
(689, 1817)(507, 1817) - 182
(689, 1818)(507, 1818) - 182
(689, 1819)(507, 1819) - 182
(689, 1820)(507, 1820) - 182
(689, 1821)(507, 1821) - 182
(689, 1822)(507, 1822) - 182
(689, 1823)(507, 1823) - 182
(689, 1824)(507, 1824) - 182
(689, 1825)(507, 1825) - 182
(689, 1826)(507, 1826) - 182
(689, 1827)(507, 1827) - 182
(689, 1828)(507, 1828) - 182
(689, 1829)(507, 1829) - 182
(689, 1830)(507, 1830) - 182
(688, 1831)(507, 1831) - 181
(688, 1832)(507, 1832) - 181
(688, 1833)(507, 1833) - 181
(689, 1834)(507, 1834) - 182
(689, 1835)(507, 1835) - 182
(688, 1836)(507, 1836) - 181
(688, 1837)(507, 1837) - 181
(688, 1838)(507, 1838) - 181
(688, 1839)(507, 1839) - 181
(688, 1840)(507, 1840) - 181
(688, 1841)(507, 1841) - 181
(688, 1842)(506, 1842) - 182
(688, 1843)(506, 1843) - 182
(688, 1844)(507, 1844) - 181
(688, 1845)(506, 1845) - 182
(688, 1846)(506, 1846) - 182
(688, 1847)(506, 1847) - 182
(688, 1848)(506, 1848) - 182
(688, 1849)(506, 1849) - 182
(689, 1850)(506, 1850) - 183
(689, 1851)(506, 1851) - 183
(689, 1852)(506, 1852) - 183
(689, 1853)(506, 1853) - 183
(689, 1854)(506, 1854) - 183
(689, 1855)(506, 1855) - 183
(689, 1856)(507, 1856) - 182
(689, 1857)(507, 1857) - 182
(689, 1858)(507, 1858) - 182
(689, 1859)(507, 1859) - 182
(689, 1860)(507, 1860) - 182
(689, 1861)(507, 1861) - 182
(689, 1862)(507, 1862) - 182
(689, 1863)(506, 1863) - 183
(689, 1864)(506, 1864) - 183
(689, 1865)(506, 1865) - 183
(689, 1866)(506, 1866) - 183
(689, 1867)(506, 1867) - 183
(689, 1868)(507, 1868) - 182
(689, 1871)(507, 1871) - 182
(689, 1872)(507, 1872) - 182
(689, 1873)(507, 1873) - 182
(689, 1874)(507, 1874) - 182
(688, 1875)(507, 1875) - 181
(689, 1876)(507, 1876) - 182
(689, 1877)(507, 1877) - 182
(688, 1878)(507, 1878) - 181
(689, 1879)(507, 1879) - 182
(689, 1880)(507, 1880) - 182
(689, 1881)(507, 1881) - 182
(689, 1882)(507, 1882) - 182
(689, 1883)(507, 1883) - 182
(689, 1884)(507, 1884) - 182
(689, 1885)(506, 1885) - 183
(689, 1886)(506, 1886) - 183
(689, 1887)(506, 1887) - 183
(689, 1888)(507, 1888) - 182
(689, 1889)(506, 1889) - 183
(689, 1890)(506, 1890) - 183
(689, 1891)(506, 1891) - 183
(689, 1892)(506, 1892) - 183
(689, 1893)(506, 1893) - 183
(689, 1894)(506, 1894) - 183
(689, 1895)(506, 1895) - 183
(689, 1896)(506, 1896) - 183
(689, 1897)(506, 1897) - 183
(689, 1898)(506, 1898) - 183
(689, 1899)(506, 1899) - 183
(689, 1900)(506, 1900) - 183
(689, 1901)(506, 1901) - 183
(689, 1902)(506, 1902) - 183
(689, 1903)(506, 1903) - 183
(690, 1904)(506, 1904) - 184
(690, 1905)(506, 1905) - 184
(690, 1906)(506, 1906) - 184
(690, 1907)(506, 1907) - 184
(690, 1908)(506, 1908) - 184
(690, 1909)(506, 1909) - 184
(690, 1910)(506, 1910) - 184
(690, 1911)(506, 1911) - 184
(690, 1912)(506, 1912) - 184
(690, 1913)(506, 1913) - 184
(690, 1914)(506, 1914) - 184
(690, 1915)(506, 1915) - 184
(689, 1916)(506, 1916) - 183
(689, 1917)(506, 1917) - 183
(689, 1918)(506, 1918) - 183
(690, 1919)(506, 1919) - 184
(690, 1920)(507, 1920) - 183
(689, 1921)(507, 1921) - 182
(689, 1922)(507, 1922) - 182
(689, 1923)(506, 1923) - 183
(689, 1924)(506, 1924) - 183
(689, 1925)(506, 1925) - 183
(689, 1926)(506, 1926) - 183
(689, 1927)(506, 1927) - 183
(689, 1928)(506, 1928) - 183
(689, 1929)(506, 1929) - 183
(689, 1930)(506, 1930) - 183
(689, 1931)(506, 1931) - 183
(689, 1932)(506, 1932) - 183
(689, 1933)(506, 1933) - 183
(689, 1934)(506, 1934) - 183
(689, 1935)(506, 1935) - 183
(689, 1936)(506, 1936) - 183
(689, 1937)(506, 1937) - 183
(689, 1938)(506, 1938) - 183
(689, 1939)(506, 1939) - 183
(689, 1940)(506, 1940) - 183
(689, 1941)(506, 1941) - 183
(689, 1942)(506, 1942) - 183
(689, 1943)(506, 1943) - 183
(688, 1944)(506, 1944) - 182
(688, 1945)(506, 1945) - 182
(688, 1946)(506, 1946) - 182
(688, 1947)(507, 1947) - 181
(688, 1948)(507, 1948) - 181
(688, 1949)(507, 1949) - 181
(688, 1950)(506, 1950) - 182
(688, 1951)(506, 1951) - 182
(688, 1952)(506, 1952) - 182
(688, 1953)(506, 1953) - 182
(688, 1954)(506, 1954) - 182
(688, 1955)(506, 1955) - 182
(688, 1956)(506, 1956) - 182
(688, 1957)(506, 1957) - 182
(688, 1958)(506, 1958) - 182
(688, 1959)(506, 1959) - 182
(688, 1962)(506, 1962) - 182
(688, 1963)(506, 1963) - 182
(687, 1964)(506, 1964) - 181
(688, 1965)(506, 1965) - 182
(688, 1966)(506, 1966) - 182
(688, 1967)(506, 1967) - 182
(689, 1968)(506, 1968) - 183
(689, 1969)(506, 1969) - 183
(689, 1970)(507, 1970) - 182
(689, 1971)(506, 1971) - 183
(689, 1972)(506, 1972) - 183
(689, 1973)(506, 1973) - 183
(689, 1974)(506, 1974) - 183
(689, 1975)(506, 1975) - 183
(689, 1976)(506, 1976) - 183
(690, 1977)(506, 1977) - 184
(690, 1978)(506, 1978) - 184
(690, 1979)(506, 1979) - 184
(690, 1980)(506, 1980) - 184
(690, 1981)(506, 1981) - 184
(690, 1982)(506, 1982) - 184
(690, 1983)(506, 1983) - 184
(690, 1984)(506, 1984) - 184
(690, 1985)(506, 1985) - 184
(690, 1986)(506, 1986) - 184
(690, 1987)(506, 1987) - 184
(690, 1988)(506, 1988) - 184
(690, 1989)(506, 1989) - 184
(690, 1990)(506, 1990) - 184
(690, 1991)(506, 1991) - 184
(690, 1992)(506, 1992) - 184
(690, 1993)(506, 1993) - 184
(691, 1994)(506, 1994) - 185
(691, 1995)(506, 1995) - 185
(691, 1996)(506, 1996) - 185
(691, 1997)(506, 1997) - 185
(691, 1998)(506, 1998) - 185
(691, 1999)(506, 1999) - 185
(691, 2000)(506, 2000) - 185
(691, 2001)(506, 2001) - 185
(691, 2002)(506, 2002) - 185
(691, 2003)(506, 2003) - 185
(690, 2004)(506, 2004) - 184
(690, 2005)(506, 2005) - 184
(690, 2006)(506, 2006) - 184
(690, 2007)(506, 2007) - 184
(690, 2008)(506, 2008) - 184
(690, 2009)(506, 2009) - 184
(690, 2010)(506, 2010) - 184
(690, 2011)(506, 2011) - 184
(690, 2012)(506, 2012) - 184
(690, 2013)(506, 2013) - 184
(690, 2014)(506, 2014) - 184
(690, 2015)(506, 2015) - 184
(690, 2016)(506, 2016) - 184
(690, 2017)(506, 2017) - 184
(690, 2018)(506, 2018) - 184
(690, 2019)(506, 2019) - 184
(689, 2020)(506, 2020) - 183
(689, 2021)(506, 2021) - 183
(689, 2022)(506, 2022) - 183
(689, 2023)(506, 2023) - 183
(689, 2024)(506, 2024) - 183
(689, 2025)(506, 2025) - 183
(689, 2026)(506, 2026) - 183
(689, 2027)(506, 2027) - 183
(689, 2028)(506, 2028) - 183
(689, 2029)(506, 2029) - 183
(689, 2030)(506, 2030) - 183
(689, 2031)(506, 2031) - 183
(689, 2032)(506, 2032) - 183
(689, 2033)(506, 2033) - 183
(689, 2034)(506, 2034) - 183
(689, 2035)(506, 2035) - 183
(689, 2036)(506, 2036) - 183
(689, 2037)(506, 2037) - 183
(689, 2038)(506, 2038) - 183
(689, 2039)(506, 2039) - 183
(689, 2040)(506, 2040) - 183
(689, 2041)(506, 2041) - 183
(689, 2042)(506, 2042) - 183
(689, 2043)(506, 2043) - 183
(689, 2044)(506, 2044) - 183
(689, 2045)(506, 2045) - 183
(690, 2046)(506, 2046) - 184
(690, 2047)(506, 2047) - 184
(690, 2048)(506, 2048) - 184
(690, 2049)(506, 2049) - 184
(690, 2050)(506, 2050) - 184
(690, 2051)(509, 2051) - 181
(689, 2052)(512, 2052) - 177
(689, 2053)(509, 2053) - 180
(689, 2054)(506, 2054) - 183
(689, 2055)(506, 2055) - 183
(689, 2056)(506, 2056) - 183
(689, 2057)(506, 2057) - 183
(689, 2058)(506, 2058) - 183
(689, 2059)(506, 2059) - 183
(689, 2060)(506, 2060) - 183
(689, 2061)(506, 2061) - 183
(689, 2062)(506, 2062) - 183
(689, 2063)(506, 2063) - 183
(689, 2064)(506, 2064) - 183
(689, 2065)(506, 2065) - 183
(689, 2066)(506, 2066) - 183
(689, 2067)(506, 2067) - 183
(689, 2068)(506, 2068) - 183
(690, 2069)(506, 2069) - 184
(690, 2070)(506, 2070) - 184
(689, 2071)(506, 2071) - 183
(689, 2072)(506, 2072) - 183
(689, 2073)(506, 2073) - 183
(689, 2074)(506, 2074) - 183
(689, 2075)(506, 2075) - 183
(689, 2076)(506, 2076) - 183
(689, 2077)(506, 2077) - 183
(689, 2078)(506, 2078) - 183
(689, 2079)(506, 2079) - 183
(689, 2080)(506, 2080) - 183
(688, 2081)(506, 2081) - 182
(688, 2082)(506, 2082) - 182
(688, 2083)(506, 2083) - 182
(688, 2084)(506, 2084) - 182
(688, 2085)(506, 2085) - 182
(688, 2086)(506, 2086) - 182
(688, 2087)(506, 2087) - 182
(688, 2088)(506, 2088) - 182
(687, 2089)(506, 2089) - 181
(687, 2090)(506, 2090) - 181
(687, 2091)(506, 2091) - 181
(687, 2092)(506, 2092) - 181
(687, 2093)(506, 2093) - 181
(687, 2094)(506, 2094) - 181
(687, 2095)(506, 2095) - 181
(687, 2096)(506, 2096) - 181
(687, 2097)(506, 2097) - 181
(687, 2098)(506, 2098) - 181
(686, 2099)(506, 2099) - 180
(686, 2100)(506, 2100) - 180
(686, 2101)(506, 2101) - 180
(686, 2102)(506, 2102) - 180
(686, 2103)(506, 2103) - 180
(686, 2104)(506, 2104) - 180
(686, 2105)(506, 2105) - 180
(686, 2106)(506, 2106) - 180
(686, 2107)(506, 2107) - 180
(686, 2108)(506, 2108) - 180
(686, 2109)(506, 2109) - 180
(687, 2110)(506, 2110) - 181
(687, 2111)(506, 2111) - 181
(687, 2112)(506, 2112) - 181
(687, 2113)(506, 2113) - 181
(687, 2114)(506, 2114) - 181
(687, 2115)(506, 2115) - 181
(687, 2116)(506, 2116) - 181
(687, 2117)(506, 2117) - 181
(687, 2118)(506, 2118) - 181
(687, 2119)(506, 2119) - 181
(687, 2120)(505, 2120) - 182
(687, 2121)(505, 2121) - 182
(687, 2122)(505, 2122) - 182
(687, 2123)(506, 2123) - 181
(686, 2124)(506, 2124) - 180
(687, 2125)(506, 2125) - 181
(687, 2126)(506, 2126) - 181
(686, 2127)(506, 2127) - 180
(686, 2128)(506, 2128) - 180
(686, 2129)(506, 2129) - 180
(687, 2130)(506, 2130) - 181
(686, 2131)(506, 2131) - 180
(686, 2132)(506, 2132) - 180
(686, 2133)(506, 2133) - 180
(686, 2134)(506, 2134) - 180
(686, 2135)(506, 2135) - 180
(686, 2136)(506, 2136) - 180
(686, 2137)(506, 2137) - 180
(686, 2138)(506, 2138) - 180
(685, 2139)(506, 2139) - 179
(685, 2140)(506, 2140) - 179
(685, 2141)(505, 2141) - 180
(685, 2142)(505, 2142) - 180
(685, 2143)(506, 2143) - 179
(685, 2144)(506, 2144) - 179
(685, 2145)(506, 2145) - 179
(685, 2146)(505, 2146) - 180
(685, 2147)(505, 2147) - 180
(685, 2148)(506, 2148) - 179
(685, 2149)(506, 2149) - 179
(685, 2150)(506, 2150) - 179
(685, 2151)(506, 2151) - 179
(685, 2152)(506, 2152) - 179
(685, 2153)(506, 2153) - 179
(685, 2154)(505, 2154) - 180
(685, 2155)(505, 2155) - 180
(685, 2156)(505, 2156) - 180
(685, 2157)(505, 2157) - 180
(685, 2158)(505, 2158) - 180
(685, 2159)(505, 2159) - 180
(685, 2160)(505, 2160) - 180
(685, 2161)(506, 2161) - 179
(685, 2162)(506, 2162) - 179
(685, 2163)(506, 2163) - 179
(685, 2164)(506, 2164) - 179
(685, 2165)(506, 2165) - 179
(685, 2166)(506, 2166) - 179
(685, 2167)(506, 2167) - 179
(685, 2168)(506, 2168) - 179
(686, 2169)(506, 2169) - 180
(686, 2170)(506, 2170) - 180
(686, 2171)(506, 2171) - 180
(686, 2172)(506, 2172) - 180
(686, 2173)(506, 2173) - 180
(686, 2174)(506, 2174) - 180
(686, 2175)(506, 2175) - 180
(686, 2176)(506, 2176) - 180
(686, 2177)(506, 2177) - 180
(685, 2178)(506, 2178) - 179
(686, 2179)(506, 2179) - 180
(686, 2180)(506, 2180) - 180
(685, 2181)(506, 2181) - 179
(685, 2182)(506, 2182) - 179
(685, 2183)(506, 2183) - 179
(685, 2184)(505, 2184) - 180
(685, 2185)(505, 2185) - 180
(685, 2186)(505, 2186) - 180
(685, 2187)(505, 2187) - 180
(685, 2188)(505, 2188) - 180
(685, 2189)(505, 2189) - 180
(685, 2190)(506, 2190) - 179
(685, 2191)(506, 2191) - 179
(685, 2192)(506, 2192) - 179
(685, 2193)(506, 2193) - 179
(685, 2194)(506, 2194) - 179
(685, 2195)(506, 2195) - 179
(685, 2196)(506, 2196) - 179
(685, 2197)(506, 2197) - 179
(685, 2198)(506, 2198) - 179
(685, 2199)(506, 2199) - 179
(685, 2200)(506, 2200) - 179
(685, 2201)(506, 2201) - 179
(685, 2202)(505, 2202) - 180
(685, 2203)(505, 2203) - 180
(685, 2204)(505, 2204) - 180
(685, 2205)(505, 2205) - 180
(685, 2206)(505, 2206) - 180
(685, 2207)(505, 2207) - 180
(685, 2208)(505, 2208) - 180
(685, 2209)(505, 2209) - 180
(685, 2210)(505, 2210) - 180
(685, 2211)(505, 2211) - 180
(685, 2212)(505, 2212) - 180
(685, 2213)(505, 2213) - 180
(685, 2214)(505, 2214) - 180
(685, 2215)(505, 2215) - 180
(685, 2216)(505, 2216) - 180
(685, 2217)(505, 2217) - 180
(685, 2218)(505, 2218) - 180
(686, 2219)(505, 2219) - 181
(686, 2220)(505, 2220) - 181
(686, 2221)(505, 2221) - 181
(686, 2222)(505, 2222) - 181
(686, 2223)(505, 2223) - 181
(686, 2224)(505, 2224) - 181
(686, 2225)(505, 2225) - 181
(686, 2226)(505, 2226) - 181
(686, 2227)(506, 2227) - 180
(686, 2228)(505, 2228) - 181
(686, 2229)(505, 2229) - 181
(686, 2230)(505, 2230) - 181
(686, 2231)(505, 2231) - 181
(686, 2232)(505, 2232) - 181
(686, 2233)(505, 2233) - 181
(686, 2234)(505, 2234) - 181
(686, 2237)(506, 2237) - 180
(686, 2238)(505, 2238) - 181
(686, 2239)(505, 2239) - 181
(686, 2240)(507, 2240) - 179
(686, 2241)(506, 2241) - 180
(686, 2242)(506, 2242) - 180
(686, 2243)(506, 2243) - 180
(686, 2244)(505, 2244) - 181
(686, 2245)(505, 2245) - 181
(686, 2246)(505, 2246) - 181
(686, 2247)(505, 2247) - 181
(686, 2248)(505, 2248) - 181
(686, 2249)(505, 2249) - 181
(686, 2250)(505, 2250) - 181
(686, 2251)(505, 2251) - 181
(686, 2252)(505, 2252) - 181
(686, 2253)(505, 2253) - 181
(686, 2254)(505, 2254) - 181
(686, 2255)(505, 2255) - 181
(686, 2256)(505, 2256) - 181
(686, 2257)(505, 2257) - 181
(686, 2258)(505, 2258) - 181
(686, 2259)(505, 2259) - 181
(686, 2260)(505, 2260) - 181
(686, 2261)(505, 2261) - 181
(687, 2262)(505, 2262) - 182
(687, 2263)(505, 2263) - 182
(687, 2264)(505, 2264) - 182
(687, 2265)(505, 2265) - 182
(687, 2266)(505, 2266) - 182
(687, 2267)(505, 2267) - 182
(687, 2268)(505, 2268) - 182
(688, 2269)(505, 2269) - 183
(688, 2270)(505, 2270) - 183
(688, 2271)(505, 2271) - 183
(688, 2272)(505, 2272) - 183
(688, 2273)(505, 2273) - 183
(688, 2274)(505, 2274) - 183
(688, 2275)(505, 2275) - 183
(688, 2276)(505, 2276) - 183
(689, 2277)(505, 2277) - 184
(689, 2278)(505, 2278) - 184
(689, 2279)(505, 2279) - 184
(689, 2280)(505, 2280) - 184
(689, 2281)(505, 2281) - 184
(689, 2282)(505, 2282) - 184
(689, 2283)(505, 2283) - 184
(689, 2284)(505, 2284) - 184
(689, 2285)(505, 2285) - 184
(689, 2286)(505, 2286) - 184
(689, 2287)(505, 2287) - 184
(689, 2288)(505, 2288) - 184
(689, 2289)(505, 2289) - 184
(689, 2290)(505, 2290) - 184
(689, 2291)(505, 2291) - 184
(689, 2292)(505, 2292) - 184
(689, 2293)(505, 2293) - 184
(689, 2294)(505, 2294) - 184
(689, 2295)(505, 2295) - 184
(689, 2296)(505, 2296) - 184
(689, 2297)(505, 2297) - 184
(689, 2298)(505, 2298) - 184
(689, 2299)(505, 2299) - 184
(689, 2300)(505, 2300) - 184
(689, 2301)(505, 2301) - 184
(690, 2302)(505, 2302) - 185
(690, 2303)(505, 2303) - 185
(690, 2304)(505, 2304) - 185
(690, 2305)(505, 2305) - 185
(690, 2306)(505, 2306) - 185
(690, 2307)(505, 2307) - 185
(690, 2308)(505, 2308) - 185
(690, 2309)(505, 2309) - 185
(690, 2310)(505, 2310) - 185
(690, 2311)(505, 2311) - 185
(690, 2312)(505, 2312) - 185
(690, 2313)(505, 2313) - 185
(690, 2314)(505, 2314) - 185
(689, 2315)(505, 2315) - 184
(689, 2316)(505, 2316) - 184
(689, 2317)(505, 2317) - 184
(689, 2318)(505, 2318) - 184
(689, 2319)(505, 2319) - 184
(689, 2320)(505, 2320) - 184
(689, 2321)(505, 2321) - 184
(689, 2322)(505, 2322) - 184
