(769, 141)(703, 141) - 66
(769, 142)(703, 142) - 66
(769, 143)(703, 143) - 66
(770, 144)(702, 144) - 68
(771, 145)(702, 145) - 69
(771, 146)(702, 146) - 69
(771, 147)(702, 147) - 69
(771, 148)(702, 148) - 69
(772, 149)(703, 149) - 69
(772, 150)(703, 150) - 69
(772, 151)(703, 151) - 69
(772, 152)(703, 152) - 69
(772, 153)(703, 153) - 69
(772, 154)(703, 154) - 69
(772, 155)(703, 155) - 69
(771, 156)(703, 156) - 68
(771, 157)(703, 157) - 68
(771, 158)(703, 158) - 68
(771, 159)(703, 159) - 68
(770, 160)(703, 160) - 67
(770, 161)(703, 161) - 67
(771, 162)(703, 162) - 68
(771, 163)(703, 163) - 68
(771, 164)(703, 164) - 68
(771, 165)(703, 165) - 68
(771, 166)(703, 166) - 68
(771, 167)(703, 167) - 68
(771, 168)(703, 168) - 68
(771, 169)(703, 169) - 68
(770, 170)(703, 170) - 67
(770, 171)(703, 171) - 67
(769, 172)(703, 172) - 66
(769, 173)(703, 173) - 66
(768, 174)(703, 174) - 65
(768, 175)(703, 175) - 65
(768, 176)(703, 176) - 65
(767, 177)(703, 177) - 64
(767, 178)(703, 178) - 64
(766, 179)(703, 179) - 63
(766, 180)(703, 180) - 63
(766, 181)(703, 181) - 63
(766, 182)(703, 182) - 63
(766, 183)(703, 183) - 63
(766, 184)(703, 184) - 63
(765, 185)(703, 185) - 62
(765, 186)(703, 186) - 62
(765, 187)(703, 187) - 62
(765, 188)(703, 188) - 62
(765, 189)(703, 189) - 62
(765, 190)(703, 190) - 62
(766, 191)(703, 191) - 63
(766, 192)(703, 192) - 63
(767, 193)(703, 193) - 64
(767, 194)(703, 194) - 64
(767, 195)(703, 195) - 64
(767, 196)(703, 196) - 64
(768, 197)(703, 197) - 65
(768, 198)(703, 198) - 65
(768, 199)(703, 199) - 65
(768, 200)(703, 200) - 65
(768, 201)(703, 201) - 65
(768, 202)(703, 202) - 65
(768, 203)(702, 203) - 66
(768, 204)(702, 204) - 66
(768, 205)(703, 205) - 65
(768, 206)(703, 206) - 65
(768, 207)(703, 207) - 65
(767, 208)(703, 208) - 64
(767, 209)(703, 209) - 64
(767, 210)(703, 210) - 64
(767, 211)(703, 211) - 64
(767, 212)(703, 212) - 64
(767, 213)(703, 213) - 64
(766, 214)(703, 214) - 63
(766, 215)(703, 215) - 63
(765, 216)(703, 216) - 62
(765, 217)(703, 217) - 62
(766, 218)(703, 218) - 63
(766, 219)(703, 219) - 63
(766, 220)(703, 220) - 63
(767, 221)(703, 221) - 64
(767, 222)(703, 222) - 64
(768, 223)(703, 223) - 65
(768, 224)(703, 224) - 65
(768, 225)(703, 225) - 65
(768, 226)(702, 226) - 66
(767, 229)(703, 229) - 64
(766, 230)(703, 230) - 63
(766, 231)(702, 231) - 64
(765, 232)(702, 232) - 63
(764, 233)(702, 233) - 62
(764, 234)(702, 234) - 62
(764, 235)(702, 235) - 62
(764, 236)(702, 236) - 62
(763, 237)(702, 237) - 61
(763, 238)(702, 238) - 61
(763, 239)(702, 239) - 61
(762, 240)(701, 240) - 61
(762, 241)(702, 241) - 60
(762, 242)(703, 242) - 59
(762, 243)(703, 243) - 59
(761, 244)(703, 244) - 58
(761, 245)(703, 245) - 58
(760, 246)(703, 246) - 57
(760, 247)(703, 247) - 57
(760, 248)(703, 248) - 57
(760, 249)(703, 249) - 57
(759, 250)(703, 250) - 56
(759, 251)(703, 251) - 56
(759, 252)(703, 252) - 56
(759, 253)(703, 253) - 56
(759, 254)(703, 254) - 56
(759, 255)(703, 255) - 56
(759, 256)(703, 256) - 56
(759, 257)(703, 257) - 56
(758, 258)(703, 258) - 55
(758, 259)(703, 259) - 55
(758, 260)(703, 260) - 55
(758, 261)(703, 261) - 55
(758, 262)(703, 262) - 55
(758, 263)(703, 263) - 55
(757, 264)(703, 264) - 54
(757, 265)(703, 265) - 54
(757, 266)(703, 266) - 54
(757, 267)(703, 267) - 54
(757, 268)(703, 268) - 54
(757, 269)(703, 269) - 54
(756, 270)(703, 270) - 53
(756, 271)(703, 271) - 53
(756, 272)(703, 272) - 53
(756, 273)(703, 273) - 53
(755, 274)(703, 274) - 52
(755, 275)(703, 275) - 52
(755, 276)(703, 276) - 52
(755, 277)(703, 277) - 52
(755, 278)(703, 278) - 52
(755, 279)(703, 279) - 52
(755, 280)(703, 280) - 52
(755, 281)(703, 281) - 52
(755, 282)(703, 282) - 52
(754, 283)(703, 283) - 51
(754, 284)(703, 284) - 51
(754, 285)(703, 285) - 51
(754, 286)(703, 286) - 51
(753, 287)(703, 287) - 50
(753, 288)(703, 288) - 50
(753, 289)(703, 289) - 50
(753, 290)(703, 290) - 50
(753, 291)(703, 291) - 50
(752, 292)(703, 292) - 49
(752, 293)(703, 293) - 49
(752, 294)(703, 294) - 49
(752, 295)(703, 295) - 49
(751, 296)(703, 296) - 48
(751, 297)(703, 297) - 48
(751, 298)(703, 298) - 48
(750, 299)(703, 299) - 47
(750, 300)(703, 300) - 47
(750, 301)(703, 301) - 47
(748, 302)(703, 302) - 45
(749, 303)(703, 303) - 46
(749, 304)(703, 304) - 46
(748, 305)(703, 305) - 45
(748, 306)(703, 306) - 45
(748, 307)(703, 307) - 45
(748, 308)(703, 308) - 45
(748, 309)(703, 309) - 45
(748, 310)(703, 310) - 45
(748, 311)(703, 311) - 45
(747, 312)(703, 312) - 44
(747, 313)(703, 313) - 44
(747, 314)(703, 314) - 44
(747, 315)(703, 315) - 44
(747, 316)(703, 316) - 44
(747, 317)(703, 317) - 44
(746, 320)(703, 320) - 43
(747, 321)(703, 321) - 44
(747, 322)(703, 322) - 44
(747, 323)(703, 323) - 44
(746, 332)(703, 332) - 43
(746, 333)(703, 333) - 43
(746, 334)(703, 334) - 43
(746, 335)(703, 335) - 43
(746, 336)(703, 336) - 43
(746, 337)(703, 337) - 43
(746, 338)(703, 338) - 43
(746, 339)(703, 339) - 43
(746, 340)(703, 340) - 43
(746, 341)(703, 341) - 43
(746, 342)(703, 342) - 43
(747, 343)(703, 343) - 44
(747, 344)(703, 344) - 44
(748, 345)(703, 345) - 45
(748, 346)(703, 346) - 45
(749, 347)(704, 347) - 45
(749, 348)(704, 348) - 45
(750, 349)(704, 349) - 46
(751, 350)(704, 350) - 47
(751, 351)(704, 351) - 47
(752, 352)(704, 352) - 48
(753, 353)(704, 353) - 49
(753, 354)(704, 354) - 49
(753, 355)(703, 355) - 50
(753, 356)(704, 356) - 49
(752, 357)(704, 357) - 48
(752, 358)(704, 358) - 48
(752, 359)(704, 359) - 48
(752, 360)(704, 360) - 48
(751, 361)(704, 361) - 47
(751, 362)(704, 362) - 47
(751, 363)(704, 363) - 47
(750, 364)(704, 364) - 46
(750, 365)(704, 365) - 46
(749, 366)(704, 366) - 45
(748, 367)(704, 367) - 44
(748, 368)(704, 368) - 44
(748, 369)(704, 369) - 44
(747, 370)(704, 370) - 43
(747, 371)(704, 371) - 43
(747, 372)(704, 372) - 43
(747, 373)(704, 373) - 43
(747, 374)(704, 374) - 43
(747, 375)(704, 375) - 43
(746, 376)(704, 376) - 42
(746, 377)(704, 377) - 42
(746, 378)(704, 378) - 42
(746, 379)(704, 379) - 42
(746, 380)(704, 380) - 42
(746, 381)(704, 381) - 42
(746, 382)(704, 382) - 42
(746, 383)(704, 383) - 42
(746, 384)(704, 384) - 42
(745, 385)(704, 385) - 41
(745, 386)(704, 386) - 41
(745, 387)(704, 387) - 41
(745, 388)(704, 388) - 41
(744, 389)(704, 389) - 40
(744, 390)(704, 390) - 40
(744, 391)(704, 391) - 40
(744, 392)(704, 392) - 40
(744, 393)(704, 393) - 40
(744, 394)(704, 394) - 40
(744, 395)(704, 395) - 40
(745, 396)(704, 396) - 41
(745, 397)(704, 397) - 41
(745, 398)(704, 398) - 41
(745, 399)(704, 399) - 41
(745, 400)(704, 400) - 41
(745, 401)(704, 401) - 41
(745, 402)(704, 402) - 41
(745, 403)(704, 403) - 41
(745, 404)(704, 404) - 41
(745, 405)(704, 405) - 41
(745, 407)(704, 407) - 41
(743, 410)(704, 410) - 39
(743, 411)(704, 411) - 39
(743, 412)(704, 412) - 39
(741, 424)(704, 424) - 37
(741, 425)(704, 425) - 37
(741, 426)(704, 426) - 37
(741, 427)(704, 427) - 37
(741, 428)(704, 428) - 37
(741, 429)(704, 429) - 37
(741, 430)(704, 430) - 37
(741, 431)(704, 431) - 37
(740, 432)(704, 432) - 36
(740, 433)(704, 433) - 36
(740, 434)(704, 434) - 36
(740, 435)(704, 435) - 36
(740, 436)(704, 436) - 36
(740, 437)(704, 437) - 36
(739, 438)(704, 438) - 35
(739, 439)(704, 439) - 35
(739, 440)(704, 440) - 35
(739, 441)(704, 441) - 35
(739, 442)(704, 442) - 35
(739, 443)(704, 443) - 35
(739, 444)(704, 444) - 35
(739, 445)(704, 445) - 35
(740, 446)(704, 446) - 36
(740, 447)(704, 447) - 36
(740, 448)(704, 448) - 36
(740, 449)(704, 449) - 36
(740, 450)(704, 450) - 36
(741, 451)(705, 451) - 36
(741, 452)(705, 452) - 36
(742, 453)(704, 453) - 38
(742, 454)(704, 454) - 38
(742, 455)(704, 455) - 38
(743, 456)(704, 456) - 39
(743, 457)(704, 457) - 39
(743, 458)(704, 458) - 39
(744, 459)(704, 459) - 40
(744, 460)(704, 460) - 40
(744, 461)(705, 461) - 39
(744, 462)(705, 462) - 39
(744, 463)(705, 463) - 39
(744, 464)(705, 464) - 39
(744, 465)(705, 465) - 39
(744, 466)(705, 466) - 39
(744, 467)(705, 467) - 39
(744, 468)(704, 468) - 40
(744, 469)(704, 469) - 40
(744, 470)(705, 470) - 39
(745, 471)(705, 471) - 40
(745, 472)(704, 472) - 41
(745, 473)(704, 473) - 41
(745, 474)(704, 474) - 41
(745, 475)(705, 475) - 40
(746, 476)(704, 476) - 42
(746, 477)(704, 477) - 42
(746, 478)(704, 478) - 42
(746, 479)(704, 479) - 42
(746, 480)(704, 480) - 42
(746, 481)(704, 481) - 42
(746, 482)(705, 482) - 41
(746, 483)(705, 483) - 41
(747, 484)(704, 484) - 43
(747, 485)(704, 485) - 43
(747, 486)(704, 486) - 43
(748, 487)(704, 487) - 44
(748, 488)(704, 488) - 44
(748, 489)(704, 489) - 44
(749, 490)(704, 490) - 45
(750, 491)(704, 491) - 46
(750, 492)(704, 492) - 46
(751, 493)(704, 493) - 47
(751, 494)(704, 494) - 47
(751, 495)(704, 495) - 47
(751, 496)(704, 496) - 47
(752, 501)(704, 501) - 48
(752, 502)(704, 502) - 48
(753, 503)(704, 503) - 49
(752, 504)(704, 504) - 48
(754, 505)(704, 505) - 50
(754, 506)(704, 506) - 50
(755, 507)(704, 507) - 51
(755, 508)(704, 508) - 51
(754, 509)(704, 509) - 50
(756, 510)(704, 510) - 52
(756, 511)(704, 511) - 52
(756, 512)(704, 512) - 52
(756, 513)(704, 513) - 52
(756, 514)(704, 514) - 52
(755, 515)(704, 515) - 51
(757, 516)(704, 516) - 53
(757, 517)(704, 517) - 53
(757, 518)(704, 518) - 53
(757, 519)(704, 519) - 53
(757, 520)(704, 520) - 53
(758, 521)(704, 521) - 54
(758, 522)(704, 522) - 54
(758, 523)(704, 523) - 54
(758, 524)(704, 524) - 54
(758, 525)(704, 525) - 54
(758, 526)(704, 526) - 54
(758, 527)(704, 527) - 54
(758, 528)(704, 528) - 54
(758, 529)(704, 529) - 54
(758, 530)(704, 530) - 54
(758, 531)(704, 531) - 54
(758, 532)(704, 532) - 54
(758, 533)(704, 533) - 54
(759, 534)(704, 534) - 55
(759, 535)(704, 535) - 55
(759, 536)(704, 536) - 55
(760, 537)(704, 537) - 56
(760, 538)(704, 538) - 56
(760, 539)(704, 539) - 56
(760, 540)(704, 540) - 56
(761, 541)(705, 541) - 56
(761, 542)(705, 542) - 56
(762, 543)(704, 543) - 58
(762, 544)(704, 544) - 58
(763, 545)(704, 545) - 59
(764, 546)(704, 546) - 60
(764, 547)(704, 547) - 60
(765, 548)(704, 548) - 61
(765, 549)(704, 549) - 61
(766, 550)(704, 550) - 62
(766, 551)(704, 551) - 62
(767, 552)(704, 552) - 63
(767, 553)(704, 553) - 63
(767, 554)(704, 554) - 63
(768, 555)(704, 555) - 64
(768, 556)(705, 556) - 63
(768, 557)(704, 557) - 64
(768, 558)(704, 558) - 64
(769, 559)(704, 559) - 65
(769, 560)(704, 560) - 65
(769, 561)(704, 561) - 65
(770, 562)(704, 562) - 66
(770, 563)(704, 563) - 66
(770, 564)(704, 564) - 66
(770, 565)(704, 565) - 66
(770, 566)(704, 566) - 66
(770, 567)(704, 567) - 66
(770, 568)(704, 568) - 66
(770, 569)(704, 569) - 66
(769, 570)(704, 570) - 65
(769, 571)(704, 571) - 65
(769, 572)(704, 572) - 65
(769, 573)(704, 573) - 65
(769, 574)(704, 574) - 65
(770, 575)(704, 575) - 66
(770, 576)(704, 576) - 66
(770, 577)(704, 577) - 66
(770, 578)(704, 578) - 66
(770, 579)(704, 579) - 66
(770, 580)(704, 580) - 66
(770, 581)(704, 581) - 66
(770, 582)(704, 582) - 66
(770, 583)(704, 583) - 66
(771, 584)(704, 584) - 67
(771, 585)(704, 585) - 67
(772, 586)(704, 586) - 68
(772, 587)(704, 587) - 68
(772, 588)(704, 588) - 68
(773, 589)(704, 589) - 69
(773, 590)(703, 590) - 70
(776, 593)(704, 593) - 72
(776, 594)(704, 594) - 72
(776, 595)(704, 595) - 72
(777, 596)(704, 596) - 73
(777, 597)(704, 597) - 73
(778, 598)(704, 598) - 74
(778, 599)(704, 599) - 74
(778, 600)(704, 600) - 74
(778, 601)(704, 601) - 74
(778, 602)(704, 602) - 74
(778, 603)(704, 603) - 74
(778, 604)(704, 604) - 74
(778, 605)(705, 605) - 73
(778, 606)(704, 606) - 74
(778, 607)(704, 607) - 74
(778, 608)(704, 608) - 74
(778, 609)(704, 609) - 74
(778, 610)(704, 610) - 74
(778, 611)(704, 611) - 74
(779, 612)(704, 612) - 75
(779, 613)(704, 613) - 75
(779, 614)(704, 614) - 75
(779, 615)(704, 615) - 75
(779, 616)(704, 616) - 75
(779, 617)(704, 617) - 75
(779, 618)(704, 618) - 75
(779, 619)(704, 619) - 75
(779, 620)(704, 620) - 75
(779, 621)(704, 621) - 75
(779, 622)(704, 622) - 75
(780, 623)(704, 623) - 76
(780, 624)(704, 624) - 76
(780, 625)(704, 625) - 76
(779, 626)(704, 626) - 75
(778, 627)(704, 627) - 74
(778, 628)(704, 628) - 74
(777, 629)(704, 629) - 73
(777, 630)(704, 630) - 73
(777, 631)(704, 631) - 73
(777, 632)(704, 632) - 73
(777, 633)(704, 633) - 73
(778, 634)(704, 634) - 74
(778, 635)(704, 635) - 74
(778, 636)(704, 636) - 74
(778, 637)(704, 637) - 74
(778, 638)(704, 638) - 74
(778, 639)(704, 639) - 74
(778, 640)(704, 640) - 74
(778, 641)(704, 641) - 74
(778, 642)(704, 642) - 74
(778, 643)(704, 643) - 74
(778, 644)(704, 644) - 74
(778, 645)(704, 645) - 74
(778, 646)(704, 646) - 74
(778, 647)(704, 647) - 74
(778, 648)(704, 648) - 74
(777, 649)(704, 649) - 73
(777, 650)(704, 650) - 73
(777, 651)(704, 651) - 73
(777, 652)(704, 652) - 73
(777, 653)(704, 653) - 73
(777, 654)(704, 654) - 73
(777, 655)(704, 655) - 73
(778, 656)(704, 656) - 74
(778, 657)(704, 657) - 74
(777, 658)(704, 658) - 73
(777, 659)(704, 659) - 73
(776, 660)(704, 660) - 72
(776, 661)(704, 661) - 72
(776, 662)(704, 662) - 72
(776, 663)(704, 663) - 72
(776, 664)(704, 664) - 72
(775, 665)(704, 665) - 71
(775, 666)(704, 666) - 71
(776, 667)(704, 667) - 72
(776, 668)(704, 668) - 72
(776, 669)(704, 669) - 72
(776, 670)(704, 670) - 72
(775, 671)(704, 671) - 71
(775, 672)(704, 672) - 71
(774, 673)(704, 673) - 70
(774, 674)(704, 674) - 70
(774, 675)(704, 675) - 70
(774, 676)(704, 676) - 70
(774, 677)(704, 677) - 70
(774, 678)(704, 678) - 70
(774, 679)(704, 679) - 70
(774, 680)(704, 680) - 70
(774, 682)(704, 682) - 70
(773, 683)(704, 683) - 69
(774, 684)(704, 684) - 70
(774, 685)(704, 685) - 70
(774, 686)(704, 686) - 70
(774, 687)(704, 687) - 70
(774, 688)(704, 688) - 70
(776, 689)(704, 689) - 72
(775, 690)(704, 690) - 71
(775, 691)(704, 691) - 71
(776, 692)(704, 692) - 72
(776, 693)(704, 693) - 72
(777, 694)(704, 694) - 73
(777, 695)(704, 695) - 73
(778, 696)(704, 696) - 74
(778, 697)(704, 697) - 74
(778, 698)(704, 698) - 74
(778, 699)(704, 699) - 74
(779, 700)(704, 700) - 75
(779, 701)(704, 701) - 75
(779, 702)(704, 702) - 75
(779, 703)(704, 703) - 75
(779, 704)(704, 704) - 75
(779, 705)(704, 705) - 75
(779, 706)(704, 706) - 75
(778, 707)(704, 707) - 74
(778, 708)(704, 708) - 74
(778, 709)(704, 709) - 74
(778, 710)(704, 710) - 74
(778, 711)(704, 711) - 74
(777, 712)(704, 712) - 73
(777, 713)(704, 713) - 73
(776, 714)(704, 714) - 72
(776, 715)(704, 715) - 72
(776, 716)(704, 716) - 72
(776, 717)(704, 717) - 72
(775, 718)(704, 718) - 71
(775, 719)(704, 719) - 71
(775, 720)(704, 720) - 71
(775, 721)(704, 721) - 71
(775, 722)(704, 722) - 71
(774, 723)(704, 723) - 70
(774, 724)(704, 724) - 70
(774, 725)(704, 725) - 70
(775, 726)(704, 726) - 71
(775, 727)(704, 727) - 71
(775, 728)(704, 728) - 71
(775, 729)(704, 729) - 71
(775, 730)(704, 730) - 71
(774, 731)(704, 731) - 70
(775, 732)(704, 732) - 71
(775, 733)(704, 733) - 71
(775, 734)(704, 734) - 71
(775, 735)(704, 735) - 71
(775, 736)(704, 736) - 71
(775, 737)(704, 737) - 71
(775, 738)(704, 738) - 71
(775, 739)(704, 739) - 71
(775, 740)(704, 740) - 71
(775, 741)(704, 741) - 71
(775, 742)(704, 742) - 71
(776, 743)(704, 743) - 72
(776, 744)(704, 744) - 72
(776, 745)(704, 745) - 72
(776, 746)(704, 746) - 72
(776, 747)(704, 747) - 72
(777, 748)(704, 748) - 73
(777, 749)(704, 749) - 73
(777, 750)(704, 750) - 73
(777, 751)(704, 751) - 73
(777, 752)(704, 752) - 73
(778, 753)(704, 753) - 74
(778, 754)(704, 754) - 74
(778, 755)(704, 755) - 74
(779, 756)(704, 756) - 75
(779, 757)(704, 757) - 75
(779, 758)(704, 758) - 75
(779, 759)(704, 759) - 75
(779, 760)(704, 760) - 75
(779, 761)(704, 761) - 75
(779, 762)(704, 762) - 75
(779, 763)(704, 763) - 75
(779, 764)(704, 764) - 75
(779, 765)(704, 765) - 75
(778, 766)(704, 766) - 74
(778, 767)(704, 767) - 74
(778, 768)(704, 768) - 74
(778, 769)(704, 769) - 74
(777, 770)(704, 770) - 73
(777, 771)(704, 771) - 73
(777, 772)(703, 772) - 74
(776, 776)(704, 776) - 72
(776, 777)(704, 777) - 72
(776, 778)(704, 778) - 72
(775, 779)(704, 779) - 71
(775, 780)(704, 780) - 71
(775, 781)(704, 781) - 71
(775, 782)(704, 782) - 71
(775, 783)(704, 783) - 71
(775, 784)(704, 784) - 71
(775, 785)(704, 785) - 71
(775, 786)(704, 786) - 71
(775, 787)(704, 787) - 71
(775, 788)(704, 788) - 71
(775, 789)(704, 789) - 71
(775, 790)(704, 790) - 71
(775, 791)(704, 791) - 71
(775, 792)(704, 792) - 71
(774, 793)(704, 793) - 70
(774, 794)(704, 794) - 70
(775, 795)(704, 795) - 71
(774, 796)(704, 796) - 70
(774, 797)(704, 797) - 70
(775, 798)(704, 798) - 71
(775, 799)(704, 799) - 71
(775, 800)(704, 800) - 71
(775, 801)(704, 801) - 71
(775, 802)(704, 802) - 71
(775, 803)(704, 803) - 71
(775, 804)(704, 804) - 71
(775, 805)(704, 805) - 71
(775, 806)(704, 806) - 71
(775, 807)(704, 807) - 71
(775, 808)(704, 808) - 71
(775, 809)(704, 809) - 71
(776, 810)(704, 810) - 72
(776, 811)(704, 811) - 72
(776, 812)(704, 812) - 72
(776, 813)(704, 813) - 72
(776, 814)(704, 814) - 72
(776, 815)(704, 815) - 72
(776, 816)(704, 816) - 72
(776, 817)(704, 817) - 72
(776, 818)(704, 818) - 72
(776, 819)(704, 819) - 72
(777, 820)(704, 820) - 73
(777, 821)(704, 821) - 73
(777, 822)(704, 822) - 73
(777, 823)(704, 823) - 73
(777, 824)(704, 824) - 73
(777, 825)(704, 825) - 73
(778, 826)(704, 826) - 74
(778, 827)(704, 827) - 74
(778, 828)(704, 828) - 74
(778, 829)(704, 829) - 74
(778, 830)(704, 830) - 74
(778, 831)(704, 831) - 74
(778, 832)(704, 832) - 74
(778, 833)(704, 833) - 74
(778, 834)(704, 834) - 74
(778, 835)(704, 835) - 74
(778, 836)(704, 836) - 74
(778, 837)(704, 837) - 74
(778, 838)(704, 838) - 74
(778, 839)(704, 839) - 74
(778, 840)(704, 840) - 74
(778, 841)(704, 841) - 74
(778, 842)(704, 842) - 74
(778, 843)(704, 843) - 74
(778, 844)(704, 844) - 74
(778, 845)(704, 845) - 74
(778, 846)(704, 846) - 74
(778, 847)(704, 847) - 74
(778, 848)(704, 848) - 74
(778, 849)(704, 849) - 74
(778, 850)(704, 850) - 74
(778, 851)(704, 851) - 74
(777, 852)(704, 852) - 73
(777, 853)(704, 853) - 73
(777, 854)(704, 854) - 73
(777, 855)(704, 855) - 73
(777, 856)(704, 856) - 73
(777, 857)(704, 857) - 73
(777, 858)(704, 858) - 73
(777, 859)(704, 859) - 73
(777, 860)(704, 860) - 73
(777, 861)(704, 861) - 73
(778, 862)(704, 862) - 74
(778, 863)(704, 863) - 74
(778, 864)(704, 864) - 74
(778, 865)(704, 865) - 74
(779, 867)(704, 867) - 75
(778, 868)(704, 868) - 74
(778, 869)(704, 869) - 74
(778, 870)(704, 870) - 74
(778, 871)(704, 871) - 74
(778, 872)(704, 872) - 74
(777, 873)(704, 873) - 73
(777, 874)(704, 874) - 73
(777, 875)(704, 875) - 73
(777, 876)(704, 876) - 73
(777, 877)(704, 877) - 73
(777, 878)(704, 878) - 73
(777, 879)(704, 879) - 73
(777, 880)(704, 880) - 73
(777, 881)(704, 881) - 73
(777, 882)(704, 882) - 73
(777, 883)(704, 883) - 73
(777, 884)(704, 884) - 73
(777, 885)(704, 885) - 73
(777, 886)(704, 886) - 73
(778, 887)(704, 887) - 74
(778, 888)(704, 888) - 74
(778, 889)(704, 889) - 74
(778, 890)(704, 890) - 74
(778, 891)(704, 891) - 74
(779, 892)(704, 892) - 75
(779, 893)(704, 893) - 75
(779, 894)(704, 894) - 75
(779, 895)(704, 895) - 75
(779, 896)(704, 896) - 75
(780, 897)(704, 897) - 76
(780, 898)(704, 898) - 76
(780, 899)(704, 899) - 76
(781, 900)(704, 900) - 77
(781, 901)(704, 901) - 77
(781, 902)(704, 902) - 77
(782, 903)(704, 903) - 78
(782, 904)(704, 904) - 78
(782, 905)(704, 905) - 78
(783, 906)(704, 906) - 79
(783, 907)(704, 907) - 79
(783, 908)(704, 908) - 79
(783, 909)(704, 909) - 79
(783, 910)(704, 910) - 79
(783, 911)(704, 911) - 79
(783, 912)(704, 912) - 79
(784, 913)(704, 913) - 80
(784, 914)(704, 914) - 80
(784, 915)(704, 915) - 80
(784, 916)(704, 916) - 80
(783, 917)(704, 917) - 79
(783, 918)(704, 918) - 79
(783, 919)(704, 919) - 79
(783, 920)(704, 920) - 79
(783, 921)(704, 921) - 79
(783, 922)(704, 922) - 79
(783, 923)(704, 923) - 79
(783, 924)(704, 924) - 79
(783, 925)(704, 925) - 79
(782, 926)(704, 926) - 78
(782, 927)(704, 927) - 78
(782, 928)(704, 928) - 78
(781, 929)(704, 929) - 77
(781, 930)(704, 930) - 77
(780, 931)(704, 931) - 76
(780, 932)(704, 932) - 76
(780, 933)(704, 933) - 76
(779, 934)(704, 934) - 75
(779, 935)(704, 935) - 75
(778, 936)(704, 936) - 74
(778, 937)(704, 937) - 74
(778, 938)(704, 938) - 74
(777, 939)(704, 939) - 73
(777, 940)(704, 940) - 73
(776, 941)(704, 941) - 72
(776, 942)(704, 942) - 72
(776, 943)(704, 943) - 72
(775, 944)(704, 944) - 71
(775, 945)(704, 945) - 71
(775, 946)(704, 946) - 71
(775, 947)(704, 947) - 71
(774, 948)(704, 948) - 70
(774, 949)(704, 949) - 70
(774, 950)(704, 950) - 70
(774, 951)(704, 951) - 70
(774, 952)(704, 952) - 70
(774, 953)(704, 953) - 70
(774, 954)(704, 954) - 70
(774, 955)(704, 955) - 70
(774, 956)(704, 956) - 70
(774, 957)(704, 957) - 70
(773, 960)(704, 960) - 69
(773, 961)(704, 961) - 69
(773, 962)(704, 962) - 69
(773, 963)(704, 963) - 69
(772, 966)(704, 966) - 68
(772, 967)(704, 967) - 68
(771, 968)(704, 968) - 67
(771, 969)(704, 969) - 67
(771, 970)(704, 970) - 67
(771, 971)(704, 971) - 67
(771, 972)(704, 972) - 67
(771, 973)(704, 973) - 67
(771, 974)(704, 974) - 67
(771, 975)(704, 975) - 67
(771, 976)(704, 976) - 67
(771, 977)(704, 977) - 67
(771, 978)(704, 978) - 67
(770, 979)(704, 979) - 66
(770, 980)(704, 980) - 66
(770, 981)(704, 981) - 66
(770, 982)(704, 982) - 66
(770, 983)(704, 983) - 66
(770, 984)(704, 984) - 66
(770, 985)(704, 985) - 66
(770, 986)(704, 986) - 66
(770, 987)(704, 987) - 66
(770, 988)(704, 988) - 66
(770, 989)(704, 989) - 66
(769, 990)(704, 990) - 65
(769, 991)(704, 991) - 65
(769, 992)(704, 992) - 65
(769, 993)(704, 993) - 65
(769, 994)(704, 994) - 65
(769, 995)(704, 995) - 65
(769, 996)(704, 996) - 65
(769, 997)(704, 997) - 65
(769, 998)(704, 998) - 65
(769, 999)(704, 999) - 65
(769, 1000)(704, 1000) - 65
(769, 1001)(704, 1001) - 65
(769, 1002)(704, 1002) - 65
(769, 1003)(704, 1003) - 65
(769, 1004)(704, 1004) - 65
(769, 1005)(704, 1005) - 65
(769, 1006)(704, 1006) - 65
(769, 1007)(704, 1007) - 65
(769, 1008)(704, 1008) - 65
(769, 1009)(704, 1009) - 65
(769, 1010)(704, 1010) - 65
(769, 1011)(704, 1011) - 65
(769, 1012)(704, 1012) - 65
(769, 1013)(704, 1013) - 65
(768, 1014)(704, 1014) - 64
(768, 1015)(704, 1015) - 64
(768, 1016)(704, 1016) - 64
(768, 1017)(704, 1017) - 64
(768, 1018)(704, 1018) - 64
(768, 1019)(704, 1019) - 64
(768, 1020)(704, 1020) - 64
(768, 1021)(704, 1021) - 64
(768, 1022)(704, 1022) - 64
(768, 1023)(704, 1023) - 64
(768, 1024)(704, 1024) - 64
(768, 1025)(704, 1025) - 64
(768, 1026)(704, 1026) - 64
(768, 1027)(704, 1027) - 64
(769, 1028)(704, 1028) - 65
(769, 1029)(704, 1029) - 65
(769, 1030)(704, 1030) - 65
(769, 1031)(704, 1031) - 65
(769, 1032)(704, 1032) - 65
(769, 1033)(704, 1033) - 65
(769, 1034)(704, 1034) - 65
(769, 1035)(704, 1035) - 65
(769, 1036)(704, 1036) - 65
(769, 1037)(704, 1037) - 65
(770, 1038)(704, 1038) - 66
(770, 1039)(704, 1039) - 66
(770, 1040)(704, 1040) - 66
(770, 1041)(704, 1041) - 66
(770, 1042)(704, 1042) - 66
(770, 1043)(704, 1043) - 66
(770, 1044)(704, 1044) - 66
(770, 1045)(704, 1045) - 66
(770, 1046)(704, 1046) - 66
(770, 1047)(704, 1047) - 66
(770, 1048)(704, 1048) - 66
(770, 1049)(702, 1049) - 68
(772, 1050)(704, 1050) - 68
(771, 1051)(704, 1051) - 67
(771, 1052)(704, 1052) - 67
(771, 1053)(704, 1053) - 67
(771, 1054)(704, 1054) - 67
(771, 1055)(704, 1055) - 67
(771, 1056)(704, 1056) - 67
(771, 1057)(704, 1057) - 67
(771, 1058)(704, 1058) - 67
(771, 1059)(704, 1059) - 67
(771, 1060)(704, 1060) - 67
(771, 1061)(704, 1061) - 67
(771, 1062)(704, 1062) - 67
(771, 1063)(704, 1063) - 67
(771, 1064)(704, 1064) - 67
(771, 1065)(704, 1065) - 67
(772, 1066)(704, 1066) - 68
(772, 1067)(704, 1067) - 68
(772, 1068)(704, 1068) - 68
(772, 1069)(704, 1069) - 68
(773, 1070)(704, 1070) - 69
(773, 1071)(704, 1071) - 69
(773, 1072)(704, 1072) - 69
(773, 1073)(704, 1073) - 69
(773, 1074)(704, 1074) - 69
(773, 1075)(704, 1075) - 69
(773, 1076)(704, 1076) - 69
(773, 1077)(704, 1077) - 69
(773, 1078)(704, 1078) - 69
(772, 1079)(704, 1079) - 68
(772, 1080)(704, 1080) - 68
(772, 1081)(704, 1081) - 68
(772, 1082)(704, 1082) - 68
(772, 1083)(704, 1083) - 68
(772, 1084)(704, 1084) - 68
(772, 1085)(704, 1085) - 68
(772, 1086)(704, 1086) - 68
(771, 1087)(704, 1087) - 67
(771, 1088)(704, 1088) - 67
(771, 1089)(704, 1089) - 67
(771, 1090)(704, 1090) - 67
(771, 1091)(704, 1091) - 67
(771, 1092)(704, 1092) - 67
(770, 1093)(704, 1093) - 66
(770, 1094)(704, 1094) - 66
(770, 1095)(704, 1095) - 66
(770, 1096)(704, 1096) - 66
(770, 1097)(704, 1097) - 66
(770, 1098)(704, 1098) - 66
(770, 1099)(704, 1099) - 66
(770, 1100)(704, 1100) - 66
(770, 1101)(704, 1101) - 66
(770, 1102)(704, 1102) - 66
(770, 1103)(704, 1103) - 66
(770, 1104)(704, 1104) - 66
(770, 1105)(704, 1105) - 66
(770, 1106)(704, 1106) - 66
(770, 1107)(704, 1107) - 66
(769, 1108)(704, 1108) - 65
(769, 1109)(704, 1109) - 65
(769, 1110)(704, 1110) - 65
(769, 1111)(704, 1111) - 65
(769, 1112)(704, 1112) - 65
(769, 1113)(704, 1113) - 65
(769, 1114)(704, 1114) - 65
(769, 1115)(704, 1115) - 65
(769, 1116)(704, 1116) - 65
(769, 1117)(704, 1117) - 65
(769, 1118)(704, 1118) - 65
(769, 1119)(704, 1119) - 65
(769, 1120)(704, 1120) - 65
(769, 1121)(704, 1121) - 65
(769, 1122)(704, 1122) - 65
(769, 1123)(704, 1123) - 65
(769, 1124)(704, 1124) - 65
(769, 1125)(704, 1125) - 65
(769, 1126)(704, 1126) - 65
(768, 1127)(704, 1127) - 64
(768, 1128)(704, 1128) - 64
(768, 1129)(704, 1129) - 64
(768, 1130)(704, 1130) - 64
(768, 1131)(704, 1131) - 64
(768, 1132)(704, 1132) - 64
(768, 1133)(704, 1133) - 64
(768, 1134)(704, 1134) - 64
(768, 1135)(704, 1135) - 64
(768, 1136)(704, 1136) - 64
(768, 1137)(704, 1137) - 64
(768, 1138)(704, 1138) - 64
(768, 1139)(704, 1139) - 64
(768, 1140)(702, 1140) - 66
(768, 1141)(704, 1141) - 64
(767, 1143)(704, 1143) - 63
(767, 1144)(704, 1144) - 63
(767, 1145)(704, 1145) - 63
(767, 1146)(704, 1146) - 63
(767, 1147)(704, 1147) - 63
(766, 1148)(704, 1148) - 62
(766, 1149)(704, 1149) - 62
(766, 1150)(704, 1150) - 62
(765, 1151)(704, 1151) - 61
(765, 1152)(704, 1152) - 61
(765, 1153)(704, 1153) - 61
(764, 1154)(704, 1154) - 60
(764, 1155)(704, 1155) - 60
(764, 1156)(704, 1156) - 60
(763, 1157)(704, 1157) - 59
(763, 1158)(704, 1158) - 59
(763, 1159)(704, 1159) - 59
(762, 1160)(704, 1160) - 58
(762, 1161)(704, 1161) - 58
(762, 1162)(704, 1162) - 58
(762, 1163)(704, 1163) - 58
(762, 1164)(704, 1164) - 58
(762, 1165)(704, 1165) - 58
(762, 1166)(704, 1166) - 58
(762, 1167)(704, 1167) - 58
(762, 1168)(704, 1168) - 58
(762, 1169)(704, 1169) - 58
(762, 1170)(704, 1170) - 58
(762, 1171)(704, 1171) - 58
(762, 1172)(704, 1172) - 58
(762, 1173)(704, 1173) - 58
(763, 1174)(704, 1174) - 59
(763, 1175)(704, 1175) - 59
(763, 1176)(704, 1176) - 59
(764, 1177)(704, 1177) - 60
(764, 1178)(704, 1178) - 60
(765, 1179)(704, 1179) - 61
(765, 1180)(704, 1180) - 61
(766, 1181)(704, 1181) - 62
(766, 1182)(704, 1182) - 62
(766, 1183)(704, 1183) - 62
(766, 1184)(704, 1184) - 62
(767, 1185)(704, 1185) - 63
(767, 1186)(704, 1186) - 63
(767, 1187)(704, 1187) - 63
(767, 1188)(704, 1188) - 63
(767, 1189)(704, 1189) - 63
(767, 1190)(704, 1190) - 63
(766, 1191)(704, 1191) - 62
(766, 1192)(704, 1192) - 62
(766, 1193)(704, 1193) - 62
(766, 1194)(704, 1194) - 62
(765, 1195)(704, 1195) - 61
(765, 1196)(704, 1196) - 61
(765, 1197)(704, 1197) - 61
(765, 1198)(704, 1198) - 61
(764, 1199)(704, 1199) - 60
(764, 1200)(704, 1200) - 60
(763, 1201)(704, 1201) - 59
(763, 1202)(704, 1202) - 59
(763, 1203)(704, 1203) - 59
(763, 1204)(704, 1204) - 59
(763, 1205)(704, 1205) - 59
(763, 1206)(704, 1206) - 59
(763, 1207)(704, 1207) - 59
(763, 1208)(704, 1208) - 59
(763, 1209)(704, 1209) - 59
(763, 1210)(704, 1210) - 59
(763, 1211)(704, 1211) - 59
(763, 1212)(704, 1212) - 59
(763, 1213)(704, 1213) - 59
(763, 1214)(704, 1214) - 59
(763, 1215)(704, 1215) - 59
(763, 1216)(704, 1216) - 59
(763, 1217)(704, 1217) - 59
(763, 1218)(704, 1218) - 59
(762, 1219)(704, 1219) - 58
(762, 1220)(704, 1220) - 58
(763, 1221)(704, 1221) - 59
(763, 1222)(704, 1222) - 59
(763, 1223)(704, 1223) - 59
(763, 1224)(704, 1224) - 59
(763, 1225)(704, 1225) - 59
(763, 1226)(704, 1226) - 59
(763, 1227)(704, 1227) - 59
(763, 1228)(704, 1228) - 59
(764, 1229)(704, 1229) - 60
(764, 1230)(705, 1230) - 59
(764, 1231)(705, 1231) - 59
(764, 1232)(704, 1232) - 60
(765, 1234)(704, 1234) - 61
(765, 1235)(704, 1235) - 61
(765, 1236)(704, 1236) - 61
(765, 1237)(704, 1237) - 61
(765, 1238)(704, 1238) - 61
(765, 1239)(704, 1239) - 61
(766, 1240)(704, 1240) - 62
(766, 1241)(704, 1241) - 62
(766, 1242)(704, 1242) - 62
(766, 1243)(704, 1243) - 62
(766, 1244)(704, 1244) - 62
(767, 1245)(704, 1245) - 63
(767, 1246)(704, 1246) - 63
(767, 1247)(704, 1247) - 63
(767, 1248)(704, 1248) - 63
(767, 1249)(704, 1249) - 63
(767, 1250)(704, 1250) - 63
(767, 1251)(704, 1251) - 63
(768, 1252)(704, 1252) - 64
(768, 1253)(704, 1253) - 64
(768, 1254)(704, 1254) - 64
(768, 1255)(704, 1255) - 64
(768, 1256)(704, 1256) - 64
(768, 1257)(704, 1257) - 64
(768, 1258)(704, 1258) - 64
(768, 1259)(704, 1259) - 64
(768, 1260)(704, 1260) - 64
(768, 1261)(704, 1261) - 64
(768, 1262)(704, 1262) - 64
(768, 1263)(704, 1263) - 64
(768, 1264)(704, 1264) - 64
(768, 1265)(704, 1265) - 64
(768, 1266)(704, 1266) - 64
(768, 1267)(704, 1267) - 64
(767, 1268)(704, 1268) - 63
(767, 1269)(704, 1269) - 63
(767, 1270)(704, 1270) - 63
(767, 1271)(704, 1271) - 63
(767, 1272)(704, 1272) - 63
(767, 1273)(704, 1273) - 63
(767, 1274)(704, 1274) - 63
(767, 1275)(704, 1275) - 63
(767, 1276)(704, 1276) - 63
(768, 1277)(704, 1277) - 64
(768, 1278)(704, 1278) - 64
(768, 1279)(704, 1279) - 64
(768, 1280)(704, 1280) - 64
(768, 1281)(704, 1281) - 64
(768, 1282)(704, 1282) - 64
(768, 1283)(704, 1283) - 64
(768, 1284)(704, 1284) - 64
(768, 1285)(704, 1285) - 64
(768, 1286)(704, 1286) - 64
(768, 1287)(704, 1287) - 64
(768, 1288)(704, 1288) - 64
(768, 1289)(704, 1289) - 64
(768, 1290)(704, 1290) - 64
(768, 1291)(704, 1291) - 64
(767, 1292)(704, 1292) - 63
(767, 1293)(704, 1293) - 63
(767, 1294)(704, 1294) - 63
(767, 1295)(704, 1295) - 63
(767, 1296)(704, 1296) - 63
(767, 1297)(704, 1297) - 63
(768, 1298)(704, 1298) - 64
(768, 1299)(704, 1299) - 64
(768, 1300)(704, 1300) - 64
(768, 1301)(704, 1301) - 64
(768, 1302)(704, 1302) - 64
(768, 1303)(704, 1303) - 64
(768, 1304)(704, 1304) - 64
(768, 1305)(704, 1305) - 64
(768, 1306)(704, 1306) - 64
(768, 1307)(704, 1307) - 64
(768, 1308)(704, 1308) - 64
(768, 1309)(704, 1309) - 64
(768, 1310)(704, 1310) - 64
(768, 1311)(704, 1311) - 64
(768, 1312)(704, 1312) - 64
(769, 1313)(704, 1313) - 65
(769, 1314)(704, 1314) - 65
(769, 1315)(704, 1315) - 65
(769, 1316)(704, 1316) - 65
(769, 1317)(704, 1317) - 65
(769, 1318)(704, 1318) - 65
(769, 1319)(704, 1319) - 65
(769, 1320)(704, 1320) - 65
(769, 1321)(704, 1321) - 65
(769, 1322)(704, 1322) - 65
(769, 1323)(703, 1323) - 66
(769, 1325)(704, 1325) - 65
(769, 1326)(704, 1326) - 65
(769, 1327)(704, 1327) - 65
(769, 1328)(704, 1328) - 65
(769, 1329)(704, 1329) - 65
(769, 1330)(704, 1330) - 65
(769, 1331)(704, 1331) - 65
(769, 1332)(704, 1332) - 65
(769, 1333)(704, 1333) - 65
(769, 1334)(704, 1334) - 65
(769, 1335)(704, 1335) - 65
(769, 1336)(704, 1336) - 65
(769, 1337)(704, 1337) - 65
(769, 1338)(704, 1338) - 65
(769, 1339)(704, 1339) - 65
(769, 1340)(704, 1340) - 65
(769, 1341)(704, 1341) - 65
(769, 1342)(704, 1342) - 65
(769, 1343)(704, 1343) - 65
(769, 1344)(704, 1344) - 65
(769, 1345)(704, 1345) - 65
(769, 1346)(704, 1346) - 65
(770, 1347)(704, 1347) - 66
(770, 1348)(704, 1348) - 66
(770, 1349)(704, 1349) - 66
(770, 1350)(704, 1350) - 66
(770, 1351)(704, 1351) - 66
(770, 1352)(704, 1352) - 66
(770, 1353)(704, 1353) - 66
(770, 1354)(704, 1354) - 66
(770, 1355)(704, 1355) - 66
(770, 1356)(704, 1356) - 66
(770, 1357)(704, 1357) - 66
(770, 1358)(704, 1358) - 66
(770, 1359)(704, 1359) - 66
(770, 1360)(704, 1360) - 66
(770, 1361)(704, 1361) - 66
(770, 1362)(704, 1362) - 66
(770, 1363)(704, 1363) - 66
(771, 1364)(704, 1364) - 67
(770, 1365)(704, 1365) - 66
(770, 1366)(704, 1366) - 66
(770, 1367)(704, 1367) - 66
(770, 1368)(704, 1368) - 66
(770, 1369)(704, 1369) - 66
(770, 1370)(704, 1370) - 66
(770, 1371)(704, 1371) - 66
(770, 1372)(704, 1372) - 66
(770, 1373)(704, 1373) - 66
(770, 1374)(704, 1374) - 66
(770, 1375)(704, 1375) - 66
(770, 1376)(704, 1376) - 66
(770, 1377)(704, 1377) - 66
(770, 1378)(704, 1378) - 66
(770, 1379)(704, 1379) - 66
(770, 1380)(704, 1380) - 66
(770, 1381)(704, 1381) - 66
(770, 1382)(704, 1382) - 66
(770, 1383)(704, 1383) - 66
(769, 1384)(704, 1384) - 65
(769, 1385)(704, 1385) - 65
(769, 1386)(704, 1386) - 65
(769, 1387)(704, 1387) - 65
(769, 1388)(704, 1388) - 65
(769, 1389)(704, 1389) - 65
(770, 1390)(704, 1390) - 66
(770, 1391)(704, 1391) - 66
(770, 1392)(704, 1392) - 66
(770, 1393)(704, 1393) - 66
(770, 1394)(704, 1394) - 66
(770, 1395)(704, 1395) - 66
(770, 1396)(704, 1396) - 66
(770, 1397)(704, 1397) - 66
(770, 1398)(704, 1398) - 66
(770, 1399)(704, 1399) - 66
(770, 1400)(704, 1400) - 66
(770, 1401)(704, 1401) - 66
(770, 1402)(704, 1402) - 66
(770, 1403)(704, 1403) - 66
(770, 1404)(704, 1404) - 66
(770, 1405)(704, 1405) - 66
(770, 1406)(704, 1406) - 66
(770, 1407)(704, 1407) - 66
(770, 1408)(704, 1408) - 66
(770, 1409)(704, 1409) - 66
(770, 1410)(704, 1410) - 66
(770, 1411)(704, 1411) - 66
(770, 1412)(704, 1412) - 66
(771, 1413)(704, 1413) - 67
(771, 1417)(704, 1417) - 67
(771, 1418)(704, 1418) - 67
(771, 1419)(704, 1419) - 67
(771, 1420)(704, 1420) - 67
(771, 1421)(704, 1421) - 67
(771, 1422)(704, 1422) - 67
(772, 1423)(704, 1423) - 68
(772, 1424)(704, 1424) - 68
(772, 1425)(704, 1425) - 68
(772, 1426)(704, 1426) - 68
(772, 1427)(704, 1427) - 68
(772, 1428)(704, 1428) - 68
(772, 1429)(704, 1429) - 68
(772, 1430)(704, 1430) - 68
(771, 1431)(704, 1431) - 67
(771, 1432)(704, 1432) - 67
(771, 1433)(704, 1433) - 67
(771, 1434)(704, 1434) - 67
(771, 1435)(704, 1435) - 67
(771, 1436)(704, 1436) - 67
(771, 1437)(704, 1437) - 67
(771, 1438)(704, 1438) - 67
(771, 1439)(704, 1439) - 67
(771, 1440)(704, 1440) - 67
(771, 1441)(704, 1441) - 67
(771, 1442)(704, 1442) - 67
(770, 1443)(704, 1443) - 66
(770, 1444)(704, 1444) - 66
(770, 1445)(704, 1445) - 66
(770, 1446)(704, 1446) - 66
(770, 1447)(704, 1447) - 66
(770, 1448)(704, 1448) - 66
(770, 1449)(704, 1449) - 66
(770, 1450)(704, 1450) - 66
(770, 1451)(704, 1451) - 66
(770, 1452)(704, 1452) - 66
(771, 1453)(704, 1453) - 67
(771, 1454)(704, 1454) - 67
(771, 1455)(704, 1455) - 67
(771, 1456)(704, 1456) - 67
(771, 1457)(704, 1457) - 67
(771, 1458)(704, 1458) - 67
(771, 1459)(704, 1459) - 67
(770, 1460)(704, 1460) - 66
(770, 1461)(704, 1461) - 66
(770, 1462)(704, 1462) - 66
(770, 1463)(704, 1463) - 66
(769, 1464)(704, 1464) - 65
(769, 1465)(704, 1465) - 65
(769, 1466)(704, 1466) - 65
(769, 1467)(704, 1467) - 65
(769, 1468)(704, 1468) - 65
(769, 1469)(704, 1469) - 65
(769, 1470)(704, 1470) - 65
(769, 1471)(704, 1471) - 65
(769, 1472)(704, 1472) - 65
(769, 1473)(704, 1473) - 65
(769, 1474)(704, 1474) - 65
(769, 1475)(704, 1475) - 65
(769, 1476)(704, 1476) - 65
(769, 1477)(704, 1477) - 65
(769, 1478)(704, 1478) - 65
(769, 1479)(704, 1479) - 65
(769, 1480)(704, 1480) - 65
(769, 1481)(704, 1481) - 65
(769, 1482)(704, 1482) - 65
(769, 1483)(704, 1483) - 65
(769, 1484)(704, 1484) - 65
(769, 1485)(704, 1485) - 65
(768, 1486)(704, 1486) - 64
(768, 1487)(704, 1487) - 64
(768, 1488)(704, 1488) - 64
(768, 1489)(704, 1489) - 64
(768, 1490)(704, 1490) - 64
(768, 1491)(704, 1491) - 64
(767, 1492)(704, 1492) - 63
(767, 1493)(704, 1493) - 63
(767, 1494)(704, 1494) - 63
(767, 1495)(704, 1495) - 63
(767, 1496)(704, 1496) - 63
(767, 1497)(704, 1497) - 63
(767, 1498)(704, 1498) - 63
(767, 1499)(704, 1499) - 63
(767, 1500)(704, 1500) - 63
(766, 1501)(704, 1501) - 62
(766, 1502)(704, 1502) - 62
(766, 1503)(704, 1503) - 62
(766, 1504)(704, 1504) - 62
(766, 1505)(704, 1505) - 62
(766, 1506)(703, 1506) - 63
(768, 1509)(704, 1509) - 64
(767, 1510)(704, 1510) - 63
(768, 1511)(704, 1511) - 64
(768, 1512)(704, 1512) - 64
(768, 1513)(704, 1513) - 64
(768, 1514)(704, 1514) - 64
(769, 1515)(704, 1515) - 65
(769, 1516)(704, 1516) - 65
(769, 1517)(704, 1517) - 65
(769, 1518)(704, 1518) - 65
(770, 1519)(704, 1519) - 66
(770, 1520)(703, 1520) - 67
(770, 1521)(704, 1521) - 66
(770, 1522)(704, 1522) - 66
(770, 1523)(704, 1523) - 66
(770, 1524)(704, 1524) - 66
(770, 1525)(704, 1525) - 66
(769, 1526)(704, 1526) - 65
(769, 1527)(704, 1527) - 65
(769, 1528)(704, 1528) - 65
(769, 1529)(704, 1529) - 65
(770, 1530)(704, 1530) - 66
(770, 1531)(704, 1531) - 66
(770, 1532)(704, 1532) - 66
(770, 1533)(704, 1533) - 66
(770, 1534)(704, 1534) - 66
(770, 1535)(704, 1535) - 66
(770, 1536)(704, 1536) - 66
(770, 1537)(704, 1537) - 66
(770, 1538)(704, 1538) - 66
(770, 1539)(704, 1539) - 66
(771, 1540)(704, 1540) - 67
(771, 1541)(704, 1541) - 67
(771, 1542)(704, 1542) - 67
(771, 1543)(704, 1543) - 67
(771, 1544)(704, 1544) - 67
(771, 1545)(704, 1545) - 67
(771, 1546)(704, 1546) - 67
(771, 1547)(704, 1547) - 67
(771, 1548)(704, 1548) - 67
(771, 1549)(704, 1549) - 67
(771, 1550)(704, 1550) - 67
(772, 1551)(704, 1551) - 68
(772, 1552)(704, 1552) - 68
(772, 1553)(704, 1553) - 68
(772, 1554)(704, 1554) - 68
(772, 1555)(704, 1555) - 68
(772, 1556)(704, 1556) - 68
(772, 1557)(704, 1557) - 68
(772, 1558)(704, 1558) - 68
(772, 1559)(704, 1559) - 68
(772, 1560)(704, 1560) - 68
(772, 1561)(704, 1561) - 68
(772, 1562)(704, 1562) - 68
(771, 1563)(704, 1563) - 67
(771, 1564)(704, 1564) - 67
(771, 1565)(704, 1565) - 67
(771, 1566)(704, 1566) - 67
(771, 1567)(704, 1567) - 67
(771, 1568)(704, 1568) - 67
(771, 1569)(704, 1569) - 67
(771, 1570)(704, 1570) - 67
(771, 1571)(704, 1571) - 67
(771, 1572)(704, 1572) - 67
(771, 1573)(704, 1573) - 67
(771, 1574)(704, 1574) - 67
(771, 1575)(704, 1575) - 67
(771, 1576)(704, 1576) - 67
(771, 1577)(704, 1577) - 67
(771, 1578)(704, 1578) - 67
(771, 1579)(704, 1579) - 67
(771, 1580)(704, 1580) - 67
(771, 1581)(704, 1581) - 67
(771, 1582)(704, 1582) - 67
(771, 1583)(704, 1583) - 67
(771, 1584)(704, 1584) - 67
(771, 1585)(704, 1585) - 67
(771, 1586)(704, 1586) - 67
(771, 1587)(704, 1587) - 67
(771, 1588)(704, 1588) - 67
(770, 1589)(704, 1589) - 66
(770, 1590)(704, 1590) - 66
(771, 1591)(704, 1591) - 67
(770, 1592)(704, 1592) - 66
(770, 1593)(704, 1593) - 66
(770, 1594)(704, 1594) - 66
(771, 1595)(704, 1595) - 67
(771, 1596)(705, 1596) - 66
(771, 1597)(702, 1597) - 69
(771, 1598)(704, 1598) - 67
(771, 1600)(703, 1600) - 68
(772, 1601)(703, 1601) - 69
(772, 1602)(703, 1602) - 69
(772, 1603)(703, 1603) - 69
(772, 1604)(703, 1604) - 69
(772, 1605)(704, 1605) - 68
(771, 1606)(704, 1606) - 67
(771, 1607)(704, 1607) - 67
(771, 1608)(703, 1608) - 68
(771, 1609)(703, 1609) - 68
(771, 1610)(703, 1610) - 68
(771, 1611)(704, 1611) - 67
(771, 1612)(704, 1612) - 67
(771, 1613)(704, 1613) - 67
(771, 1614)(704, 1614) - 67
(771, 1615)(704, 1615) - 67
(771, 1616)(704, 1616) - 67
(771, 1617)(704, 1617) - 67
(771, 1618)(704, 1618) - 67
(771, 1619)(704, 1619) - 67
(771, 1620)(704, 1620) - 67
(771, 1621)(704, 1621) - 67
(771, 1622)(704, 1622) - 67
(771, 1623)(704, 1623) - 67
(771, 1624)(704, 1624) - 67
(771, 1625)(704, 1625) - 67
(771, 1626)(704, 1626) - 67
(771, 1627)(704, 1627) - 67
(772, 1628)(704, 1628) - 68
(772, 1629)(704, 1629) - 68
(772, 1630)(704, 1630) - 68
(772, 1631)(704, 1631) - 68
(772, 1632)(704, 1632) - 68
(772, 1633)(704, 1633) - 68
(772, 1634)(704, 1634) - 68
(772, 1635)(704, 1635) - 68
(772, 1636)(704, 1636) - 68
(772, 1637)(704, 1637) - 68
(772, 1638)(704, 1638) - 68
(772, 1639)(704, 1639) - 68
(772, 1640)(704, 1640) - 68
(772, 1641)(704, 1641) - 68
(773, 1642)(704, 1642) - 69
(773, 1643)(704, 1643) - 69
(773, 1644)(704, 1644) - 69
(773, 1645)(704, 1645) - 69
(773, 1646)(704, 1646) - 69
(773, 1647)(704, 1647) - 69
(773, 1648)(704, 1648) - 69
(773, 1649)(704, 1649) - 69
(773, 1650)(704, 1650) - 69
(773, 1651)(704, 1651) - 69
(773, 1652)(704, 1652) - 69
(773, 1653)(704, 1653) - 69
(773, 1654)(704, 1654) - 69
(773, 1655)(704, 1655) - 69
(773, 1656)(704, 1656) - 69
(773, 1657)(704, 1657) - 69
(773, 1658)(704, 1658) - 69
(773, 1659)(704, 1659) - 69
(773, 1660)(704, 1660) - 69
(773, 1661)(704, 1661) - 69
(773, 1662)(704, 1662) - 69
(773, 1663)(704, 1663) - 69
(773, 1664)(704, 1664) - 69
(773, 1665)(704, 1665) - 69
(773, 1666)(704, 1666) - 69
(772, 1667)(704, 1667) - 68
(772, 1668)(704, 1668) - 68
(772, 1669)(704, 1669) - 68
(772, 1670)(704, 1670) - 68
(772, 1671)(704, 1671) - 68
(772, 1672)(704, 1672) - 68
(772, 1673)(704, 1673) - 68
(773, 1674)(704, 1674) - 69
(773, 1675)(704, 1675) - 69
(773, 1676)(704, 1676) - 69
(773, 1677)(704, 1677) - 69
(772, 1678)(704, 1678) - 68
(772, 1679)(704, 1679) - 68
(772, 1680)(704, 1680) - 68
(773, 1681)(705, 1681) - 68
(773, 1682)(704, 1682) - 69
(773, 1683)(704, 1683) - 69
(773, 1684)(705, 1684) - 68
(773, 1685)(704, 1685) - 69
(773, 1686)(704, 1686) - 69
(773, 1687)(704, 1687) - 69
(773, 1688)(704, 1688) - 69
(773, 1689)(704, 1689) - 69
(773, 1690)(702, 1690) - 71
(773, 1692)(704, 1692) - 69
(773, 1693)(704, 1693) - 69
(773, 1694)(704, 1694) - 69
(773, 1695)(704, 1695) - 69
(773, 1696)(704, 1696) - 69
(773, 1697)(704, 1697) - 69
(773, 1698)(704, 1698) - 69
(773, 1699)(704, 1699) - 69
(773, 1700)(704, 1700) - 69
(773, 1701)(704, 1701) - 69
(773, 1702)(704, 1702) - 69
(773, 1703)(704, 1703) - 69
(773, 1704)(704, 1704) - 69
(773, 1705)(704, 1705) - 69
(773, 1706)(704, 1706) - 69
(773, 1707)(704, 1707) - 69
(773, 1708)(704, 1708) - 69
(773, 1709)(704, 1709) - 69
(773, 1710)(704, 1710) - 69
(773, 1711)(704, 1711) - 69
(773, 1712)(704, 1712) - 69
(773, 1713)(704, 1713) - 69
(773, 1714)(704, 1714) - 69
(773, 1715)(704, 1715) - 69
(773, 1716)(704, 1716) - 69
(773, 1717)(704, 1717) - 69
(773, 1718)(704, 1718) - 69
(773, 1719)(704, 1719) - 69
(773, 1720)(704, 1720) - 69
(773, 1721)(704, 1721) - 69
(773, 1722)(704, 1722) - 69
(773, 1723)(704, 1723) - 69
(773, 1724)(704, 1724) - 69
(773, 1725)(704, 1725) - 69
(773, 1726)(704, 1726) - 69
(773, 1727)(704, 1727) - 69
(773, 1728)(704, 1728) - 69
(773, 1729)(704, 1729) - 69
(773, 1730)(704, 1730) - 69
(773, 1731)(704, 1731) - 69
(772, 1732)(704, 1732) - 68
(772, 1733)(704, 1733) - 68
(772, 1734)(704, 1734) - 68
(772, 1735)(704, 1735) - 68
(772, 1736)(704, 1736) - 68
(772, 1737)(704, 1737) - 68
(772, 1738)(704, 1738) - 68
(772, 1739)(704, 1739) - 68
(772, 1740)(704, 1740) - 68
(772, 1741)(704, 1741) - 68
(772, 1742)(704, 1742) - 68
(772, 1743)(704, 1743) - 68
(772, 1744)(704, 1744) - 68
(772, 1745)(704, 1745) - 68
(772, 1746)(704, 1746) - 68
(772, 1747)(704, 1747) - 68
(772, 1748)(704, 1748) - 68
(772, 1749)(704, 1749) - 68
(771, 1750)(704, 1750) - 67
(771, 1751)(704, 1751) - 67
(771, 1752)(704, 1752) - 67
(771, 1753)(704, 1753) - 67
(771, 1754)(704, 1754) - 67
(771, 1755)(704, 1755) - 67
(771, 1756)(704, 1756) - 67
(771, 1757)(704, 1757) - 67
(771, 1758)(704, 1758) - 67
(771, 1759)(704, 1759) - 67
(771, 1760)(704, 1760) - 67
(771, 1761)(704, 1761) - 67
(771, 1762)(704, 1762) - 67
(771, 1763)(704, 1763) - 67
(771, 1764)(704, 1764) - 67
(771, 1765)(704, 1765) - 67
(771, 1766)(704, 1766) - 67
(771, 1767)(704, 1767) - 67
(771, 1768)(704, 1768) - 67
(771, 1769)(704, 1769) - 67
(771, 1770)(704, 1770) - 67
(771, 1771)(704, 1771) - 67
(771, 1772)(704, 1772) - 67
(771, 1773)(704, 1773) - 67
(771, 1774)(704, 1774) - 67
(771, 1775)(704, 1775) - 67
(771, 1776)(704, 1776) - 67
(771, 1777)(704, 1777) - 67
(771, 1778)(704, 1778) - 67
(771, 1779)(704, 1779) - 67
(771, 1780)(704, 1780) - 67
(771, 1781)(704, 1781) - 67
(771, 1782)(703, 1782) - 68
(771, 1783)(704, 1783) - 67
(771, 1784)(704, 1784) - 67
(771, 1785)(704, 1785) - 67
(771, 1786)(704, 1786) - 67
(771, 1787)(703, 1787) - 68
(771, 1788)(704, 1788) - 67
(771, 1789)(703, 1789) - 68
(771, 1790)(704, 1790) - 67
(771, 1791)(704, 1791) - 67
(771, 1792)(704, 1792) - 67
(771, 1793)(704, 1793) - 67
(771, 1794)(704, 1794) - 67
(771, 1795)(704, 1795) - 67
(771, 1796)(704, 1796) - 67
(771, 1797)(703, 1797) - 68
(771, 1798)(704, 1798) - 67
(771, 1799)(704, 1799) - 67
(771, 1800)(704, 1800) - 67
(771, 1801)(704, 1801) - 67
(771, 1802)(704, 1802) - 67
(771, 1803)(704, 1803) - 67
(771, 1804)(704, 1804) - 67
(771, 1805)(704, 1805) - 67
(771, 1806)(704, 1806) - 67
(770, 1807)(704, 1807) - 66
(770, 1808)(704, 1808) - 66
(770, 1809)(704, 1809) - 66
(770, 1810)(703, 1810) - 67
(770, 1811)(703, 1811) - 67
(770, 1812)(704, 1812) - 66
(770, 1813)(704, 1813) - 66
(770, 1814)(703, 1814) - 67
(770, 1815)(703, 1815) - 67
(770, 1816)(703, 1816) - 67
(770, 1817)(703, 1817) - 67
(770, 1818)(703, 1818) - 67
(770, 1819)(703, 1819) - 67
(770, 1820)(703, 1820) - 67
(770, 1821)(703, 1821) - 67
(770, 1822)(703, 1822) - 67
(770, 1823)(703, 1823) - 67
(771, 1824)(703, 1824) - 68
(771, 1825)(703, 1825) - 68
(771, 1826)(703, 1826) - 68
(770, 1827)(703, 1827) - 67
(770, 1828)(703, 1828) - 67
(770, 1829)(703, 1829) - 67
(770, 1830)(703, 1830) - 67
(770, 1831)(703, 1831) - 67
(770, 1832)(703, 1832) - 67
(770, 1833)(703, 1833) - 67
(770, 1834)(703, 1834) - 67
(770, 1835)(703, 1835) - 67
(770, 1836)(703, 1836) - 67
(770, 1837)(703, 1837) - 67
(770, 1838)(703, 1838) - 67
(771, 1839)(703, 1839) - 68
(771, 1840)(703, 1840) - 68
(771, 1841)(703, 1841) - 68
(771, 1842)(703, 1842) - 68
(771, 1843)(703, 1843) - 68
(771, 1844)(703, 1844) - 68
(771, 1845)(703, 1845) - 68
(771, 1846)(703, 1846) - 68
(771, 1847)(703, 1847) - 68
(771, 1848)(703, 1848) - 68
(771, 1849)(703, 1849) - 68
(771, 1850)(703, 1850) - 68
(771, 1851)(703, 1851) - 68
(771, 1852)(703, 1852) - 68
(771, 1853)(703, 1853) - 68
(771, 1854)(703, 1854) - 68
(771, 1855)(703, 1855) - 68
(771, 1856)(703, 1856) - 68
(771, 1857)(703, 1857) - 68
(771, 1858)(703, 1858) - 68
(771, 1859)(703, 1859) - 68
(771, 1860)(703, 1860) - 68
(771, 1861)(703, 1861) - 68
(771, 1862)(703, 1862) - 68
(771, 1863)(703, 1863) - 68
(771, 1864)(703, 1864) - 68
(771, 1865)(703, 1865) - 68
(771, 1866)(703, 1866) - 68
(771, 1867)(703, 1867) - 68
(771, 1868)(703, 1868) - 68
(771, 1869)(703, 1869) - 68
(771, 1870)(703, 1870) - 68
(771, 1871)(704, 1871) - 67
(771, 1873)(703, 1873) - 68
(772, 1876)(703, 1876) - 69
(771, 1877)(703, 1877) - 68
(771, 1878)(703, 1878) - 68
(771, 1879)(703, 1879) - 68
(771, 1880)(703, 1880) - 68
(772, 1881)(703, 1881) - 69
(772, 1882)(703, 1882) - 69
(772, 1883)(703, 1883) - 69
(772, 1884)(703, 1884) - 69
(772, 1885)(703, 1885) - 69
(772, 1886)(703, 1886) - 69
(772, 1887)(703, 1887) - 69
(772, 1888)(703, 1888) - 69
(772, 1889)(703, 1889) - 69
(772, 1890)(703, 1890) - 69
(772, 1891)(703, 1891) - 69
(771, 1892)(703, 1892) - 68
(771, 1893)(703, 1893) - 68
(772, 1894)(703, 1894) - 69
(772, 1895)(703, 1895) - 69
(772, 1896)(703, 1896) - 69
(772, 1897)(703, 1897) - 69
(772, 1898)(703, 1898) - 69
(772, 1899)(703, 1899) - 69
(772, 1900)(703, 1900) - 69
(772, 1901)(703, 1901) - 69
(772, 1902)(703, 1902) - 69
(772, 1903)(703, 1903) - 69
(773, 1904)(703, 1904) - 70
(773, 1905)(703, 1905) - 70
(773, 1906)(703, 1906) - 70
(773, 1907)(703, 1907) - 70
(773, 1908)(703, 1908) - 70
(773, 1909)(703, 1909) - 70
(773, 1910)(703, 1910) - 70
(773, 1911)(703, 1911) - 70
(773, 1912)(703, 1912) - 70
(773, 1913)(703, 1913) - 70
(773, 1914)(703, 1914) - 70
(773, 1915)(703, 1915) - 70
(773, 1916)(703, 1916) - 70
(773, 1917)(703, 1917) - 70
(773, 1918)(703, 1918) - 70
(773, 1919)(703, 1919) - 70
(773, 1920)(703, 1920) - 70
(773, 1921)(703, 1921) - 70
(773, 1922)(703, 1922) - 70
(773, 1923)(703, 1923) - 70
(773, 1924)(703, 1924) - 70
(773, 1925)(703, 1925) - 70
(773, 1926)(703, 1926) - 70
(773, 1927)(703, 1927) - 70
(773, 1928)(703, 1928) - 70
(773, 1929)(703, 1929) - 70
(773, 1930)(703, 1930) - 70
(773, 1931)(703, 1931) - 70
(773, 1932)(703, 1932) - 70
(773, 1933)(703, 1933) - 70
(773, 1934)(703, 1934) - 70
(773, 1935)(703, 1935) - 70
(773, 1936)(703, 1936) - 70
(773, 1937)(703, 1937) - 70
(773, 1938)(703, 1938) - 70
(773, 1939)(703, 1939) - 70
(773, 1940)(703, 1940) - 70
(773, 1941)(703, 1941) - 70
(773, 1942)(703, 1942) - 70
(772, 1943)(703, 1943) - 69
(772, 1944)(703, 1944) - 69
(772, 1945)(703, 1945) - 69
(772, 1946)(703, 1946) - 69
(772, 1947)(703, 1947) - 69
(772, 1948)(703, 1948) - 69
(772, 1949)(703, 1949) - 69
(772, 1950)(703, 1950) - 69
(772, 1951)(703, 1951) - 69
(772, 1952)(703, 1952) - 69
(772, 1953)(703, 1953) - 69
(772, 1954)(703, 1954) - 69
(772, 1955)(703, 1955) - 69
(772, 1956)(703, 1956) - 69
(772, 1957)(703, 1957) - 69
(772, 1958)(703, 1958) - 69
(772, 1959)(703, 1959) - 69
(772, 1960)(703, 1960) - 69
(772, 1961)(703, 1961) - 69
(771, 1962)(703, 1962) - 68
(771, 1963)(703, 1963) - 68
(771, 1966)(703, 1966) - 68
(772, 1967)(703, 1967) - 69
(772, 1968)(703, 1968) - 69
(772, 1969)(703, 1969) - 69
(772, 1970)(703, 1970) - 69
(772, 1971)(703, 1971) - 69
(772, 1972)(703, 1972) - 69
(772, 1973)(703, 1973) - 69
(772, 1974)(703, 1974) - 69
(772, 1975)(703, 1975) - 69
(772, 1976)(703, 1976) - 69
(772, 1977)(703, 1977) - 69
(772, 1978)(702, 1978) - 70
(772, 1979)(702, 1979) - 70
(772, 1980)(703, 1980) - 69
(772, 1981)(703, 1981) - 69
(771, 1982)(703, 1982) - 68
(771, 1983)(703, 1983) - 68
(771, 1984)(703, 1984) - 68
(771, 1985)(703, 1985) - 68
(771, 1986)(703, 1986) - 68
(771, 1987)(703, 1987) - 68
(771, 1988)(703, 1988) - 68
(771, 1989)(703, 1989) - 68
(771, 1990)(703, 1990) - 68
(771, 1991)(703, 1991) - 68
(771, 1992)(702, 1992) - 69
(771, 1993)(702, 1993) - 69
(771, 1994)(702, 1994) - 69
(771, 1995)(702, 1995) - 69
(771, 1996)(702, 1996) - 69
(771, 1997)(702, 1997) - 69
(771, 1998)(702, 1998) - 69
(771, 1999)(702, 1999) - 69
(771, 2000)(702, 2000) - 69
(771, 2001)(702, 2001) - 69
(771, 2002)(702, 2002) - 69
(771, 2003)(702, 2003) - 69
(771, 2004)(702, 2004) - 69
(771, 2005)(702, 2005) - 69
(771, 2006)(702, 2006) - 69
(771, 2007)(702, 2007) - 69
(771, 2008)(702, 2008) - 69
(771, 2009)(702, 2009) - 69
(771, 2010)(702, 2010) - 69
(771, 2011)(702, 2011) - 69
(771, 2012)(702, 2012) - 69
(771, 2013)(702, 2013) - 69
(771, 2014)(702, 2014) - 69
(770, 2015)(702, 2015) - 68
(770, 2016)(702, 2016) - 68
(770, 2017)(702, 2017) - 68
(770, 2018)(702, 2018) - 68
(770, 2019)(702, 2019) - 68
(770, 2020)(702, 2020) - 68
(770, 2021)(702, 2021) - 68
(770, 2022)(702, 2022) - 68
(770, 2023)(702, 2023) - 68
(770, 2024)(702, 2024) - 68
(770, 2025)(702, 2025) - 68
(770, 2026)(702, 2026) - 68
(770, 2027)(702, 2027) - 68
(770, 2028)(702, 2028) - 68
(770, 2029)(702, 2029) - 68
(770, 2030)(702, 2030) - 68
(770, 2031)(702, 2031) - 68
(770, 2032)(702, 2032) - 68
(770, 2033)(702, 2033) - 68
(770, 2034)(702, 2034) - 68
(770, 2035)(702, 2035) - 68
(770, 2036)(702, 2036) - 68
(770, 2037)(702, 2037) - 68
(770, 2038)(702, 2038) - 68
(770, 2039)(702, 2039) - 68
(771, 2040)(702, 2040) - 69
(771, 2041)(702, 2041) - 69
(771, 2042)(702, 2042) - 69
(771, 2043)(702, 2043) - 69
(771, 2044)(702, 2044) - 69
(771, 2045)(702, 2045) - 69
(771, 2046)(702, 2046) - 69
(771, 2047)(702, 2047) - 69
(771, 2048)(702, 2048) - 69
(771, 2049)(702, 2049) - 69
(771, 2050)(702, 2050) - 69
(771, 2051)(702, 2051) - 69
(771, 2052)(702, 2052) - 69
(771, 2053)(701, 2053) - 70
(771, 2055)(702, 2055) - 69
(771, 2056)(702, 2056) - 69
(771, 2057)(702, 2057) - 69
(771, 2058)(702, 2058) - 69
(771, 2059)(702, 2059) - 69
(771, 2060)(702, 2060) - 69
(771, 2061)(702, 2061) - 69
(771, 2062)(702, 2062) - 69
(771, 2063)(702, 2063) - 69
(771, 2064)(702, 2064) - 69
(772, 2065)(702, 2065) - 70
(772, 2066)(702, 2066) - 70
(772, 2067)(702, 2067) - 70
(772, 2068)(701, 2068) - 71
(772, 2069)(702, 2069) - 70
(772, 2070)(702, 2070) - 70
(772, 2071)(702, 2071) - 70
(772, 2072)(702, 2072) - 70
(772, 2073)(702, 2073) - 70
(772, 2074)(701, 2074) - 71
(772, 2075)(701, 2075) - 71
(772, 2076)(701, 2076) - 71
(772, 2077)(701, 2077) - 71
(772, 2078)(701, 2078) - 71
(772, 2079)(701, 2079) - 71
(772, 2080)(702, 2080) - 70
(772, 2081)(702, 2081) - 70
(772, 2082)(701, 2082) - 71
(772, 2083)(702, 2083) - 70
(772, 2084)(702, 2084) - 70
(772, 2085)(701, 2085) - 71
(772, 2086)(701, 2086) - 71
(772, 2087)(701, 2087) - 71
(772, 2088)(702, 2088) - 70
(772, 2089)(702, 2089) - 70
(772, 2090)(701, 2090) - 71
(772, 2091)(701, 2091) - 71
(772, 2092)(701, 2092) - 71
(772, 2093)(701, 2093) - 71
(772, 2094)(701, 2094) - 71
(772, 2095)(701, 2095) - 71
(772, 2096)(701, 2096) - 71
(772, 2097)(701, 2097) - 71
(772, 2098)(701, 2098) - 71
(772, 2099)(701, 2099) - 71
(773, 2100)(701, 2100) - 72
(773, 2101)(701, 2101) - 72
(773, 2102)(701, 2102) - 72
(773, 2103)(701, 2103) - 72
(773, 2104)(701, 2104) - 72
(773, 2105)(701, 2105) - 72
(774, 2106)(701, 2106) - 73
(774, 2107)(701, 2107) - 73
(774, 2108)(701, 2108) - 73
(773, 2109)(701, 2109) - 72
(773, 2110)(701, 2110) - 72
(773, 2111)(701, 2111) - 72
(773, 2112)(701, 2112) - 72
(773, 2113)(701, 2113) - 72
(773, 2114)(701, 2114) - 72
(773, 2115)(701, 2115) - 72
(773, 2116)(701, 2116) - 72
(773, 2117)(701, 2117) - 72
(773, 2118)(701, 2118) - 72
(773, 2119)(701, 2119) - 72
(773, 2120)(701, 2120) - 72
(773, 2121)(701, 2121) - 72
(773, 2122)(701, 2122) - 72
(772, 2123)(701, 2123) - 71
(772, 2124)(701, 2124) - 71
(772, 2125)(701, 2125) - 71
(772, 2126)(701, 2126) - 71
(771, 2127)(701, 2127) - 70
(771, 2128)(701, 2128) - 70
(771, 2129)(701, 2129) - 70
(771, 2130)(701, 2130) - 70
(771, 2131)(701, 2131) - 70
(771, 2132)(701, 2132) - 70
(771, 2133)(701, 2133) - 70
(771, 2134)(701, 2134) - 70
(771, 2135)(701, 2135) - 70
(770, 2136)(702, 2136) - 68
(770, 2137)(702, 2137) - 68
(770, 2138)(701, 2138) - 69
(770, 2139)(701, 2139) - 69
(770, 2140)(701, 2140) - 69
(770, 2141)(701, 2141) - 69
(769, 2142)(701, 2142) - 68
(769, 2143)(702, 2143) - 67
(769, 2144)(701, 2144) - 68
(769, 2145)(701, 2145) - 68
(769, 2148)(701, 2148) - 68
(769, 2149)(701, 2149) - 68
(769, 2150)(701, 2150) - 68
(769, 2151)(701, 2151) - 68
(769, 2152)(701, 2152) - 68
(769, 2153)(701, 2153) - 68
(769, 2154)(701, 2154) - 68
(769, 2155)(701, 2155) - 68
(769, 2156)(701, 2156) - 68
(769, 2157)(701, 2157) - 68
(769, 2158)(701, 2158) - 68
(769, 2159)(701, 2159) - 68
(769, 2160)(701, 2160) - 68
(769, 2161)(701, 2161) - 68
(768, 2162)(701, 2162) - 67
(768, 2163)(701, 2163) - 67
(768, 2164)(701, 2164) - 67
(768, 2165)(701, 2165) - 67
(768, 2166)(701, 2166) - 67
(768, 2167)(701, 2167) - 67
(768, 2168)(701, 2168) - 67
(768, 2169)(701, 2169) - 67
(768, 2170)(701, 2170) - 67
(768, 2171)(701, 2171) - 67
(768, 2172)(701, 2172) - 67
(768, 2173)(701, 2173) - 67
(768, 2174)(701, 2174) - 67
(768, 2175)(701, 2175) - 67
(768, 2176)(701, 2176) - 67
(768, 2177)(701, 2177) - 67
(768, 2178)(701, 2178) - 67
(768, 2179)(701, 2179) - 67
(767, 2180)(701, 2180) - 66
(767, 2181)(701, 2181) - 66
(767, 2182)(701, 2182) - 66
(767, 2183)(701, 2183) - 66
(767, 2184)(701, 2184) - 66
(767, 2185)(701, 2185) - 66
(767, 2186)(701, 2186) - 66
(767, 2187)(701, 2187) - 66
(767, 2188)(701, 2188) - 66
(767, 2189)(701, 2189) - 66
(767, 2190)(701, 2190) - 66
(767, 2191)(701, 2191) - 66
(767, 2192)(701, 2192) - 66
(767, 2193)(701, 2193) - 66
(767, 2194)(701, 2194) - 66
(767, 2195)(701, 2195) - 66
(767, 2196)(701, 2196) - 66
(767, 2197)(701, 2197) - 66
(767, 2198)(701, 2198) - 66
(767, 2199)(701, 2199) - 66
(767, 2200)(701, 2200) - 66
(767, 2201)(701, 2201) - 66
(767, 2202)(701, 2202) - 66
(768, 2203)(701, 2203) - 67
(768, 2204)(701, 2204) - 67
(768, 2205)(701, 2205) - 67
(768, 2206)(701, 2206) - 67
(768, 2207)(701, 2207) - 67
(768, 2208)(701, 2208) - 67
(768, 2209)(701, 2209) - 67
(769, 2210)(701, 2210) - 68
(769, 2211)(701, 2211) - 68
(769, 2212)(701, 2212) - 68
(769, 2213)(701, 2213) - 68
(769, 2214)(701, 2214) - 68
(769, 2215)(701, 2215) - 68
(769, 2216)(701, 2216) - 68
(770, 2217)(701, 2217) - 69
(770, 2218)(701, 2218) - 69
(770, 2219)(701, 2219) - 69
(770, 2220)(701, 2220) - 69
(770, 2221)(701, 2221) - 69
(770, 2222)(701, 2222) - 69
(770, 2223)(701, 2223) - 69
(771, 2224)(701, 2224) - 70
(771, 2225)(701, 2225) - 70
(771, 2226)(701, 2226) - 70
(771, 2227)(701, 2227) - 70
(771, 2228)(701, 2228) - 70
(771, 2229)(701, 2229) - 70
(771, 2230)(701, 2230) - 70
(771, 2231)(701, 2231) - 70
(771, 2232)(701, 2232) - 70
(771, 2233)(701, 2233) - 70
(771, 2234)(701, 2234) - 70
(770, 2235)(701, 2235) - 69
(770, 2236)(701, 2236) - 69
(770, 2237)(701, 2237) - 69
(771, 2238)(701, 2238) - 70
(770, 2239)(701, 2239) - 69
(770, 2240)(701, 2240) - 69
(770, 2241)(701, 2241) - 69
(770, 2242)(701, 2242) - 69
(770, 2243)(701, 2243) - 69
(770, 2244)(701, 2244) - 69
(770, 2245)(701, 2245) - 69
(770, 2246)(701, 2246) - 69
(770, 2247)(701, 2247) - 69
(770, 2248)(700, 2248) - 70
(770, 2249)(701, 2249) - 69
(770, 2250)(701, 2250) - 69
(770, 2251)(701, 2251) - 69
(770, 2252)(701, 2252) - 69
(770, 2253)(701, 2253) - 69
(770, 2254)(701, 2254) - 69
(770, 2255)(701, 2255) - 69
(770, 2256)(701, 2256) - 69
(770, 2257)(701, 2257) - 69
(770, 2258)(701, 2258) - 69
(770, 2259)(701, 2259) - 69
(770, 2260)(701, 2260) - 69
(770, 2261)(701, 2261) - 69
(770, 2262)(701, 2262) - 69
(770, 2263)(701, 2263) - 69
(770, 2264)(701, 2264) - 69
(770, 2265)(701, 2265) - 69
(770, 2266)(701, 2266) - 69
(770, 2267)(701, 2267) - 69
(770, 2268)(701, 2268) - 69
(770, 2271)(701, 2271) - 69
(769, 2272)(701, 2272) - 68
(769, 2273)(701, 2273) - 68
(769, 2274)(701, 2274) - 68
(769, 2275)(701, 2275) - 68
(769, 2276)(701, 2276) - 68
(769, 2277)(701, 2277) - 68
(769, 2278)(701, 2278) - 68
(768, 2279)(701, 2279) - 67
(768, 2280)(701, 2280) - 67
(768, 2281)(701, 2281) - 67
(768, 2282)(701, 2282) - 67
(768, 2283)(701, 2283) - 67
(767, 2284)(701, 2284) - 66
(767, 2285)(701, 2285) - 66
(766, 2286)(701, 2286) - 65
(765, 2287)(701, 2287) - 64
(765, 2288)(701, 2288) - 64
(765, 2289)(701, 2289) - 64
(764, 2290)(701, 2290) - 63
(764, 2291)(701, 2291) - 63
(764, 2292)(701, 2292) - 63
(763, 2293)(701, 2293) - 62
(763, 2294)(701, 2294) - 62
(763, 2295)(701, 2295) - 62
(763, 2296)(700, 2296) - 63
(763, 2297)(700, 2297) - 63
(763, 2298)(700, 2298) - 63
(763, 2299)(700, 2299) - 63
(763, 2300)(701, 2300) - 62
(763, 2301)(700, 2301) - 63
(762, 2302)(700, 2302) - 62
(762, 2303)(700, 2303) - 62
(762, 2304)(700, 2304) - 62
(762, 2305)(700, 2305) - 62
(762, 2306)(700, 2306) - 62
(761, 2307)(700, 2307) - 61
(761, 2308)(700, 2308) - 61
(761, 2309)(700, 2309) - 61
(761, 2310)(700, 2310) - 61
(761, 2311)(701, 2311) - 60
(761, 2312)(700, 2312) - 61
(761, 2313)(700, 2313) - 61
(761, 2314)(700, 2314) - 61
(761, 2315)(700, 2315) - 61
(760, 2316)(700, 2316) - 60
(760, 2317)(700, 2317) - 60
(760, 2318)(700, 2318) - 60
(761, 2319)(700, 2319) - 61
(761, 2320)(700, 2320) - 61
(761, 2321)(700, 2321) - 61
(761, 2322)(700, 2322) - 61
(761, 2323)(700, 2323) - 61
(761, 2324)(700, 2324) - 61
(761, 2325)(700, 2325) - 61
(761, 2326)(700, 2326) - 61
