(771, 147)(508, 147) - 263
(771, 148)(508, 148) - 263
(772, 149)(508, 149) - 264
(772, 150)(508, 150) - 264
(772, 151)(508, 151) - 264
(772, 152)(508, 152) - 264
(772, 153)(508, 153) - 264
(772, 154)(508, 154) - 264
(772, 155)(508, 155) - 264
(771, 156)(508, 156) - 263
(771, 157)(508, 157) - 263
(771, 158)(508, 158) - 263
(771, 159)(508, 159) - 263
(770, 160)(508, 160) - 262
(770, 161)(508, 161) - 262
(771, 162)(508, 162) - 263
(771, 163)(508, 163) - 263
(771, 164)(508, 164) - 263
(771, 165)(508, 165) - 263
(771, 166)(508, 166) - 263
(771, 167)(508, 167) - 263
(771, 168)(508, 168) - 263
(771, 169)(508, 169) - 263
(770, 170)(508, 170) - 262
(770, 171)(508, 171) - 262
(769, 172)(508, 172) - 261
(769, 173)(508, 173) - 261
(768, 174)(508, 174) - 260
(768, 175)(508, 175) - 260
(768, 176)(508, 176) - 260
(767, 177)(508, 177) - 259
(767, 178)(508, 178) - 259
(766, 179)(508, 179) - 258
(766, 180)(508, 180) - 258
(766, 181)(508, 181) - 258
(766, 182)(508, 182) - 258
(766, 183)(508, 183) - 258
(766, 184)(508, 184) - 258
(765, 185)(508, 185) - 257
(765, 186)(508, 186) - 257
(765, 187)(508, 187) - 257
(765, 188)(508, 188) - 257
(765, 189)(508, 189) - 257
(765, 190)(508, 190) - 257
(766, 191)(508, 191) - 258
(766, 192)(508, 192) - 258
(767, 193)(508, 193) - 259
(767, 194)(508, 194) - 259
(767, 195)(508, 195) - 259
(767, 196)(508, 196) - 259
(768, 197)(508, 197) - 260
(768, 198)(508, 198) - 260
(768, 199)(508, 199) - 260
(768, 200)(508, 200) - 260
(768, 201)(508, 201) - 260
(768, 202)(508, 202) - 260
(768, 203)(508, 203) - 260
(768, 204)(508, 204) - 260
(768, 205)(508, 205) - 260
(768, 206)(508, 206) - 260
(768, 207)(508, 207) - 260
(767, 208)(508, 208) - 259
(767, 209)(508, 209) - 259
(767, 210)(508, 210) - 259
(767, 211)(508, 211) - 259
(767, 212)(508, 212) - 259
(767, 213)(508, 213) - 259
(766, 214)(508, 214) - 258
(766, 215)(508, 215) - 258
(765, 216)(508, 216) - 257
(765, 217)(508, 217) - 257
(766, 218)(508, 218) - 258
(766, 219)(508, 219) - 258
(766, 220)(508, 220) - 258
(768, 223)(508, 223) - 260
(768, 224)(508, 224) - 260
(768, 225)(508, 225) - 260
(763, 237)(508, 237) - 255
(763, 238)(508, 238) - 255
(763, 239)(508, 239) - 255
(762, 240)(508, 240) - 254
(762, 241)(508, 241) - 254
(762, 242)(508, 242) - 254
(762, 243)(508, 243) - 254
(761, 244)(508, 244) - 253
(761, 245)(508, 245) - 253
(760, 246)(508, 246) - 252
(760, 247)(508, 247) - 252
(760, 248)(508, 248) - 252
(760, 249)(508, 249) - 252
(759, 250)(508, 250) - 251
(759, 251)(508, 251) - 251
(759, 252)(508, 252) - 251
(759, 253)(508, 253) - 251
(759, 254)(508, 254) - 251
(759, 255)(508, 255) - 251
(759, 256)(508, 256) - 251
(759, 257)(508, 257) - 251
(758, 258)(508, 258) - 250
(758, 259)(508, 259) - 250
(758, 260)(508, 260) - 250
(758, 261)(508, 261) - 250
(758, 262)(508, 262) - 250
(758, 263)(508, 263) - 250
(757, 264)(508, 264) - 249
(757, 265)(508, 265) - 249
(757, 266)(508, 266) - 249
(757, 267)(508, 267) - 249
(757, 268)(508, 268) - 249
(757, 269)(508, 269) - 249
(756, 270)(508, 270) - 248
(756, 271)(508, 271) - 248
(756, 272)(508, 272) - 248
(756, 273)(508, 273) - 248
(755, 274)(508, 274) - 247
(755, 275)(508, 275) - 247
(755, 276)(508, 276) - 247
(755, 277)(508, 277) - 247
(755, 278)(508, 278) - 247
(755, 279)(508, 279) - 247
(755, 280)(508, 280) - 247
(755, 281)(508, 281) - 247
(755, 282)(508, 282) - 247
(754, 283)(508, 283) - 246
(754, 284)(508, 284) - 246
(754, 285)(508, 285) - 246
(754, 286)(508, 286) - 246
(753, 287)(508, 287) - 245
(753, 288)(508, 288) - 245
(753, 289)(508, 289) - 245
(753, 290)(508, 290) - 245
(753, 291)(508, 291) - 245
(752, 292)(508, 292) - 244
(752, 293)(507, 293) - 245
(752, 294)(507, 294) - 245
(752, 295)(507, 295) - 245
(751, 296)(507, 296) - 244
(751, 297)(507, 297) - 244
(751, 298)(507, 298) - 244
(750, 299)(507, 299) - 243
(750, 300)(507, 300) - 243
(750, 301)(507, 301) - 243
(748, 302)(507, 302) - 241
(749, 303)(507, 303) - 242
(749, 304)(507, 304) - 242
(748, 305)(507, 305) - 241
(748, 306)(507, 306) - 241
(748, 307)(507, 307) - 241
(748, 308)(507, 308) - 241
(748, 309)(507, 309) - 241
(748, 310)(508, 310) - 240
(748, 311)(508, 311) - 240
(747, 314)(508, 314) - 239
(747, 315)(508, 315) - 239
(747, 316)(508, 316) - 239
(747, 317)(508, 317) - 239
(746, 320)(508, 320) - 238
(747, 321)(508, 321) - 239
(746, 331)(507, 331) - 239
(746, 332)(507, 332) - 239
(746, 333)(507, 333) - 239
(746, 334)(507, 334) - 239
(746, 335)(507, 335) - 239
(746, 336)(507, 336) - 239
(746, 337)(507, 337) - 239
(746, 338)(507, 338) - 239
(746, 339)(507, 339) - 239
(746, 340)(507, 340) - 239
(746, 341)(507, 341) - 239
(746, 342)(507, 342) - 239
(747, 343)(507, 343) - 240
(747, 344)(507, 344) - 240
(748, 345)(507, 345) - 241
(748, 346)(508, 346) - 240
(749, 347)(508, 347) - 241
(749, 348)(508, 348) - 241
(750, 349)(507, 349) - 243
(751, 350)(507, 350) - 244
(751, 351)(507, 351) - 244
(752, 352)(507, 352) - 245
(753, 353)(508, 353) - 245
(753, 354)(508, 354) - 245
(753, 355)(508, 355) - 245
(753, 356)(508, 356) - 245
(752, 357)(508, 357) - 244
(752, 358)(507, 358) - 245
(752, 359)(507, 359) - 245
(752, 360)(507, 360) - 245
(751, 361)(507, 361) - 244
(751, 362)(507, 362) - 244
(751, 363)(507, 363) - 244
(750, 364)(507, 364) - 243
(750, 365)(507, 365) - 243
(749, 366)(507, 366) - 242
(748, 367)(507, 367) - 241
(748, 368)(507, 368) - 241
(748, 369)(507, 369) - 241
(747, 370)(507, 370) - 240
(747, 371)(507, 371) - 240
(747, 372)(507, 372) - 240
(747, 373)(507, 373) - 240
(747, 374)(507, 374) - 240
(747, 375)(507, 375) - 240
(746, 376)(507, 376) - 239
(746, 377)(507, 377) - 239
(746, 378)(507, 378) - 239
(746, 379)(507, 379) - 239
(746, 380)(507, 380) - 239
(746, 381)(507, 381) - 239
(746, 382)(507, 382) - 239
(746, 383)(507, 383) - 239
(746, 384)(507, 384) - 239
(745, 385)(507, 385) - 238
(745, 386)(507, 386) - 238
(745, 387)(507, 387) - 238
(745, 388)(507, 388) - 238
(744, 389)(507, 389) - 237
(744, 390)(507, 390) - 237
(744, 391)(507, 391) - 237
(744, 392)(507, 392) - 237
(744, 393)(507, 393) - 237
(744, 394)(507, 394) - 237
(744, 395)(507, 395) - 237
(745, 396)(507, 396) - 238
(745, 397)(507, 397) - 238
(745, 398)(507, 398) - 238
(745, 399)(507, 399) - 238
(745, 400)(507, 400) - 238
(745, 401)(507, 401) - 238
(745, 402)(507, 402) - 238
(745, 403)(508, 403) - 237
(745, 406)(508, 406) - 237
(745, 407)(508, 407) - 237
(744, 410)(508, 410) - 236
(743, 411)(508, 411) - 235
(743, 412)(508, 412) - 235
(741, 424)(507, 424) - 234
(741, 425)(507, 425) - 234
(741, 426)(507, 426) - 234
(741, 427)(507, 427) - 234
(741, 428)(507, 428) - 234
(741, 429)(507, 429) - 234
(741, 430)(507, 430) - 234
(741, 431)(507, 431) - 234
(740, 432)(507, 432) - 233
(740, 433)(507, 433) - 233
(740, 434)(507, 434) - 233
(740, 435)(507, 435) - 233
(740, 436)(508, 436) - 232
(740, 437)(508, 437) - 232
(739, 438)(508, 438) - 231
(739, 439)(508, 439) - 231
(739, 440)(508, 440) - 231
(739, 441)(507, 441) - 232
(739, 442)(507, 442) - 232
(739, 443)(507, 443) - 232
(739, 444)(508, 444) - 231
(739, 445)(508, 445) - 231
(740, 446)(508, 446) - 232
(740, 447)(508, 447) - 232
(740, 448)(508, 448) - 232
(740, 449)(508, 449) - 232
(740, 450)(508, 450) - 232
(741, 451)(507, 451) - 234
(741, 452)(507, 452) - 234
(742, 453)(507, 453) - 235
(742, 454)(507, 454) - 235
(742, 455)(507, 455) - 235
(743, 456)(507, 456) - 236
(743, 457)(507, 457) - 236
(743, 458)(507, 458) - 236
(744, 459)(507, 459) - 237
(744, 460)(507, 460) - 237
(744, 461)(507, 461) - 237
(744, 462)(507, 462) - 237
(744, 463)(507, 463) - 237
(744, 464)(508, 464) - 236
(744, 465)(508, 465) - 236
(744, 466)(508, 466) - 236
(744, 467)(508, 467) - 236
(744, 468)(507, 468) - 237
(744, 469)(507, 469) - 237
(744, 470)(507, 470) - 237
(745, 471)(507, 471) - 238
(745, 472)(507, 472) - 238
(745, 473)(508, 473) - 237
(745, 474)(507, 474) - 238
(745, 475)(507, 475) - 238
(746, 476)(507, 476) - 239
(746, 477)(507, 477) - 239
(746, 478)(507, 478) - 239
(746, 479)(507, 479) - 239
(746, 480)(507, 480) - 239
(746, 481)(507, 481) - 239
(746, 482)(507, 482) - 239
(746, 483)(507, 483) - 239
(747, 484)(507, 484) - 240
(747, 485)(507, 485) - 240
(747, 486)(507, 486) - 240
(748, 487)(507, 487) - 241
(748, 488)(507, 488) - 241
(748, 489)(507, 489) - 241
(749, 490)(507, 490) - 242
(750, 491)(507, 491) - 243
(750, 492)(507, 492) - 243
(751, 493)(507, 493) - 244
(751, 494)(508, 494) - 243
(751, 495)(508, 495) - 243
(752, 502)(508, 502) - 244
(753, 503)(508, 503) - 245
(755, 507)(508, 507) - 247
(755, 508)(508, 508) - 247
(754, 509)(508, 509) - 246
(756, 510)(508, 510) - 248
(756, 511)(508, 511) - 248
(756, 512)(508, 512) - 248
(756, 513)(508, 513) - 248
(756, 514)(507, 514) - 249
(755, 515)(507, 515) - 248
(757, 516)(507, 516) - 250
(757, 517)(507, 517) - 250
(757, 518)(507, 518) - 250
(757, 519)(507, 519) - 250
(757, 520)(507, 520) - 250
(758, 521)(507, 521) - 251
(758, 522)(507, 522) - 251
(758, 523)(507, 523) - 251
(758, 524)(507, 524) - 251
(758, 525)(507, 525) - 251
(758, 526)(507, 526) - 251
(758, 527)(507, 527) - 251
(758, 528)(507, 528) - 251
(758, 529)(508, 529) - 250
(758, 530)(508, 530) - 250
(758, 531)(508, 531) - 250
(758, 532)(508, 532) - 250
(758, 533)(507, 533) - 251
(759, 534)(507, 534) - 252
(759, 535)(507, 535) - 252
(759, 536)(507, 536) - 252
(760, 537)(507, 537) - 253
(760, 538)(507, 538) - 253
(760, 539)(507, 539) - 253
(760, 540)(507, 540) - 253
(761, 541)(507, 541) - 254
(761, 542)(507, 542) - 254
(762, 543)(507, 543) - 255
(762, 544)(507, 544) - 255
(763, 545)(507, 545) - 256
(764, 546)(507, 546) - 257
(764, 547)(507, 547) - 257
(765, 548)(507, 548) - 258
(765, 549)(507, 549) - 258
(766, 550)(507, 550) - 259
(766, 551)(507, 551) - 259
(767, 552)(507, 552) - 260
(767, 553)(507, 553) - 260
(767, 554)(507, 554) - 260
(768, 555)(507, 555) - 261
(768, 556)(507, 556) - 261
(768, 557)(507, 557) - 261
(768, 558)(507, 558) - 261
(769, 559)(507, 559) - 262
(769, 560)(507, 560) - 262
(769, 561)(507, 561) - 262
(770, 562)(507, 562) - 263
(770, 563)(507, 563) - 263
(770, 564)(507, 564) - 263
(770, 565)(507, 565) - 263
(770, 566)(507, 566) - 263
(770, 567)(507, 567) - 263
(770, 568)(507, 568) - 263
(770, 569)(507, 569) - 263
(769, 570)(507, 570) - 262
(769, 571)(507, 571) - 262
(769, 572)(507, 572) - 262
(769, 573)(507, 573) - 262
(769, 574)(507, 574) - 262
(770, 575)(507, 575) - 263
(770, 576)(507, 576) - 263
(770, 577)(507, 577) - 263
(770, 578)(507, 578) - 263
(770, 579)(507, 579) - 263
(770, 580)(507, 580) - 263
(770, 581)(507, 581) - 263
(770, 582)(507, 582) - 263
(770, 583)(507, 583) - 263
(771, 584)(507, 584) - 264
(771, 585)(507, 585) - 264
(772, 586)(507, 586) - 265
(772, 587)(508, 587) - 264
(773, 589)(508, 589) - 265
(773, 590)(508, 590) - 265
(776, 593)(508, 593) - 268
(776, 594)(508, 594) - 268
(776, 595)(508, 595) - 268
(777, 596)(508, 596) - 269
(777, 597)(508, 597) - 269
(778, 598)(508, 598) - 270
(778, 599)(508, 599) - 270
(778, 600)(508, 600) - 270
(778, 601)(508, 601) - 270
(778, 602)(508, 602) - 270
(778, 603)(508, 603) - 270
(778, 604)(507, 604) - 271
(778, 605)(507, 605) - 271
(778, 606)(507, 606) - 271
(778, 607)(507, 607) - 271
(778, 608)(507, 608) - 271
(778, 609)(507, 609) - 271
(778, 610)(507, 610) - 271
(778, 611)(507, 611) - 271
(779, 612)(507, 612) - 272
(779, 613)(507, 613) - 272
(779, 614)(507, 614) - 272
(779, 615)(507, 615) - 272
(779, 616)(507, 616) - 272
(779, 617)(507, 617) - 272
(779, 618)(507, 618) - 272
(779, 619)(507, 619) - 272
(779, 620)(507, 620) - 272
(779, 621)(507, 621) - 272
(779, 622)(507, 622) - 272
(780, 623)(507, 623) - 273
(780, 624)(507, 624) - 273
(780, 625)(507, 625) - 273
(779, 626)(507, 626) - 272
(778, 627)(507, 627) - 271
(778, 628)(507, 628) - 271
(777, 629)(507, 629) - 270
(777, 630)(507, 630) - 270
(777, 631)(507, 631) - 270
(777, 632)(507, 632) - 270
(777, 633)(507, 633) - 270
(778, 634)(507, 634) - 271
(778, 635)(507, 635) - 271
(778, 636)(507, 636) - 271
(778, 637)(507, 637) - 271
(778, 638)(507, 638) - 271
(778, 639)(507, 639) - 271
(778, 640)(507, 640) - 271
(778, 641)(507, 641) - 271
(778, 642)(507, 642) - 271
(778, 643)(507, 643) - 271
(778, 644)(507, 644) - 271
(778, 645)(507, 645) - 271
(778, 646)(507, 646) - 271
(778, 647)(507, 647) - 271
(778, 648)(507, 648) - 271
(777, 649)(507, 649) - 270
(777, 650)(507, 650) - 270
(777, 651)(507, 651) - 270
(777, 652)(507, 652) - 270
(777, 653)(507, 653) - 270
(777, 654)(507, 654) - 270
(777, 655)(507, 655) - 270
(778, 656)(507, 656) - 271
(778, 657)(507, 657) - 271
(777, 658)(507, 658) - 270
(777, 659)(507, 659) - 270
(776, 660)(507, 660) - 269
(776, 661)(507, 661) - 269
(776, 662)(507, 662) - 269
(776, 663)(507, 663) - 269
(776, 664)(507, 664) - 269
(775, 665)(507, 665) - 268
(775, 666)(507, 666) - 268
(776, 667)(507, 667) - 269
(776, 668)(507, 668) - 269
(776, 669)(507, 669) - 269
(776, 670)(507, 670) - 269
(775, 671)(507, 671) - 268
(775, 672)(507, 672) - 268
(774, 673)(507, 673) - 267
(774, 674)(507, 674) - 267
(774, 675)(507, 675) - 267
(774, 676)(507, 676) - 267
(774, 677)(507, 677) - 267
(774, 678)(507, 678) - 267
(774, 679)(508, 679) - 266
(774, 680)(509, 680) - 265
(774, 681)(508, 681) - 266
(774, 682)(508, 682) - 266
(773, 683)(508, 683) - 265
(774, 684)(508, 684) - 266
(774, 685)(508, 685) - 266
(774, 686)(508, 686) - 266
(774, 687)(508, 687) - 266
(774, 688)(508, 688) - 266
(776, 689)(508, 689) - 268
(775, 690)(508, 690) - 267
(775, 691)(508, 691) - 267
(776, 692)(508, 692) - 268
(776, 693)(508, 693) - 268
(777, 694)(508, 694) - 269
(777, 695)(508, 695) - 269
(778, 696)(508, 696) - 270
(778, 697)(507, 697) - 271
(778, 698)(507, 698) - 271
(778, 699)(507, 699) - 271
(779, 700)(507, 700) - 272
(779, 701)(507, 701) - 272
(779, 702)(507, 702) - 272
(779, 703)(507, 703) - 272
(779, 704)(507, 704) - 272
(779, 705)(507, 705) - 272
(779, 706)(507, 706) - 272
(778, 707)(507, 707) - 271
(778, 708)(507, 708) - 271
(778, 709)(507, 709) - 271
(778, 710)(507, 710) - 271
(778, 711)(507, 711) - 271
(777, 712)(507, 712) - 270
(777, 713)(508, 713) - 269
(776, 714)(508, 714) - 268
(776, 715)(508, 715) - 268
(776, 716)(508, 716) - 268
(776, 717)(508, 717) - 268
(775, 718)(507, 718) - 268
(775, 719)(507, 719) - 268
(775, 720)(508, 720) - 267
(775, 721)(507, 721) - 268
(775, 722)(507, 722) - 268
(774, 723)(507, 723) - 267
(774, 724)(507, 724) - 267
(774, 725)(507, 725) - 267
(775, 726)(507, 726) - 268
(775, 727)(507, 727) - 268
(775, 728)(507, 728) - 268
(775, 729)(507, 729) - 268
(775, 730)(507, 730) - 268
(774, 731)(507, 731) - 267
(775, 732)(507, 732) - 268
(775, 733)(507, 733) - 268
(775, 734)(507, 734) - 268
(775, 735)(507, 735) - 268
(775, 736)(507, 736) - 268
(775, 737)(507, 737) - 268
(775, 738)(508, 738) - 267
(775, 739)(508, 739) - 267
(775, 740)(508, 740) - 267
(775, 741)(508, 741) - 267
(775, 742)(507, 742) - 268
(776, 743)(507, 743) - 269
(776, 744)(508, 744) - 268
(776, 745)(508, 745) - 268
(776, 746)(508, 746) - 268
(776, 747)(507, 747) - 269
(777, 748)(507, 748) - 270
(777, 749)(507, 749) - 270
(777, 750)(508, 750) - 269
(777, 751)(508, 751) - 269
(777, 752)(508, 752) - 269
(778, 753)(507, 753) - 271
(778, 754)(507, 754) - 271
(778, 755)(507, 755) - 271
(779, 756)(507, 756) - 272
(779, 757)(507, 757) - 272
(779, 758)(507, 758) - 272
(779, 759)(507, 759) - 272
(779, 760)(507, 760) - 272
(779, 761)(507, 761) - 272
(779, 762)(507, 762) - 272
(779, 763)(507, 763) - 272
(779, 764)(507, 764) - 272
(779, 765)(507, 765) - 272
(778, 766)(507, 766) - 271
(778, 767)(507, 767) - 271
(778, 768)(507, 768) - 271
(778, 769)(507, 769) - 271
(777, 770)(508, 770) - 269
(777, 771)(508, 771) - 269
(777, 773)(508, 773) - 269
(776, 776)(508, 776) - 268
(776, 777)(508, 777) - 268
(776, 778)(508, 778) - 268
(775, 779)(508, 779) - 267
(775, 780)(508, 780) - 267
(775, 781)(508, 781) - 267
(775, 782)(508, 782) - 267
(775, 783)(508, 783) - 267
(775, 784)(508, 784) - 267
(775, 785)(507, 785) - 268
(775, 786)(507, 786) - 268
(775, 787)(507, 787) - 268
(775, 788)(507, 788) - 268
(775, 789)(507, 789) - 268
(775, 790)(507, 790) - 268
(775, 791)(507, 791) - 268
(775, 792)(507, 792) - 268
(774, 793)(507, 793) - 267
(774, 794)(507, 794) - 267
(775, 795)(507, 795) - 268
(774, 796)(507, 796) - 267
(774, 797)(507, 797) - 267
(775, 798)(507, 798) - 268
(775, 799)(507, 799) - 268
(775, 800)(507, 800) - 268
(775, 801)(507, 801) - 268
(775, 802)(507, 802) - 268
(775, 803)(507, 803) - 268
(775, 804)(507, 804) - 268
(775, 805)(507, 805) - 268
(775, 806)(507, 806) - 268
(775, 807)(507, 807) - 268
(775, 808)(507, 808) - 268
(775, 809)(507, 809) - 268
(776, 810)(507, 810) - 269
(776, 811)(507, 811) - 269
(776, 812)(507, 812) - 269
(776, 813)(507, 813) - 269
(776, 814)(507, 814) - 269
(776, 815)(507, 815) - 269
(776, 816)(507, 816) - 269
(776, 817)(507, 817) - 269
(776, 818)(507, 818) - 269
(776, 819)(507, 819) - 269
(777, 820)(507, 820) - 270
(777, 821)(507, 821) - 270
(777, 822)(507, 822) - 270
(777, 823)(507, 823) - 270
(777, 824)(507, 824) - 270
(777, 825)(507, 825) - 270
(778, 826)(507, 826) - 271
(778, 827)(507, 827) - 271
(778, 828)(507, 828) - 271
(778, 829)(507, 829) - 271
(778, 830)(507, 830) - 271
(778, 831)(507, 831) - 271
(778, 832)(507, 832) - 271
(778, 833)(507, 833) - 271
(778, 834)(507, 834) - 271
(778, 835)(507, 835) - 271
(778, 836)(507, 836) - 271
(778, 837)(507, 837) - 271
(778, 838)(507, 838) - 271
(778, 839)(507, 839) - 271
(778, 840)(507, 840) - 271
(778, 841)(507, 841) - 271
(778, 842)(507, 842) - 271
(778, 843)(507, 843) - 271
(778, 844)(507, 844) - 271
(778, 845)(507, 845) - 271
(778, 846)(507, 846) - 271
(778, 847)(507, 847) - 271
(778, 848)(507, 848) - 271
(778, 849)(507, 849) - 271
(778, 850)(507, 850) - 271
(778, 851)(507, 851) - 271
(777, 852)(507, 852) - 270
(777, 853)(507, 853) - 270
(777, 854)(507, 854) - 270
(777, 855)(507, 855) - 270
(777, 856)(507, 856) - 270
(777, 857)(507, 857) - 270
(777, 858)(507, 858) - 270
(777, 859)(507, 859) - 270
(777, 860)(507, 860) - 270
(777, 861)(507, 861) - 270
(778, 862)(507, 862) - 271
(778, 863)(507, 863) - 271
(778, 865)(508, 865) - 270
(777, 866)(508, 866) - 269
(779, 867)(507, 867) - 272
(778, 868)(508, 868) - 270
(778, 869)(508, 869) - 270
(778, 870)(508, 870) - 270
(778, 871)(508, 871) - 270
(778, 872)(508, 872) - 270
(777, 873)(508, 873) - 269
(777, 874)(508, 874) - 269
(777, 875)(508, 875) - 269
(777, 876)(507, 876) - 270
(777, 877)(507, 877) - 270
(777, 878)(507, 878) - 270
(777, 879)(507, 879) - 270
(777, 880)(507, 880) - 270
(777, 881)(507, 881) - 270
(777, 882)(507, 882) - 270
(777, 883)(507, 883) - 270
(777, 884)(508, 884) - 269
(777, 885)(508, 885) - 269
(777, 886)(507, 886) - 270
(778, 887)(507, 887) - 271
(778, 888)(507, 888) - 271
(778, 889)(507, 889) - 271
(778, 890)(507, 890) - 271
(778, 891)(507, 891) - 271
(779, 892)(507, 892) - 272
(779, 893)(507, 893) - 272
(779, 894)(507, 894) - 272
(779, 895)(507, 895) - 272
(779, 896)(507, 896) - 272
(780, 897)(507, 897) - 273
(780, 898)(507, 898) - 273
(780, 899)(507, 899) - 273
(781, 900)(507, 900) - 274
(781, 901)(507, 901) - 274
(781, 902)(507, 902) - 274
(782, 903)(507, 903) - 275
(782, 904)(507, 904) - 275
(782, 905)(507, 905) - 275
(783, 906)(507, 906) - 276
(783, 907)(507, 907) - 276
(783, 908)(507, 908) - 276
(783, 909)(507, 909) - 276
(783, 910)(507, 910) - 276
(783, 911)(508, 911) - 275
(783, 912)(508, 912) - 275
(784, 913)(508, 913) - 276
(784, 914)(508, 914) - 276
(784, 915)(508, 915) - 276
(784, 916)(507, 916) - 277
(783, 917)(507, 917) - 276
(783, 918)(507, 918) - 276
(783, 919)(507, 919) - 276
(783, 920)(507, 920) - 276
(783, 921)(507, 921) - 276
(783, 922)(507, 922) - 276
(783, 923)(507, 923) - 276
(783, 924)(507, 924) - 276
(783, 925)(507, 925) - 276
(782, 926)(507, 926) - 275
(782, 927)(507, 927) - 275
(782, 928)(507, 928) - 275
(781, 929)(507, 929) - 274
(781, 930)(507, 930) - 274
(780, 931)(507, 931) - 273
(780, 932)(507, 932) - 273
(780, 933)(507, 933) - 273
(779, 934)(507, 934) - 272
(779, 935)(507, 935) - 272
(778, 936)(507, 936) - 271
(778, 937)(507, 937) - 271
(778, 938)(507, 938) - 271
(777, 939)(507, 939) - 270
(777, 940)(507, 940) - 270
(776, 941)(507, 941) - 269
(776, 942)(507, 942) - 269
(776, 943)(507, 943) - 269
(775, 944)(507, 944) - 268
(775, 945)(507, 945) - 268
(775, 946)(507, 946) - 268
(775, 947)(505, 947) - 270
(774, 948)(506, 948) - 268
(774, 949)(506, 949) - 268
(774, 950)(505, 950) - 269
(774, 951)(505, 951) - 269
(774, 952)(507, 952) - 267
(774, 953)(507, 953) - 267
(774, 954)(507, 954) - 267
(774, 957)(505, 957) - 269
(773, 960)(507, 960) - 266
(773, 961)(509, 961) - 264
(773, 962)(509, 962) - 264
(773, 963)(509, 963) - 264
(772, 966)(507, 966) - 265
(772, 967)(507, 967) - 265
(771, 968)(507, 968) - 264
(771, 969)(507, 969) - 264
(771, 970)(507, 970) - 264
(771, 971)(507, 971) - 264
(771, 972)(507, 972) - 264
(771, 973)(507, 973) - 264
(771, 974)(507, 974) - 264
(771, 975)(507, 975) - 264
(771, 976)(507, 976) - 264
(771, 977)(507, 977) - 264
(771, 978)(507, 978) - 264
(770, 979)(507, 979) - 263
(770, 980)(507, 980) - 263
(770, 981)(507, 981) - 263
(770, 982)(507, 982) - 263
(770, 983)(507, 983) - 263
(770, 984)(507, 984) - 263
(770, 985)(507, 985) - 263
(770, 986)(507, 986) - 263
(770, 987)(507, 987) - 263
(770, 988)(507, 988) - 263
(770, 989)(507, 989) - 263
(769, 990)(507, 990) - 262
(769, 991)(507, 991) - 262
(769, 992)(507, 992) - 262
(769, 993)(507, 993) - 262
(769, 994)(507, 994) - 262
(769, 995)(507, 995) - 262
(769, 996)(507, 996) - 262
(769, 997)(507, 997) - 262
(769, 998)(507, 998) - 262
(769, 999)(507, 999) - 262
(769, 1000)(507, 1000) - 262
(769, 1001)(507, 1001) - 262
(769, 1002)(507, 1002) - 262
(769, 1003)(507, 1003) - 262
(769, 1004)(508, 1004) - 261
(769, 1005)(507, 1005) - 262
(769, 1006)(507, 1006) - 262
(769, 1007)(507, 1007) - 262
(769, 1008)(508, 1008) - 261
(769, 1009)(507, 1009) - 262
(769, 1010)(507, 1010) - 262
(769, 1011)(507, 1011) - 262
(769, 1012)(507, 1012) - 262
(769, 1013)(507, 1013) - 262
(768, 1014)(507, 1014) - 261
(768, 1015)(507, 1015) - 261
(768, 1016)(507, 1016) - 261
(768, 1017)(507, 1017) - 261
(768, 1018)(507, 1018) - 261
(768, 1019)(507, 1019) - 261
(768, 1020)(507, 1020) - 261
(768, 1021)(507, 1021) - 261
(768, 1022)(507, 1022) - 261
(768, 1023)(507, 1023) - 261
(768, 1024)(507, 1024) - 261
(768, 1025)(507, 1025) - 261
(768, 1026)(507, 1026) - 261
(768, 1027)(507, 1027) - 261
(769, 1028)(507, 1028) - 262
(769, 1029)(507, 1029) - 262
(769, 1030)(507, 1030) - 262
(769, 1031)(507, 1031) - 262
(769, 1032)(507, 1032) - 262
(769, 1033)(507, 1033) - 262
(769, 1034)(507, 1034) - 262
(769, 1035)(507, 1035) - 262
(769, 1036)(507, 1036) - 262
(769, 1037)(507, 1037) - 262
(770, 1038)(507, 1038) - 263
(770, 1039)(507, 1039) - 263
(770, 1040)(507, 1040) - 263
(770, 1041)(507, 1041) - 263
(770, 1042)(507, 1042) - 263
(770, 1043)(507, 1043) - 263
(770, 1044)(507, 1044) - 263
(770, 1045)(507, 1045) - 263
(770, 1046)(507, 1046) - 263
(770, 1047)(508, 1047) - 262
(770, 1048)(508, 1048) - 262
(770, 1049)(507, 1049) - 263
(772, 1050)(507, 1050) - 265
(771, 1051)(507, 1051) - 264
(771, 1052)(507, 1052) - 264
(771, 1053)(507, 1053) - 264
(771, 1054)(507, 1054) - 264
(771, 1055)(507, 1055) - 264
(771, 1056)(507, 1056) - 264
(771, 1057)(507, 1057) - 264
(771, 1058)(507, 1058) - 264
(771, 1059)(507, 1059) - 264
(771, 1060)(507, 1060) - 264
(771, 1061)(507, 1061) - 264
(771, 1062)(507, 1062) - 264
(771, 1063)(507, 1063) - 264
(771, 1064)(507, 1064) - 264
(771, 1065)(508, 1065) - 263
(772, 1066)(508, 1066) - 264
(772, 1067)(507, 1067) - 265
(772, 1068)(507, 1068) - 265
(772, 1069)(507, 1069) - 265
(773, 1070)(507, 1070) - 266
(773, 1071)(507, 1071) - 266
(773, 1072)(507, 1072) - 266
(773, 1073)(508, 1073) - 265
(773, 1074)(507, 1074) - 266
(773, 1075)(507, 1075) - 266
(773, 1076)(507, 1076) - 266
(773, 1077)(507, 1077) - 266
(773, 1078)(507, 1078) - 266
(772, 1079)(507, 1079) - 265
(772, 1080)(507, 1080) - 265
(772, 1081)(507, 1081) - 265
(772, 1082)(507, 1082) - 265
(772, 1083)(507, 1083) - 265
(772, 1084)(507, 1084) - 265
(772, 1085)(507, 1085) - 265
(772, 1086)(507, 1086) - 265
(771, 1087)(507, 1087) - 264
(771, 1088)(507, 1088) - 264
(771, 1089)(507, 1089) - 264
(771, 1090)(507, 1090) - 264
(771, 1091)(507, 1091) - 264
(771, 1092)(507, 1092) - 264
(770, 1093)(507, 1093) - 263
(770, 1094)(507, 1094) - 263
(770, 1095)(507, 1095) - 263
(770, 1096)(507, 1096) - 263
(770, 1097)(507, 1097) - 263
(770, 1098)(507, 1098) - 263
(770, 1099)(507, 1099) - 263
(770, 1100)(507, 1100) - 263
(770, 1101)(507, 1101) - 263
(770, 1102)(507, 1102) - 263
(770, 1103)(507, 1103) - 263
(770, 1104)(507, 1104) - 263
(770, 1105)(507, 1105) - 263
(770, 1106)(507, 1106) - 263
(770, 1107)(507, 1107) - 263
(769, 1108)(507, 1108) - 262
(769, 1109)(507, 1109) - 262
(769, 1110)(507, 1110) - 262
(769, 1111)(507, 1111) - 262
(769, 1112)(507, 1112) - 262
(769, 1113)(507, 1113) - 262
(769, 1114)(507, 1114) - 262
(769, 1115)(507, 1115) - 262
(769, 1116)(507, 1116) - 262
(769, 1117)(507, 1117) - 262
(769, 1118)(507, 1118) - 262
(769, 1119)(507, 1119) - 262
(769, 1120)(507, 1120) - 262
(769, 1121)(507, 1121) - 262
(769, 1122)(507, 1122) - 262
(769, 1123)(507, 1123) - 262
(769, 1124)(507, 1124) - 262
(769, 1125)(507, 1125) - 262
(769, 1126)(507, 1126) - 262
(768, 1127)(507, 1127) - 261
(768, 1128)(507, 1128) - 261
(768, 1129)(507, 1129) - 261
(768, 1130)(507, 1130) - 261
(768, 1131)(507, 1131) - 261
(768, 1132)(507, 1132) - 261
(768, 1133)(507, 1133) - 261
(768, 1134)(507, 1134) - 261
(768, 1135)(507, 1135) - 261
(768, 1136)(507, 1136) - 261
(768, 1137)(507, 1137) - 261
(768, 1140)(508, 1140) - 260
(768, 1141)(507, 1141) - 261
(767, 1143)(507, 1143) - 260
(767, 1144)(508, 1144) - 259
(767, 1145)(508, 1145) - 259
(767, 1146)(508, 1146) - 259
(767, 1147)(508, 1147) - 259
(766, 1148)(508, 1148) - 258
(766, 1149)(508, 1149) - 258
(766, 1150)(507, 1150) - 259
(765, 1151)(507, 1151) - 258
(765, 1152)(507, 1152) - 258
(765, 1153)(507, 1153) - 258
(764, 1154)(507, 1154) - 257
(764, 1155)(507, 1155) - 257
(764, 1156)(507, 1156) - 257
(763, 1157)(507, 1157) - 256
(763, 1158)(507, 1158) - 256
(763, 1159)(507, 1159) - 256
(762, 1160)(507, 1160) - 255
(762, 1161)(507, 1161) - 255
(762, 1162)(507, 1162) - 255
(762, 1163)(507, 1163) - 255
(762, 1164)(507, 1164) - 255
(762, 1165)(507, 1165) - 255
(762, 1166)(507, 1166) - 255
(762, 1167)(507, 1167) - 255
(762, 1168)(507, 1168) - 255
(762, 1169)(508, 1169) - 254
(762, 1170)(507, 1170) - 255
(762, 1171)(507, 1171) - 255
(762, 1172)(507, 1172) - 255
(762, 1173)(507, 1173) - 255
(763, 1174)(507, 1174) - 256
(763, 1175)(507, 1175) - 256
(763, 1176)(507, 1176) - 256
(764, 1177)(507, 1177) - 257
(764, 1178)(507, 1178) - 257
(765, 1179)(507, 1179) - 258
(765, 1180)(507, 1180) - 258
(766, 1181)(507, 1181) - 259
(766, 1182)(507, 1182) - 259
(766, 1183)(507, 1183) - 259
(766, 1184)(507, 1184) - 259
(767, 1185)(507, 1185) - 260
(767, 1186)(507, 1186) - 260
(767, 1187)(508, 1187) - 259
(767, 1188)(508, 1188) - 259
(767, 1189)(508, 1189) - 259
(767, 1190)(508, 1190) - 259
(766, 1191)(508, 1191) - 258
(766, 1192)(507, 1192) - 259
(766, 1193)(507, 1193) - 259
(766, 1194)(507, 1194) - 259
(765, 1195)(507, 1195) - 258
(765, 1196)(507, 1196) - 258
(765, 1197)(507, 1197) - 258
(765, 1198)(507, 1198) - 258
(764, 1199)(507, 1199) - 257
(764, 1200)(507, 1200) - 257
(763, 1201)(507, 1201) - 256
(763, 1202)(507, 1202) - 256
(763, 1203)(507, 1203) - 256
(763, 1204)(507, 1204) - 256
(763, 1205)(507, 1205) - 256
(763, 1206)(507, 1206) - 256
(763, 1207)(507, 1207) - 256
(763, 1208)(507, 1208) - 256
(763, 1209)(507, 1209) - 256
(763, 1210)(507, 1210) - 256
(763, 1211)(507, 1211) - 256
(763, 1212)(507, 1212) - 256
(763, 1213)(507, 1213) - 256
(763, 1214)(507, 1214) - 256
(763, 1215)(508, 1215) - 255
(763, 1216)(508, 1216) - 255
(763, 1217)(508, 1217) - 255
(763, 1218)(508, 1218) - 255
(762, 1219)(508, 1219) - 254
(762, 1220)(507, 1220) - 255
(763, 1221)(507, 1221) - 256
(763, 1222)(508, 1222) - 255
(763, 1223)(508, 1223) - 255
(763, 1224)(508, 1224) - 255
(763, 1225)(507, 1225) - 256
(763, 1226)(507, 1226) - 256
(763, 1227)(507, 1227) - 256
(763, 1228)(507, 1228) - 256
(764, 1229)(508, 1229) - 256
(764, 1231)(508, 1231) - 256
(764, 1232)(507, 1232) - 257
(765, 1234)(507, 1234) - 258
(765, 1235)(507, 1235) - 258
(765, 1236)(507, 1236) - 258
(765, 1237)(508, 1237) - 257
(765, 1238)(508, 1238) - 257
(765, 1239)(508, 1239) - 257
(766, 1240)(508, 1240) - 258
(766, 1241)(508, 1241) - 258
(766, 1242)(507, 1242) - 259
(766, 1243)(507, 1243) - 259
(766, 1244)(507, 1244) - 259
(767, 1245)(507, 1245) - 260
(767, 1246)(507, 1246) - 260
(767, 1247)(507, 1247) - 260
(767, 1248)(507, 1248) - 260
(767, 1249)(507, 1249) - 260
(767, 1250)(507, 1250) - 260
(767, 1251)(507, 1251) - 260
(768, 1252)(507, 1252) - 261
(768, 1253)(507, 1253) - 261
(768, 1254)(507, 1254) - 261
(768, 1255)(507, 1255) - 261
(768, 1256)(507, 1256) - 261
(768, 1257)(507, 1257) - 261
(768, 1258)(507, 1258) - 261
(768, 1259)(507, 1259) - 261
(768, 1260)(507, 1260) - 261
(768, 1261)(507, 1261) - 261
(768, 1262)(507, 1262) - 261
(768, 1263)(507, 1263) - 261
(768, 1264)(507, 1264) - 261
(768, 1265)(507, 1265) - 261
(768, 1266)(507, 1266) - 261
(768, 1267)(507, 1267) - 261
(767, 1268)(507, 1268) - 260
(767, 1269)(507, 1269) - 260
(767, 1270)(507, 1270) - 260
(767, 1271)(507, 1271) - 260
(767, 1272)(507, 1272) - 260
(767, 1273)(507, 1273) - 260
(767, 1274)(507, 1274) - 260
(767, 1275)(507, 1275) - 260
(767, 1276)(507, 1276) - 260
(768, 1277)(507, 1277) - 261
(768, 1278)(507, 1278) - 261
(768, 1279)(507, 1279) - 261
(768, 1280)(507, 1280) - 261
(768, 1281)(507, 1281) - 261
(768, 1282)(507, 1282) - 261
(768, 1283)(507, 1283) - 261
(768, 1284)(507, 1284) - 261
(768, 1285)(507, 1285) - 261
(768, 1286)(507, 1286) - 261
(768, 1287)(507, 1287) - 261
(768, 1288)(507, 1288) - 261
(768, 1289)(507, 1289) - 261
(768, 1290)(507, 1290) - 261
(768, 1291)(507, 1291) - 261
(767, 1292)(507, 1292) - 260
(767, 1293)(507, 1293) - 260
(767, 1294)(507, 1294) - 260
(767, 1295)(507, 1295) - 260
(767, 1296)(507, 1296) - 260
(767, 1297)(507, 1297) - 260
(768, 1298)(507, 1298) - 261
(768, 1299)(507, 1299) - 261
(768, 1300)(507, 1300) - 261
(768, 1301)(507, 1301) - 261
(768, 1302)(507, 1302) - 261
(768, 1303)(507, 1303) - 261
(768, 1304)(507, 1304) - 261
(768, 1305)(507, 1305) - 261
(768, 1306)(507, 1306) - 261
(768, 1307)(507, 1307) - 261
(768, 1308)(507, 1308) - 261
(768, 1309)(508, 1309) - 260
(768, 1310)(508, 1310) - 260
(768, 1311)(507, 1311) - 261
(768, 1312)(507, 1312) - 261
(769, 1313)(507, 1313) - 262
(769, 1314)(507, 1314) - 262
(769, 1315)(508, 1315) - 261
(769, 1316)(508, 1316) - 261
(769, 1317)(508, 1317) - 261
(769, 1318)(507, 1318) - 262
(769, 1319)(507, 1319) - 262
(769, 1320)(507, 1320) - 262
(769, 1323)(508, 1323) - 261
(769, 1325)(508, 1325) - 261
(769, 1326)(508, 1326) - 261
(769, 1327)(508, 1327) - 261
(769, 1328)(508, 1328) - 261
(769, 1329)(508, 1329) - 261
(769, 1330)(508, 1330) - 261
(769, 1331)(508, 1331) - 261
(769, 1332)(508, 1332) - 261
(769, 1333)(508, 1333) - 261
(769, 1334)(508, 1334) - 261
(769, 1335)(507, 1335) - 262
(769, 1336)(507, 1336) - 262
(769, 1337)(507, 1337) - 262
(769, 1338)(507, 1338) - 262
(769, 1339)(507, 1339) - 262
(769, 1340)(507, 1340) - 262
(769, 1341)(507, 1341) - 262
(769, 1342)(507, 1342) - 262
(769, 1343)(507, 1343) - 262
(769, 1344)(507, 1344) - 262
(769, 1345)(507, 1345) - 262
(769, 1346)(508, 1346) - 261
(770, 1347)(508, 1347) - 262
(770, 1348)(508, 1348) - 262
(770, 1349)(507, 1349) - 263
(770, 1350)(507, 1350) - 263
(770, 1351)(507, 1351) - 263
(770, 1352)(508, 1352) - 262
(770, 1353)(508, 1353) - 262
(770, 1354)(507, 1354) - 263
(770, 1355)(507, 1355) - 263
(770, 1356)(507, 1356) - 263
(770, 1357)(507, 1357) - 263
(770, 1358)(507, 1358) - 263
(770, 1359)(507, 1359) - 263
(770, 1360)(507, 1360) - 263
(770, 1361)(507, 1361) - 263
(770, 1362)(507, 1362) - 263
(770, 1363)(507, 1363) - 263
(771, 1364)(507, 1364) - 264
(770, 1365)(507, 1365) - 263
(770, 1366)(507, 1366) - 263
(770, 1367)(507, 1367) - 263
(770, 1368)(507, 1368) - 263
(770, 1369)(508, 1369) - 262
(770, 1370)(508, 1370) - 262
(770, 1371)(508, 1371) - 262
(770, 1372)(508, 1372) - 262
(770, 1373)(508, 1373) - 262
(770, 1374)(508, 1374) - 262
(770, 1375)(508, 1375) - 262
(770, 1376)(508, 1376) - 262
(770, 1377)(508, 1377) - 262
(770, 1378)(508, 1378) - 262
(770, 1379)(507, 1379) - 263
(770, 1380)(508, 1380) - 262
(770, 1381)(508, 1381) - 262
(770, 1382)(508, 1382) - 262
(770, 1383)(507, 1383) - 263
(769, 1384)(507, 1384) - 262
(769, 1385)(507, 1385) - 262
(769, 1386)(507, 1386) - 262
(769, 1387)(507, 1387) - 262
(769, 1388)(507, 1388) - 262
(769, 1389)(507, 1389) - 262
(770, 1390)(507, 1390) - 263
(770, 1391)(508, 1391) - 262
(770, 1392)(508, 1392) - 262
(770, 1393)(508, 1393) - 262
(770, 1394)(508, 1394) - 262
(770, 1395)(508, 1395) - 262
(770, 1396)(508, 1396) - 262
(770, 1397)(508, 1397) - 262
(770, 1398)(508, 1398) - 262
(770, 1399)(508, 1399) - 262
(770, 1400)(508, 1400) - 262
(770, 1401)(508, 1401) - 262
(770, 1402)(508, 1402) - 262
(770, 1403)(508, 1403) - 262
(770, 1404)(508, 1404) - 262
(770, 1405)(508, 1405) - 262
(770, 1406)(508, 1406) - 262
(770, 1407)(508, 1407) - 262
(770, 1408)(508, 1408) - 262
(770, 1409)(508, 1409) - 262
(770, 1410)(507, 1410) - 263
(770, 1411)(507, 1411) - 263
(771, 1414)(508, 1414) - 263
(771, 1417)(507, 1417) - 264
(771, 1418)(508, 1418) - 263
(771, 1419)(508, 1419) - 263
(771, 1420)(508, 1420) - 263
(771, 1421)(508, 1421) - 263
(771, 1422)(507, 1422) - 264
(772, 1423)(508, 1423) - 264
(772, 1424)(508, 1424) - 264
(772, 1425)(508, 1425) - 264
(772, 1426)(508, 1426) - 264
(772, 1427)(507, 1427) - 265
(772, 1428)(507, 1428) - 265
(772, 1429)(507, 1429) - 265
(772, 1430)(507, 1430) - 265
(771, 1431)(507, 1431) - 264
(771, 1432)(507, 1432) - 264
(771, 1433)(507, 1433) - 264
(771, 1434)(508, 1434) - 263
(771, 1435)(508, 1435) - 263
(771, 1436)(508, 1436) - 263
(771, 1437)(508, 1437) - 263
(771, 1438)(508, 1438) - 263
(771, 1439)(507, 1439) - 264
(771, 1440)(507, 1440) - 264
(771, 1441)(507, 1441) - 264
(771, 1442)(507, 1442) - 264
(770, 1443)(507, 1443) - 263
(770, 1444)(508, 1444) - 262
(770, 1445)(508, 1445) - 262
(770, 1446)(507, 1446) - 263
(770, 1447)(507, 1447) - 263
(770, 1448)(507, 1448) - 263
(770, 1449)(507, 1449) - 263
(770, 1450)(507, 1450) - 263
(770, 1451)(507, 1451) - 263
(770, 1452)(507, 1452) - 263
(771, 1453)(507, 1453) - 264
(771, 1454)(507, 1454) - 264
(771, 1455)(507, 1455) - 264
(771, 1456)(507, 1456) - 264
(771, 1457)(507, 1457) - 264
(771, 1458)(507, 1458) - 264
(771, 1459)(507, 1459) - 264
(770, 1460)(507, 1460) - 263
(770, 1461)(507, 1461) - 263
(770, 1462)(507, 1462) - 263
(770, 1463)(508, 1463) - 262
(769, 1464)(508, 1464) - 261
(769, 1465)(508, 1465) - 261
(769, 1466)(508, 1466) - 261
(769, 1467)(508, 1467) - 261
(769, 1468)(507, 1468) - 262
(769, 1469)(507, 1469) - 262
(769, 1470)(507, 1470) - 262
(769, 1471)(507, 1471) - 262
(769, 1472)(507, 1472) - 262
(769, 1473)(507, 1473) - 262
(769, 1474)(507, 1474) - 262
(769, 1475)(507, 1475) - 262
(769, 1476)(507, 1476) - 262
(769, 1477)(507, 1477) - 262
(769, 1478)(507, 1478) - 262
(769, 1479)(507, 1479) - 262
(769, 1480)(507, 1480) - 262
(769, 1481)(507, 1481) - 262
(769, 1482)(507, 1482) - 262
(769, 1483)(507, 1483) - 262
(769, 1484)(507, 1484) - 262
(769, 1485)(508, 1485) - 261
(768, 1486)(507, 1486) - 261
(768, 1487)(507, 1487) - 261
(768, 1488)(507, 1488) - 261
(768, 1489)(507, 1489) - 261
(768, 1490)(507, 1490) - 261
(768, 1491)(508, 1491) - 260
(767, 1492)(507, 1492) - 260
(767, 1493)(508, 1493) - 259
(767, 1494)(508, 1494) - 259
(767, 1495)(507, 1495) - 260
(767, 1496)(507, 1496) - 260
(767, 1497)(507, 1497) - 260
(767, 1498)(507, 1498) - 260
(767, 1499)(507, 1499) - 260
(767, 1500)(505, 1500) - 262
(766, 1501)(505, 1501) - 261
(766, 1502)(505, 1502) - 261
(766, 1503)(505, 1503) - 261
(766, 1504)(501, 1504) - 265
(766, 1505)(504, 1505) - 262
(766, 1506)(508, 1506) - 258
(768, 1509)(508, 1509) - 260
(767, 1510)(508, 1510) - 259
(768, 1511)(508, 1511) - 260
(768, 1512)(508, 1512) - 260
(768, 1513)(508, 1513) - 260
(768, 1514)(508, 1514) - 260
(769, 1515)(508, 1515) - 261
(769, 1516)(507, 1516) - 262
(769, 1517)(507, 1517) - 262
(769, 1518)(507, 1518) - 262
(770, 1519)(507, 1519) - 263
(770, 1520)(507, 1520) - 263
(770, 1521)(507, 1521) - 263
(770, 1522)(507, 1522) - 263
(770, 1523)(507, 1523) - 263
(770, 1524)(507, 1524) - 263
(770, 1525)(507, 1525) - 263
(769, 1526)(507, 1526) - 262
(769, 1527)(508, 1527) - 261
(769, 1528)(508, 1528) - 261
(769, 1529)(507, 1529) - 262
(770, 1530)(507, 1530) - 263
(770, 1531)(507, 1531) - 263
(770, 1532)(507, 1532) - 263
(770, 1533)(507, 1533) - 263
(770, 1534)(507, 1534) - 263
(770, 1535)(507, 1535) - 263
(770, 1536)(507, 1536) - 263
(770, 1537)(507, 1537) - 263
(770, 1538)(507, 1538) - 263
(770, 1539)(507, 1539) - 263
(771, 1540)(507, 1540) - 264
(771, 1541)(507, 1541) - 264
(771, 1542)(507, 1542) - 264
(771, 1543)(507, 1543) - 264
(771, 1544)(507, 1544) - 264
(771, 1545)(507, 1545) - 264
(771, 1546)(507, 1546) - 264
(771, 1547)(507, 1547) - 264
(771, 1548)(507, 1548) - 264
(771, 1549)(507, 1549) - 264
(771, 1550)(507, 1550) - 264
(772, 1551)(507, 1551) - 265
(772, 1552)(507, 1552) - 265
(772, 1553)(507, 1553) - 265
(772, 1554)(507, 1554) - 265
(772, 1555)(507, 1555) - 265
(772, 1556)(507, 1556) - 265
(772, 1557)(507, 1557) - 265
(772, 1558)(507, 1558) - 265
(772, 1559)(507, 1559) - 265
(772, 1560)(507, 1560) - 265
(772, 1561)(507, 1561) - 265
(772, 1562)(507, 1562) - 265
(771, 1563)(507, 1563) - 264
(771, 1564)(507, 1564) - 264
(771, 1565)(507, 1565) - 264
(771, 1566)(507, 1566) - 264
(771, 1567)(507, 1567) - 264
(771, 1568)(507, 1568) - 264
(771, 1569)(507, 1569) - 264
(771, 1570)(507, 1570) - 264
(771, 1571)(507, 1571) - 264
(771, 1572)(507, 1572) - 264
(771, 1573)(507, 1573) - 264
(771, 1574)(507, 1574) - 264
(771, 1575)(507, 1575) - 264
(771, 1576)(507, 1576) - 264
(771, 1577)(507, 1577) - 264
(771, 1578)(507, 1578) - 264
(771, 1579)(507, 1579) - 264
(771, 1580)(507, 1580) - 264
(771, 1581)(507, 1581) - 264
(771, 1582)(507, 1582) - 264
(771, 1583)(507, 1583) - 264
(771, 1584)(507, 1584) - 264
(771, 1585)(507, 1585) - 264
(771, 1586)(507, 1586) - 264
(771, 1587)(508, 1587) - 263
(771, 1588)(507, 1588) - 264
(770, 1589)(507, 1589) - 263
(770, 1590)(507, 1590) - 263
(771, 1591)(507, 1591) - 264
(770, 1592)(507, 1592) - 263
(770, 1593)(507, 1593) - 263
(770, 1594)(507, 1594) - 263
(771, 1597)(508, 1597) - 263
(771, 1598)(507, 1598) - 264
(771, 1600)(507, 1600) - 264
(772, 1601)(507, 1601) - 265
(772, 1602)(507, 1602) - 265
(772, 1603)(507, 1603) - 265
(772, 1604)(507, 1604) - 265
(772, 1605)(507, 1605) - 265
(771, 1606)(507, 1606) - 264
(771, 1607)(507, 1607) - 264
(771, 1608)(507, 1608) - 264
(771, 1609)(507, 1609) - 264
(771, 1610)(507, 1610) - 264
(771, 1611)(507, 1611) - 264
(771, 1612)(507, 1612) - 264
(771, 1613)(507, 1613) - 264
(771, 1614)(507, 1614) - 264
(771, 1615)(507, 1615) - 264
(771, 1616)(507, 1616) - 264
(771, 1617)(507, 1617) - 264
(771, 1618)(507, 1618) - 264
(771, 1619)(507, 1619) - 264
(771, 1620)(507, 1620) - 264
(771, 1621)(507, 1621) - 264
(771, 1622)(507, 1622) - 264
(771, 1623)(507, 1623) - 264
(771, 1624)(507, 1624) - 264
(771, 1625)(507, 1625) - 264
(771, 1626)(507, 1626) - 264
(771, 1627)(507, 1627) - 264
(772, 1628)(507, 1628) - 265
(772, 1629)(507, 1629) - 265
(772, 1630)(507, 1630) - 265
(772, 1631)(507, 1631) - 265
(772, 1632)(507, 1632) - 265
(772, 1633)(507, 1633) - 265
(772, 1634)(507, 1634) - 265
(772, 1635)(507, 1635) - 265
(772, 1636)(507, 1636) - 265
(772, 1637)(507, 1637) - 265
(772, 1638)(507, 1638) - 265
(772, 1639)(507, 1639) - 265
(772, 1640)(507, 1640) - 265
(772, 1641)(507, 1641) - 265
(773, 1642)(507, 1642) - 266
(773, 1643)(507, 1643) - 266
(773, 1644)(507, 1644) - 266
(773, 1645)(507, 1645) - 266
(773, 1646)(507, 1646) - 266
(773, 1647)(507, 1647) - 266
(773, 1648)(507, 1648) - 266
(773, 1649)(507, 1649) - 266
(773, 1650)(507, 1650) - 266
(773, 1651)(507, 1651) - 266
(773, 1652)(507, 1652) - 266
(773, 1653)(507, 1653) - 266
(773, 1654)(507, 1654) - 266
(773, 1655)(507, 1655) - 266
(773, 1656)(507, 1656) - 266
(773, 1657)(507, 1657) - 266
(773, 1658)(507, 1658) - 266
(773, 1659)(507, 1659) - 266
(773, 1660)(507, 1660) - 266
(773, 1661)(507, 1661) - 266
(773, 1662)(507, 1662) - 266
(773, 1663)(507, 1663) - 266
(773, 1664)(507, 1664) - 266
(773, 1665)(507, 1665) - 266
(773, 1666)(507, 1666) - 266
(772, 1667)(507, 1667) - 265
(772, 1668)(507, 1668) - 265
(772, 1669)(507, 1669) - 265
(772, 1670)(507, 1670) - 265
(772, 1671)(507, 1671) - 265
(772, 1672)(507, 1672) - 265
(772, 1673)(507, 1673) - 265
(773, 1674)(507, 1674) - 266
(773, 1675)(507, 1675) - 266
(773, 1676)(507, 1676) - 266
(773, 1677)(507, 1677) - 266
(772, 1678)(507, 1678) - 265
(772, 1679)(507, 1679) - 265
(772, 1680)(507, 1680) - 265
(773, 1681)(507, 1681) - 266
(773, 1682)(507, 1682) - 266
(773, 1683)(507, 1683) - 266
(773, 1684)(507, 1684) - 266
(773, 1685)(507, 1685) - 266
(773, 1686)(507, 1686) - 266
(773, 1687)(507, 1687) - 266
(773, 1689)(507, 1689) - 266
(773, 1690)(507, 1690) - 266
(773, 1692)(507, 1692) - 266
(773, 1693)(507, 1693) - 266
(773, 1694)(507, 1694) - 266
(773, 1695)(507, 1695) - 266
(773, 1696)(507, 1696) - 266
(773, 1697)(507, 1697) - 266
(773, 1698)(507, 1698) - 266
(773, 1699)(507, 1699) - 266
(773, 1700)(507, 1700) - 266
(773, 1701)(507, 1701) - 266
(773, 1702)(507, 1702) - 266
(773, 1703)(507, 1703) - 266
(773, 1704)(507, 1704) - 266
(773, 1705)(507, 1705) - 266
(773, 1706)(507, 1706) - 266
(773, 1707)(507, 1707) - 266
(773, 1708)(507, 1708) - 266
(773, 1709)(507, 1709) - 266
(773, 1710)(507, 1710) - 266
(773, 1711)(507, 1711) - 266
(773, 1712)(507, 1712) - 266
(773, 1713)(507, 1713) - 266
(773, 1714)(507, 1714) - 266
(773, 1715)(507, 1715) - 266
(773, 1716)(507, 1716) - 266
(773, 1717)(507, 1717) - 266
(773, 1718)(507, 1718) - 266
(773, 1719)(507, 1719) - 266
(773, 1720)(507, 1720) - 266
(773, 1721)(507, 1721) - 266
(773, 1722)(507, 1722) - 266
(773, 1723)(507, 1723) - 266
(773, 1724)(507, 1724) - 266
(773, 1725)(507, 1725) - 266
(773, 1726)(507, 1726) - 266
(773, 1727)(507, 1727) - 266
(773, 1728)(507, 1728) - 266
(773, 1729)(507, 1729) - 266
(773, 1730)(507, 1730) - 266
(773, 1731)(507, 1731) - 266
(772, 1732)(507, 1732) - 265
(772, 1733)(507, 1733) - 265
(772, 1734)(507, 1734) - 265
(772, 1735)(507, 1735) - 265
(772, 1736)(507, 1736) - 265
(772, 1737)(507, 1737) - 265
(772, 1738)(507, 1738) - 265
(772, 1739)(507, 1739) - 265
(772, 1740)(507, 1740) - 265
(772, 1741)(507, 1741) - 265
(772, 1742)(507, 1742) - 265
(772, 1743)(507, 1743) - 265
(772, 1744)(507, 1744) - 265
(772, 1745)(507, 1745) - 265
(772, 1746)(507, 1746) - 265
(772, 1747)(507, 1747) - 265
(772, 1748)(507, 1748) - 265
(772, 1749)(507, 1749) - 265
(771, 1750)(507, 1750) - 264
(771, 1751)(507, 1751) - 264
(771, 1752)(507, 1752) - 264
(771, 1753)(507, 1753) - 264
(771, 1754)(507, 1754) - 264
(771, 1755)(507, 1755) - 264
(771, 1756)(507, 1756) - 264
(771, 1757)(507, 1757) - 264
(771, 1758)(507, 1758) - 264
(771, 1759)(507, 1759) - 264
(771, 1760)(507, 1760) - 264
(771, 1761)(507, 1761) - 264
(771, 1762)(507, 1762) - 264
(771, 1763)(507, 1763) - 264
(771, 1764)(507, 1764) - 264
(771, 1765)(507, 1765) - 264
(771, 1766)(507, 1766) - 264
(771, 1767)(507, 1767) - 264
(771, 1768)(507, 1768) - 264
(771, 1769)(507, 1769) - 264
(771, 1770)(507, 1770) - 264
(771, 1771)(507, 1771) - 264
(771, 1772)(507, 1772) - 264
(771, 1773)(507, 1773) - 264
(771, 1774)(507, 1774) - 264
(771, 1775)(507, 1775) - 264
(771, 1776)(507, 1776) - 264
(771, 1777)(507, 1777) - 264
(771, 1778)(507, 1778) - 264
(771, 1781)(507, 1781) - 264
(771, 1782)(507, 1782) - 264
(771, 1783)(507, 1783) - 264
(771, 1784)(507, 1784) - 264
(771, 1785)(507, 1785) - 264
(771, 1786)(507, 1786) - 264
(771, 1787)(507, 1787) - 264
(771, 1788)(507, 1788) - 264
(771, 1789)(507, 1789) - 264
(771, 1790)(507, 1790) - 264
(771, 1791)(507, 1791) - 264
(771, 1792)(507, 1792) - 264
(771, 1793)(507, 1793) - 264
(771, 1794)(507, 1794) - 264
(771, 1795)(507, 1795) - 264
(771, 1796)(507, 1796) - 264
(771, 1797)(507, 1797) - 264
(771, 1798)(507, 1798) - 264
(771, 1799)(507, 1799) - 264
(771, 1800)(507, 1800) - 264
(771, 1801)(507, 1801) - 264
(771, 1802)(507, 1802) - 264
(771, 1803)(507, 1803) - 264
(771, 1804)(507, 1804) - 264
(771, 1805)(507, 1805) - 264
(771, 1806)(507, 1806) - 264
(770, 1807)(507, 1807) - 263
(770, 1808)(507, 1808) - 263
(770, 1809)(507, 1809) - 263
(770, 1810)(507, 1810) - 263
(770, 1811)(507, 1811) - 263
(770, 1812)(507, 1812) - 263
(770, 1813)(507, 1813) - 263
(770, 1814)(507, 1814) - 263
(770, 1815)(507, 1815) - 263
(770, 1816)(507, 1816) - 263
(770, 1817)(507, 1817) - 263
(770, 1818)(507, 1818) - 263
(770, 1819)(507, 1819) - 263
(770, 1820)(507, 1820) - 263
(770, 1821)(507, 1821) - 263
(770, 1822)(507, 1822) - 263
(770, 1823)(507, 1823) - 263
(771, 1824)(507, 1824) - 264
(771, 1825)(507, 1825) - 264
(771, 1826)(507, 1826) - 264
(770, 1827)(507, 1827) - 263
(770, 1828)(507, 1828) - 263
(770, 1829)(507, 1829) - 263
(770, 1830)(507, 1830) - 263
(770, 1831)(507, 1831) - 263
(770, 1832)(507, 1832) - 263
(770, 1833)(507, 1833) - 263
(770, 1834)(507, 1834) - 263
(770, 1835)(507, 1835) - 263
(770, 1836)(507, 1836) - 263
(770, 1837)(507, 1837) - 263
(770, 1838)(507, 1838) - 263
(771, 1839)(507, 1839) - 264
(771, 1840)(507, 1840) - 264
(771, 1841)(507, 1841) - 264
(771, 1842)(506, 1842) - 265
(771, 1843)(506, 1843) - 265
(771, 1844)(507, 1844) - 264
(771, 1845)(506, 1845) - 265
(771, 1846)(506, 1846) - 265
(771, 1847)(506, 1847) - 265
(771, 1848)(506, 1848) - 265
(771, 1849)(506, 1849) - 265
(771, 1850)(506, 1850) - 265
(771, 1851)(506, 1851) - 265
(771, 1852)(506, 1852) - 265
(771, 1853)(506, 1853) - 265
(771, 1854)(506, 1854) - 265
(771, 1855)(506, 1855) - 265
(771, 1856)(507, 1856) - 264
(771, 1857)(507, 1857) - 264
(771, 1858)(507, 1858) - 264
(771, 1859)(507, 1859) - 264
(771, 1860)(507, 1860) - 264
(771, 1861)(507, 1861) - 264
(771, 1862)(507, 1862) - 264
(771, 1863)(506, 1863) - 265
(771, 1864)(506, 1864) - 265
(771, 1865)(506, 1865) - 265
(771, 1866)(506, 1866) - 265
(771, 1867)(506, 1867) - 265
(771, 1868)(507, 1868) - 264
(771, 1871)(507, 1871) - 264
(771, 1872)(507, 1872) - 264
(771, 1873)(507, 1873) - 264
(772, 1876)(507, 1876) - 265
(771, 1877)(507, 1877) - 264
(771, 1878)(507, 1878) - 264
(771, 1879)(507, 1879) - 264
(771, 1880)(507, 1880) - 264
(772, 1881)(507, 1881) - 265
(772, 1882)(507, 1882) - 265
(772, 1883)(507, 1883) - 265
(772, 1884)(507, 1884) - 265
(772, 1885)(506, 1885) - 266
(772, 1886)(506, 1886) - 266
(772, 1887)(506, 1887) - 266
(772, 1888)(507, 1888) - 265
(772, 1889)(506, 1889) - 266
(772, 1890)(506, 1890) - 266
(772, 1891)(506, 1891) - 266
(771, 1892)(506, 1892) - 265
(771, 1893)(506, 1893) - 265
(772, 1894)(506, 1894) - 266
(772, 1895)(506, 1895) - 266
(772, 1896)(506, 1896) - 266
(772, 1897)(506, 1897) - 266
(772, 1898)(506, 1898) - 266
(772, 1899)(506, 1899) - 266
(772, 1900)(506, 1900) - 266
(772, 1901)(506, 1901) - 266
(772, 1902)(506, 1902) - 266
(772, 1903)(506, 1903) - 266
(773, 1904)(506, 1904) - 267
(773, 1905)(506, 1905) - 267
(773, 1906)(506, 1906) - 267
(773, 1907)(506, 1907) - 267
(773, 1908)(506, 1908) - 267
(773, 1909)(506, 1909) - 267
(773, 1910)(506, 1910) - 267
(773, 1911)(506, 1911) - 267
(773, 1912)(506, 1912) - 267
(773, 1913)(506, 1913) - 267
(773, 1914)(506, 1914) - 267
(773, 1915)(506, 1915) - 267
(773, 1916)(506, 1916) - 267
(773, 1917)(506, 1917) - 267
(773, 1918)(506, 1918) - 267
(773, 1919)(506, 1919) - 267
(773, 1920)(507, 1920) - 266
(773, 1921)(507, 1921) - 266
(773, 1922)(507, 1922) - 266
(773, 1923)(506, 1923) - 267
(773, 1924)(506, 1924) - 267
(773, 1925)(506, 1925) - 267
(773, 1926)(506, 1926) - 267
(773, 1927)(506, 1927) - 267
(773, 1928)(506, 1928) - 267
(773, 1929)(506, 1929) - 267
(773, 1930)(506, 1930) - 267
(773, 1931)(506, 1931) - 267
(773, 1932)(506, 1932) - 267
(773, 1933)(506, 1933) - 267
(773, 1934)(506, 1934) - 267
(773, 1935)(506, 1935) - 267
(773, 1936)(506, 1936) - 267
(773, 1937)(506, 1937) - 267
(773, 1938)(506, 1938) - 267
(773, 1939)(506, 1939) - 267
(773, 1940)(506, 1940) - 267
(773, 1941)(506, 1941) - 267
(773, 1942)(506, 1942) - 267
(772, 1943)(506, 1943) - 266
(772, 1944)(506, 1944) - 266
(772, 1945)(506, 1945) - 266
(772, 1946)(506, 1946) - 266
(772, 1947)(507, 1947) - 265
(772, 1948)(507, 1948) - 265
(772, 1949)(507, 1949) - 265
(772, 1950)(506, 1950) - 266
(772, 1951)(506, 1951) - 266
(772, 1952)(506, 1952) - 266
(772, 1953)(506, 1953) - 266
(772, 1954)(506, 1954) - 266
(772, 1955)(506, 1955) - 266
(772, 1956)(506, 1956) - 266
(772, 1957)(506, 1957) - 266
(772, 1958)(506, 1958) - 266
(772, 1959)(506, 1959) - 266
(771, 1962)(506, 1962) - 265
(771, 1963)(506, 1963) - 265
(771, 1966)(506, 1966) - 265
(772, 1967)(506, 1967) - 266
(772, 1968)(506, 1968) - 266
(772, 1969)(506, 1969) - 266
(772, 1970)(507, 1970) - 265
(772, 1971)(506, 1971) - 266
(772, 1972)(506, 1972) - 266
(772, 1973)(506, 1973) - 266
(772, 1974)(506, 1974) - 266
(772, 1975)(506, 1975) - 266
(772, 1976)(506, 1976) - 266
(772, 1977)(506, 1977) - 266
(772, 1978)(506, 1978) - 266
(772, 1979)(506, 1979) - 266
(772, 1980)(506, 1980) - 266
(772, 1981)(506, 1981) - 266
(771, 1982)(506, 1982) - 265
(771, 1983)(506, 1983) - 265
(771, 1984)(506, 1984) - 265
(771, 1985)(506, 1985) - 265
(771, 1986)(506, 1986) - 265
(771, 1987)(506, 1987) - 265
(771, 1988)(506, 1988) - 265
(771, 1989)(506, 1989) - 265
(771, 1990)(506, 1990) - 265
(771, 1991)(506, 1991) - 265
(771, 1992)(506, 1992) - 265
(771, 1993)(506, 1993) - 265
(771, 1994)(506, 1994) - 265
(771, 1995)(506, 1995) - 265
(771, 1996)(506, 1996) - 265
(771, 1997)(506, 1997) - 265
(771, 1998)(506, 1998) - 265
(771, 1999)(506, 1999) - 265
(771, 2000)(506, 2000) - 265
(771, 2001)(506, 2001) - 265
(771, 2002)(506, 2002) - 265
(771, 2003)(506, 2003) - 265
(771, 2004)(506, 2004) - 265
(771, 2005)(506, 2005) - 265
(771, 2006)(506, 2006) - 265
(771, 2007)(506, 2007) - 265
(771, 2008)(506, 2008) - 265
(771, 2009)(506, 2009) - 265
(771, 2010)(506, 2010) - 265
(771, 2011)(506, 2011) - 265
(771, 2012)(506, 2012) - 265
(771, 2013)(506, 2013) - 265
(771, 2014)(506, 2014) - 265
(770, 2015)(506, 2015) - 264
(770, 2016)(506, 2016) - 264
(770, 2017)(506, 2017) - 264
(770, 2018)(506, 2018) - 264
(770, 2019)(506, 2019) - 264
(770, 2020)(506, 2020) - 264
(770, 2021)(506, 2021) - 264
(770, 2022)(506, 2022) - 264
(770, 2023)(506, 2023) - 264
(770, 2024)(506, 2024) - 264
(770, 2025)(506, 2025) - 264
(770, 2026)(506, 2026) - 264
(770, 2027)(506, 2027) - 264
(770, 2028)(506, 2028) - 264
(770, 2029)(506, 2029) - 264
(770, 2030)(506, 2030) - 264
(770, 2031)(506, 2031) - 264
(770, 2032)(506, 2032) - 264
(770, 2033)(506, 2033) - 264
(770, 2034)(506, 2034) - 264
(770, 2035)(506, 2035) - 264
(770, 2036)(506, 2036) - 264
(770, 2037)(506, 2037) - 264
(770, 2038)(506, 2038) - 264
(770, 2039)(506, 2039) - 264
(771, 2040)(506, 2040) - 265
(771, 2041)(506, 2041) - 265
(771, 2042)(506, 2042) - 265
(771, 2043)(506, 2043) - 265
(771, 2044)(506, 2044) - 265
(771, 2045)(506, 2045) - 265
(771, 2046)(506, 2046) - 265
(771, 2047)(506, 2047) - 265
(771, 2048)(506, 2048) - 265
(771, 2049)(506, 2049) - 265
(771, 2050)(506, 2050) - 265
(771, 2051)(508, 2051) - 263
(771, 2052)(512, 2052) - 259
(771, 2053)(509, 2053) - 262
(771, 2054)(509, 2054) - 262
(771, 2055)(506, 2055) - 265
(771, 2056)(506, 2056) - 265
(771, 2057)(506, 2057) - 265
(771, 2058)(506, 2058) - 265
(771, 2059)(506, 2059) - 265
(771, 2060)(506, 2060) - 265
(771, 2061)(506, 2061) - 265
(771, 2062)(506, 2062) - 265
(771, 2063)(506, 2063) - 265
(771, 2064)(506, 2064) - 265
(772, 2065)(506, 2065) - 266
(772, 2066)(506, 2066) - 266
(772, 2067)(506, 2067) - 266
(772, 2068)(506, 2068) - 266
(772, 2069)(506, 2069) - 266
(772, 2070)(506, 2070) - 266
(772, 2071)(506, 2071) - 266
(772, 2072)(506, 2072) - 266
(772, 2073)(506, 2073) - 266
(772, 2074)(506, 2074) - 266
(772, 2075)(506, 2075) - 266
(772, 2076)(506, 2076) - 266
(772, 2077)(506, 2077) - 266
(772, 2078)(506, 2078) - 266
(772, 2079)(506, 2079) - 266
(772, 2080)(506, 2080) - 266
(772, 2081)(506, 2081) - 266
(772, 2082)(506, 2082) - 266
(772, 2083)(506, 2083) - 266
(772, 2084)(506, 2084) - 266
(772, 2085)(506, 2085) - 266
(772, 2086)(506, 2086) - 266
(772, 2087)(506, 2087) - 266
(772, 2088)(506, 2088) - 266
(772, 2089)(506, 2089) - 266
(772, 2090)(506, 2090) - 266
(772, 2091)(506, 2091) - 266
(772, 2092)(506, 2092) - 266
(772, 2093)(506, 2093) - 266
(772, 2094)(506, 2094) - 266
(772, 2095)(506, 2095) - 266
(772, 2096)(506, 2096) - 266
(772, 2097)(506, 2097) - 266
(772, 2098)(506, 2098) - 266
(772, 2099)(506, 2099) - 266
(773, 2100)(506, 2100) - 267
(773, 2101)(506, 2101) - 267
(773, 2102)(506, 2102) - 267
(773, 2103)(506, 2103) - 267
(773, 2104)(506, 2104) - 267
(773, 2105)(506, 2105) - 267
(774, 2106)(506, 2106) - 268
(774, 2107)(506, 2107) - 268
(774, 2108)(506, 2108) - 268
(773, 2109)(506, 2109) - 267
(773, 2110)(506, 2110) - 267
(773, 2111)(506, 2111) - 267
(773, 2112)(506, 2112) - 267
(773, 2113)(506, 2113) - 267
(773, 2114)(506, 2114) - 267
(773, 2115)(506, 2115) - 267
(773, 2116)(506, 2116) - 267
(773, 2117)(506, 2117) - 267
(773, 2118)(506, 2118) - 267
(773, 2119)(506, 2119) - 267
(773, 2120)(505, 2120) - 268
(773, 2121)(505, 2121) - 268
(773, 2122)(505, 2122) - 268
(772, 2123)(506, 2123) - 266
(772, 2124)(506, 2124) - 266
(772, 2125)(506, 2125) - 266
(772, 2126)(506, 2126) - 266
(771, 2127)(506, 2127) - 265
(771, 2128)(506, 2128) - 265
(771, 2129)(506, 2129) - 265
(771, 2130)(506, 2130) - 265
(771, 2131)(506, 2131) - 265
(771, 2132)(506, 2132) - 265
(771, 2133)(506, 2133) - 265
(771, 2134)(506, 2134) - 265
(771, 2135)(506, 2135) - 265
(770, 2136)(506, 2136) - 264
(770, 2137)(506, 2137) - 264
(770, 2138)(506, 2138) - 264
(770, 2139)(506, 2139) - 264
(770, 2140)(506, 2140) - 264
(770, 2141)(505, 2141) - 265
(769, 2142)(505, 2142) - 264
(769, 2143)(506, 2143) - 263
(769, 2144)(506, 2144) - 263
(769, 2145)(506, 2145) - 263
(769, 2148)(506, 2148) - 263
(769, 2149)(506, 2149) - 263
(769, 2150)(506, 2150) - 263
(769, 2151)(506, 2151) - 263
(769, 2152)(506, 2152) - 263
(769, 2153)(506, 2153) - 263
(769, 2154)(505, 2154) - 264
(769, 2155)(505, 2155) - 264
(769, 2156)(505, 2156) - 264
(769, 2157)(505, 2157) - 264
(769, 2158)(505, 2158) - 264
(769, 2159)(505, 2159) - 264
(769, 2160)(505, 2160) - 264
(769, 2161)(506, 2161) - 263
(768, 2162)(506, 2162) - 262
(768, 2163)(506, 2163) - 262
(768, 2164)(506, 2164) - 262
(768, 2165)(506, 2165) - 262
(768, 2166)(506, 2166) - 262
(768, 2167)(506, 2167) - 262
(768, 2168)(506, 2168) - 262
(768, 2169)(506, 2169) - 262
(768, 2170)(506, 2170) - 262
(768, 2171)(506, 2171) - 262
(768, 2172)(506, 2172) - 262
(768, 2173)(506, 2173) - 262
(768, 2174)(506, 2174) - 262
(768, 2175)(506, 2175) - 262
(768, 2176)(506, 2176) - 262
(768, 2177)(506, 2177) - 262
(768, 2178)(506, 2178) - 262
(768, 2179)(506, 2179) - 262
(767, 2180)(506, 2180) - 261
(767, 2181)(506, 2181) - 261
(767, 2182)(506, 2182) - 261
(767, 2183)(506, 2183) - 261
(767, 2184)(505, 2184) - 262
(767, 2185)(505, 2185) - 262
(767, 2186)(505, 2186) - 262
(767, 2187)(505, 2187) - 262
(767, 2188)(505, 2188) - 262
(767, 2189)(505, 2189) - 262
(767, 2190)(506, 2190) - 261
(767, 2191)(506, 2191) - 261
(767, 2192)(506, 2192) - 261
(767, 2193)(506, 2193) - 261
(767, 2194)(506, 2194) - 261
(767, 2195)(506, 2195) - 261
(767, 2196)(506, 2196) - 261
(767, 2197)(506, 2197) - 261
(767, 2198)(506, 2198) - 261
(767, 2199)(506, 2199) - 261
(767, 2200)(506, 2200) - 261
(767, 2201)(506, 2201) - 261
(767, 2202)(505, 2202) - 262
(768, 2203)(505, 2203) - 263
(768, 2204)(505, 2204) - 263
(768, 2205)(505, 2205) - 263
(768, 2206)(505, 2206) - 263
(768, 2207)(505, 2207) - 263
(768, 2208)(505, 2208) - 263
(768, 2209)(505, 2209) - 263
(769, 2210)(505, 2210) - 264
(769, 2211)(505, 2211) - 264
(769, 2212)(505, 2212) - 264
(769, 2213)(505, 2213) - 264
(769, 2214)(505, 2214) - 264
(769, 2215)(505, 2215) - 264
(769, 2216)(505, 2216) - 264
(770, 2217)(505, 2217) - 265
(770, 2218)(505, 2218) - 265
(770, 2219)(505, 2219) - 265
(770, 2220)(505, 2220) - 265
(770, 2221)(505, 2221) - 265
(770, 2222)(505, 2222) - 265
(770, 2223)(505, 2223) - 265
(771, 2224)(505, 2224) - 266
(771, 2225)(505, 2225) - 266
(771, 2226)(505, 2226) - 266
(771, 2227)(506, 2227) - 265
(771, 2228)(505, 2228) - 266
(771, 2229)(505, 2229) - 266
(771, 2230)(505, 2230) - 266
(771, 2231)(505, 2231) - 266
(771, 2232)(505, 2232) - 266
(771, 2233)(505, 2233) - 266
(771, 2234)(505, 2234) - 266
(770, 2237)(506, 2237) - 264
(771, 2238)(505, 2238) - 266
(770, 2239)(505, 2239) - 265
(770, 2240)(507, 2240) - 263
(770, 2241)(506, 2241) - 264
(770, 2242)(506, 2242) - 264
(770, 2243)(506, 2243) - 264
(770, 2244)(505, 2244) - 265
(770, 2245)(505, 2245) - 265
(770, 2246)(505, 2246) - 265
(770, 2247)(505, 2247) - 265
(770, 2248)(505, 2248) - 265
(770, 2249)(505, 2249) - 265
(770, 2250)(505, 2250) - 265
(770, 2251)(505, 2251) - 265
(770, 2252)(505, 2252) - 265
(770, 2253)(505, 2253) - 265
(770, 2254)(505, 2254) - 265
(770, 2255)(505, 2255) - 265
(770, 2256)(505, 2256) - 265
(770, 2257)(505, 2257) - 265
(770, 2258)(505, 2258) - 265
(770, 2259)(505, 2259) - 265
(770, 2260)(505, 2260) - 265
(770, 2261)(505, 2261) - 265
(770, 2262)(505, 2262) - 265
(770, 2263)(505, 2263) - 265
(770, 2264)(505, 2264) - 265
(770, 2265)(505, 2265) - 265
(770, 2266)(505, 2266) - 265
(770, 2267)(505, 2267) - 265
(770, 2268)(505, 2268) - 265
(770, 2271)(505, 2271) - 265
(769, 2272)(505, 2272) - 264
(769, 2273)(505, 2273) - 264
(769, 2274)(505, 2274) - 264
(769, 2275)(505, 2275) - 264
(769, 2276)(505, 2276) - 264
(769, 2277)(505, 2277) - 264
(769, 2278)(505, 2278) - 264
(768, 2279)(505, 2279) - 263
(768, 2280)(505, 2280) - 263
(768, 2281)(505, 2281) - 263
(768, 2282)(505, 2282) - 263
(768, 2283)(505, 2283) - 263
(767, 2284)(505, 2284) - 262
(767, 2285)(505, 2285) - 262
(766, 2286)(505, 2286) - 261
(765, 2287)(505, 2287) - 260
(765, 2288)(505, 2288) - 260
(765, 2289)(505, 2289) - 260
(764, 2290)(505, 2290) - 259
(764, 2291)(505, 2291) - 259
(764, 2292)(505, 2292) - 259
(763, 2293)(505, 2293) - 258
(763, 2294)(505, 2294) - 258
(763, 2295)(505, 2295) - 258
(763, 2296)(505, 2296) - 258
(763, 2297)(505, 2297) - 258
(763, 2298)(505, 2298) - 258
(763, 2299)(505, 2299) - 258
(763, 2300)(505, 2300) - 258
(763, 2301)(505, 2301) - 258
(762, 2302)(505, 2302) - 257
(762, 2303)(505, 2303) - 257
(762, 2304)(505, 2304) - 257
(762, 2305)(505, 2305) - 257
(762, 2306)(505, 2306) - 257
(761, 2307)(505, 2307) - 256
(761, 2308)(505, 2308) - 256
(761, 2309)(505, 2309) - 256
(761, 2310)(505, 2310) - 256
(761, 2311)(505, 2311) - 256
(761, 2312)(505, 2312) - 256
(761, 2313)(505, 2313) - 256
(761, 2314)(505, 2314) - 256
(761, 2315)(505, 2315) - 256
(760, 2316)(505, 2316) - 255
(760, 2317)(505, 2317) - 255
(760, 2318)(505, 2318) - 255
(761, 2319)(505, 2319) - 256
(761, 2320)(505, 2320) - 256
(761, 2321)(505, 2321) - 256
(761, 2322)(505, 2322) - 256
